0.9402824685
0.9438167939
0.9413188143
0.9496674728
0.9603630862
0.957980653
0.9656729901
0.9707398423
0.9605663825
0.9722307456
0.9676829268
0.9673432016
0.977210156
0.97321972
0.9762157249
0.9603704828
0.9595683235
0.9583713157
0.9524893746
0.9500910194
0.9498489426
0.9594513114
0.9695454545
0.9688868751
0.967193558
0.9701804085
0.9713475601
0.9665021684
0.9616989568
0.9668953176
0.9642058166
0.9638698119
0.9528654796
0.9486030181
0.9430737218
0.9501339684
0.9563527653
0.9573927343
0.9466426859
0.9448307134
0.9340377358
0.9388220971
0.9447824764
0.9498704861
0.9509893455
0.9536685402
0.956304051
0.9668894289
0.9672605451
0.9695121951
0.9687595245
0.9622900763
0.9566213533
0.9533079848
0.9552148171
0.9536574284
0.9529464823
0.9644095913
0.9650075415
0.959155991
0.9601877081
0.9570347958
0.9471299094
0.9555589033
0.9535232384
0.9495810892
0.9479135395
0.9453453453
0.9402426239
0.937190826
0.9447944794
0.9488517745
0.9485842027
0.9508515088
0.9505878851
0.9562389119
0.9684852089
0.9639666468
0.9619557141
0.9637466706
0.9619356742
0.9574907749
0.963445316
0.9591987038
0.9638624726
0.9625691815
0.9612268519
0.9605110337
0.9598492535
0.9730869945
0.9785714286
0.9767611809
0.9778554779
0.9732846715
0.9726067317
0.9730560843
0.9719708029
0.9843016432
0.9741556535
0.9699589683
0.9633308985
0.9602562236
0.9633269767
0.9554608261
0.9569067296
0.9606890459
0.9569702328
0.9547544875
0.9528385571
0.9582411096
0.9676660788
0.9671361502
0.9719681322
0.9702459862
0.9697102722
0.971349218
0.968745436
0.9626701801
0.9590140023
0.9618365258
0.9556303998
0.9538099441
0.9619397502
0.9693667158
0.9701162962
0.9690706538
0.9670926987
0.9707662779
0.9650533704
0.9846743295
0.978642481
0.9792981941
0.9798529412
0.9763513514
0.9782288909
0.9795407713
0.977827051
0.9755555556
0.9737894269
0.9820687611
0.9787959668
0.9709345655
0.9671886652
0.9665767386
0.9743744347
0.9768037355
0.9800483676
0.9748789346
0.9722515458
0.979085164
0.9847822812
0.9789410349
0.9761229667
0.9824169274
0.980239521
0.9812030075
0.9818263743
0.9749962569
0.9643334819
0.9645031932
0.9626237258
0.9630618603
0.9586471718
0.9587598279
0.9509862522
0.9546746447
0.9522240527
0.947556615
0.9469039785
0.9464205313
0.9413428614
0.9456229459
0.9550679206
0.9498661113
0.9587197128
0.9643762111
0.9606733204
0.964807635
0.9645991373
0.9665482534
0.9612208788
0.96460047
0.9646278556
0.9576321228
0.9527953976
0.9536355608
0.9492978566
0.9545454545
0.9582291513
0.9578544061
0.9609777647
0.9597591423
0.9564518486
0.9577898285
0.9587432095
0.9664845711
0.972826087
0.9757138652
0.971214569
0.9722017944
0.9621947632
0.963622975
0.9666519109
0.9589447162
0.9632810187
0.9623511905
0.9626475422
0.966344006
0.9597385233
0.9604385835
0.9609986704
0.9587810982
0.959027266
0.9475776763
0.950375497
0.9380882353
0.9356399355
0.9417903866
0.9453985029
0.9331284753
0.9389402613
0.937619538
0.9411677971
0.9415135929
0.9424007035
0.9407461595
0.9465201465
0.9391367959
0.9394740708
0.9353940815
0.9349320076
0.9317251462
0.9331084055
0.9272727273
0.9321213898
0.9320317087
0.9397110849
0.938688283
0.9372421921
0.9386302994
0.9375554898
0.9370670597
0.9397430217
0.9436723832
0.9437970202
0.9400383991
0.9365759905
0.9410545024
0.9429122183
0.9483623488
0.9500443393
0.9493933116
0.9501107011
0.9502656434
0.9497058824
0.9438086854
0.9400961959
0.9348803481
0.9463818657
0.9494406509
0.950253073
0.9552951389
0.9536606624
0.9514281572
0.9559124088
0.9537050517
0.9553064493
0.9588981198
0.9565280605
0.9677934136
0.9662171959
0.9618785331
0.9646069046
0.9634093219
0.9642702155
0.9557445582
0.9432572914
0.9396725079
0.9379498992
0.9400286944
0.9136534568
0.9193571739
0.9152542373
0.9126562276
0.9195385725
0.9124045527
0.9209039548
0.91536684
0.9166787004
0.913685735
0.9121102248
0.9146146
0.915987187
0.9156013945
0.9170172639
0.9125199478
0.9128093159
0.915497076
0.9053738318
0.8931686047
0.8915906788
0.8883565621
0.8924013921
0.8815598724
0.8837412587
0.8822335025
0.874000872
0.8776193248
0.8875946418
0.897260274
0.8953657826
0.9000292312
0.8999414005
0.8997946009
0.8992190953
0.8899500441
0.8915821948
0.8961058046
0.8907352941
0.8886767514
0.8862573099
0.8911078717
0.8928623346
0.8924981792
0.8906340896
0.8788756882
0.8810387349
0.8803195352
0.8786604813
0.8754903385
0.8754738991
0.8751096812
0.8720538721
0.8727512067
0.8804299809
0.8831437435
0.8801247772
0.8819084309
0.8802244868
0.8743733412
0.8733058338
0.8793027035
0.871824989
0.8671091445
0.8676709496
0.8657688323
0.8607782216
0.8713945882
0.8846556103
0.8854151085
0.8853778506
0.8715117147
0.8706549306
0.8685978796
0.860077404
0.8627043091
0.8518959108
0.8561460808
0.8508312116
0.8579997001
0.8586614763
0.8608656582
0.8626092196
0.8638901464
0.8560264503
0.8602134375
0.8581709145
0.8693361433
0.8558814726
0.8534585569
0.8554127898
0.8609673125
0.8694046388
0.8744825547
0.8685570817
0.8644067797
0.8724534987
0.8769637351
0.8799177921
0.8878725288
0.8915274113
0.8820512821
0.8873529412
0.8874152667
0.8794860434
0.8831553974
0.8854135784
0.8898756661
0.8904656319
0.892084198
0.8848260548
0.8878850711
0.8877338877
0.8793565684
0.8779147483
0.873427091
0.8739284659
0.8699511762
0.8725359419
0.8678322714
0.8674090572
0.8700163035
0.8620995128
0.8509821297
0.857437408
0.8619320688
0.8599062134
0.8580228806
0.8658072077
0.8664802002
0.8697708795
0.8612845674
0.8633050721
0.8625942908
0.8678741093
0.868225134
0.8715623606
0.8700371747
0.8577995255
0.8629690049
0.8596022559
0.8636566167
0.8653903235
0.8726171125
0.8742992033
0.8698539177
0.8698478357
0.8577968104
0.8504159239
0.8509593931
0.8533907108
0.8473169286
0.8460282108
0.8469493278
0.8464821902
0.8472161011
0.8478997789
0.8423150746
0.8378018071
0.8234425745
0.8212967065
0.8276831976
0.8272390822
0.8248294275
0.8159381505
0.8088671412
0.8062211639
0.8052795492
0.7982182628
0.8069888476
0.8107142857
0.8156565657
0.8184386617
0.8226674641
0.8243060765
0.8146700737
0.8243018868
0.8132330827
0.802629613
0.8018867925
0.8027364306
0.8051089406
0.801381174
0.8046063526
0.8050924523
0.8029407306
0.7950508578
0.7886425752
0.7891703322
0.78808948
0.7983675937
0.7958906179
0.7962092494
0.7871662621
0.7925880738
0.800764526
0.8024502297
0.7907968917
0.7989263804
0.7983154671
0.8061005518
0.806950398
0.8104294479
0.8129241209
0.8145336226
0.8041030387
0.8053452804
0.8023183926
0.8085700978
0.8072495333
0.8086861768
0.7986608533
0.7922098076
0.8135435993
0.8054997683
0.8062182546
0.8103872157
0.8023363049
0.8074131274
0.8086087625
0.8303695686
0.8400494056
0.8365992902
0.8353966071
0.836750306
0.8281036835
0.8242748092
0.8277599634
0.8190939495
0.8203883495
0.829101414
0.8255565721
0.8280536095
0.8352099817
0.8439068918
0.8434466019
0.8447883477
0.8445384499
0.8436083409
0.8295829583
0.8349572778
0.8372789931
0.8345774858
0.8437921222
0.8479988008
0.8570143885
0.846004481
0.8416492381
0.8365384615
0.839635331
0.8339079598
0.8318304779
0.8371987952
0.8337112623
0.8400120974
0.842375699
0.8347095031
0.8351714761
0.8244101633
0.8210034654
0.8169374248
0.8163663664
0.8230075188
0.8211771754
0.8289001793
0.8266726538
0.8309222423
0.8290804771
0.8248527857
0.80945191
0.810034759
0.8198143357
0.81205296
0.8087740752
0.8029074216
0.8161379735
0.8117520712
0.8055726601
0.8059609771
0.8061884236
0.8066400246
0.798013751
0.8025390028
0.807343678
0.8174222497
0.8178869323
0.8071395457
0.7971995692
0.7896776193
0.7891072257
0.7868522815
0.7892042811
0.777091695
0.7703207723
0.7705506161
0.776348808
0.7812059514
0.784114053
0.7782677165
0.7715361682
0.7789078391
0.7778816199
0.7790679429
0.7730474253
0.7742493319
0.7695823483
0.7632369211
0.7665142677
0.7676211454
0.7715184894
0.7771866688
0.7725993119
0.7702597605
0.7871542429
0.7950960487
0.7933187637
0.7978756639
0.7881395713
0.7875801658
0.7906472592
0.8014830836
0.7813564571
0.7791344668
0.7812354854
0.780348604
0.7839629915
0.7828089025
0.794054551
0.7969061112
0.7968726046
0.7970525023
0.7997533529
0.7971930907
0.804431451
0.8098765432
0.8074418605
0.8046887129
0.8029670839
0.8045552478
0.8112135177
0.8101809261
0.8123559244
0.8064068997
0.8056158858
0.802690583
0.8058732612
0.803210372
0.7938556068
0.7901558401
0.7771454937
0.7803716787
0.7783925004
0.7795468463
0.7850723534
0.7874638673
0.7966924594
0.7942874506
0.7977442463
0.8029429612
0.800212863
0.8014324901
0.8037741639
0.7992023316
0.7931616069
0.7894576478
0.7859317905
0.7839478076
0.7900485437
0.7852267556
0.7745471152
0.7721078134
0.7735049205
0.78316712
0.7825298474
0.7779122542
0.7731425091
0.7763578275
0.7750759878
0.7725400458
0.7696303086
0.7798094653
0.7817930186
0.7801538462
0.7905010759
0.7915896488
0.7830246914
0.7842137782
0.783184478
0.7799631223
0.7776755596
0.7753445636
0.773596451
0.7794478528
0.7940408539
0.7971770482
0.7920489297
0.7888719512
0.7917690418
0.7968390364
0.7867262088
0.7928219347
0.7970167615
0.7996927803
0.8080329872
0.8110393604
0.8264488286
0.82280241
0.8202508128
0.8254971481
0.8199599569
0.8172440339
0.8153395965
0.8148661127
0.8187577256
0.8236293436
0.8216501241
0.8188304638
0.8125
0.8098350451
0.8134537527
0.8144668859
0.8027508596
0.8141135972
0.8061543268
0.8067042607
0.8059117923
0.7869032663
0.7806948593
0.7725133354
0.7773063021
0.762884978
0.7702936097
0.7763467881
0.7703191322
0.7695343331
0.7787428932
0.7784939475
0.7756701677
0.780740276
0.7820150659
0.7928772259
0.7936582318
0.7842830307
0.7875842609
0.7813771518
0.784463895
0.8035519551
0.8034455756
0.8062843676
0.8033459596
0.8007554297
0.8014206788
0.7980829667
0.7989926019
0.7950897073
0.7928425035
0.7961883761
0.7965593434
0.8004765687
0.8116126974
0.8081756004
0.8087954111
0.8184424271
0.8224493054
0.8238209432
0.8230485655
0.8331463376
0.8308893848
0.826619965
0.8238284353
0.8297297297
0.8295165394
0.8296922341
0.8266922708
0.8278950736
0.8273105213
0.8299744082
0.8318471338
0.8262040558
0.8183973447
0.819726286
0.8168348045
0.8104965431
0.8145872716
0.8159798679
0.8102362205
0.8128156566
0.8088350888
0.8156328321
0.8145705762
0.8100140384
0.8128333856
0.8123130216
0.8070258349
0.7977261961
0.8055511499
0.8105783017
0.810815122
0.8139907155
0.8122103244
0.8135835852
0.8134161887
0.8105095541
0.8224493054
0.8228900256
0.8294239668
0.8293384468
0.8361780188
0.8382047596
0.8348506628
0.831790616
0.8255461649
0.8234360114
0.8239808153
0.8290364164
0.8305905131
0.8326622645
0.8354511822
0.8325857097
0.8332264272
0.8318042813
0.8261078227
0.8161670918
0.8037783775
0.8057188245
0.8094555874
0.8168024277
0.8133887202
0.8188242853
0.8108108108
0.817396866
0.815592681
0.810062092
0.8092209857
0.8238853503
0.8214342503
0.8257129202
0.8251470354
0.8222398729
0.8223035317
0.817688378
0.8216458533
0.8265700483
0.8295271792
0.8274867852
0.8243910205
0.8278988389
0.8263216384
0.8264031621
0.8338349438
0.8303982231
0.8247112799
0.8262732032
0.8293460925
0.8324315722
0.8305111568
0.832594235
0.8303741281
0.8386281018
0.8378037236
0.8378548896
0.8397212544
0.841133397
0.8411483254
0.8501592357
0.8510366826
0.8540868455
0.8521351179
0.845285419
0.8450502152
0.8426234715
0.8402999362
0.8428275092
0.845357541
0.8500397141
0.8472640761
0.843383053
0.8424299953
0.8469291339
0.8472681467
0.8482942934
0.8485943144
0.8477508651
0.8509404389
0.8519561815
0.8487972509
0.8431280364
0.8441517717
0.8416783653
0.8380193689
0.8442391985
0.8468779416
0.8443817583
0.8486180905
0.8503838321
0.8483715132
0.8499689055
0.8522674147
0.8542737039
0.8544776119
0.8525551953
0.8527370856
0.854003381
0.8562672387
0.8577572965
0.8518234753
0.8546680975
0.8617575015
0.8654082259
0.8680374405
0.8647822765
0.8725939505
0.8806861694
0.8772413793
0.8811896367
0.8751340585
0.875
0.8723894349
0.8771687394
0.875
0.867904099
0.8622022889
0.8720445063
0.8712062856
0.8726134107
0.8730424206
0.8714828897
0.8640703137
0.8538660185
0.8523723179
0.8557108141
0.8517058378
0.8590409285
0.8572741194
0.8503973105
0.8469620831
0.8593845216
0.8602540835
0.8616600791
0.8521964613
0.8590490798
0.8627481151
0.8557366964
0.849137931
0.853368356
0.8578484334
0.8581038798
0.8596991291
0.8427633636
0.8484943538
0.8504999206
0.8493710692
0.859662939
0.8603104213
0.8584155266
0.8542458809
0.8448275862
0.8354470514
0.8460324972
0.8431279621
0.8425853122
0.8497009758
0.8432170239
0.8409695074
0.8468974119
0.8506159364
0.852533837
0.8572996707
0.8460462949
0.8415965076
0.8462017435
0.8454121306
0.8607614608
0.8588345279
0.8592361652
0.8578553616
0.859545313
0.8507532226
0.8525540583
0.8526497877
0.8529090625
0.8561151079
0.8597704763
0.8660347551
0.8772821083
0.8720101378
0.8682587379
0.8655701408
0.8648776638
0.8674641901
0.8598836295
0.8595158994
0.8633983817
0.8591282375
0.8572103275
0.8580675718
0.8611551888
0.8582502769
0.8658614113
0.8691499522
0.8711167755
0.8774728781
0.8739415242
0.875778381
0.8700906344
0.871013803
0.8666137986
0.8683918082
0.8688836105
0.8632653061
0.8653029111
0.8669272869
0.8668652972
0.865279299
0.8698919681
0.8700626959
0.8704251674
0.8695652174
0.8656856606
0.8648690773
0.8709677419
0.8718108276
0.8755451713
0.872826087
0.8807596513
0.8849224988
0.880257376
0.8850828729
0.8828445285
0.8866141732
0.8930438916
0.8948037502
0.8840304183
0.8875852228
0.8866288237
0.889099227
0.8800125806
0.8818711608
0.8755702375
0.8815479
0.8771325716
0.8726055132
0.8701945525
0.8754098361
0.878010635
0.8765644556
0.8796875
0.8728945727
0.8720821662
0.8787690395
0.881030445
0.8840330888
0.8763349327
0.8775827249
0.8781434337
0.871237977
0.8717590436
0.8722712494
0.8718067812
0.8759135438
0.8796049538
0.8895550647
0.8819356873
0.8832966342
0.8864924433
0.885669538
0.898003743
0.8965194319
0.8996404565
0.8953903461
0.9020275499
0.9018669958
0.8981068185
0.8969910961
0.8999080319
0.9079189687
0.9071088592
0.9021622451
0.8979310345
0.9004117737
0.9005171889
0.8985838282
0.902607362
0.8983566646
0.8991275065
0.8935262757
0.8858225929
0.8973309069
0.897108067
0.8982381531
0.8985551331
0.9039816233
0.902509948
0.9020327067
0.9051593323
0.9008214177
0.899117468
0.894122993
0.8998487141
0.9009632751
0.8997440915
0.9047619048
0.9044205496
0.908099223
0.9048900852
0.9043581734
0.9113022842
0.9068736142
0.906548933
0.9056381569
0.900352216
0.9022280856
0.8902313246
0.8767891397
0.8808359271
0.8826048435
0.8793180133
0.8789224393
0.8759253776
0.8784023669
0.880543527
0.8797159343
0.8817093006
0.8801354734
0.8800645919
0.8819729888
0.8884971353
0.890689452
0.8857227226
0.8850354191
0.8852893536
0.8862355384
0.8817393859
0.888138579
0.8818221511
0.8775569418
0.8771063335
0.8783314021
0.8905545044
0.8904368016
0.891629189
0.8935117835
0.898928468
0.8966618287
0.9039441129
0.8953100044
0.8987965782
0.8972394855
0.8977484583
0.8968208913
0.8958362939
0.8958656695
0.8978441595
0.891676009
0.8965469229
0.8975895221
0.9000833797
0.9000416493
0.8927636113
0.8841219479
0.890319047
0.8925023813
0.8874359666
0.8853786958
0.9015742642
0.905785124
0.9067051388
0.9016753639
0.8998616874
0.8930584192
0.8936111873
0.8998083767
0.906408673
0.9038565997
0.893748323
0.8940029782
0.8937066739
0.8962084015
0.8980779643
0.897719606
0.8925277369
0.8952023586
0.8997453424
0.8993584603
0.9011003757
0.9082007344
0.9007602498
0.9022597332
0.9008851931
0.8999459167
0.8972630444
0.9079588522
0.9133135296
0.9112330968
0.9113754846
0.9099678457
0.9162395468
0.9024791125
0.903008655
0.9080094066
0.9099793531
0.9058807365
0.9074202979
0.9102137108
0.9126851076
0.9130373502
0.9145383104
0.9188655284
0.9211554563
0.9276251569
0.9166321601
0.9194463668
0.9225225225
0.9170054675
0.9130128296
0.9126118568
0.9101249824
0.9049221708
0.9112484202
0.9072524407
0.9079276773
0.909391808
0.9102741623
0.9097452935
0.9150034892
0.9151414309
0.9158188153
0.9166083671
0.9268566615
0.9203041397
0.9155862458
0.9131774261
0.8978824185
0.8987093154
0.8937508738
0.8987113759
0.8905603091
0.8898611111
0.8825151682
0.880543732
0.8884014258
0.8930921053
0.8998499113
0.8986061766
0.9048991354
0.9040871935
0.9101583834
0.9051594362
0.9075262942
0.9091776899
0.9069579288
0.9172608637
0.9205531453
0.9175118323
0.9146785281
0.9133143709
0.9138257576
0.9194223242
0.9187112429
0.9164434922
0.9133126935
0.9183098592
0.9184840426
0.919978661
0.9216317767
0.9122969225
0.9128252543
0.9124106907
0.9136195019
0.9082049256
0.9076943277
0.9137612256
0.9195629279
0.9191550398
0.9177041017
0.9150574113
0.9248228811
0.9238032787
0.9232786885
0.925091671
0.9321565011
0.9339911988
0.9340425532
0.9447329871
0.9458483755
0.938268341
0.9399423026
0.939362121
0.9336023955
0.9359324237
0.9371659497
0.9345511894
0.9389958377
0.941314554
0.9412760417
0.9427938494
0.9491614948
0.9433070866
0.9430024782
0.9448077426
0.9391699092
0.9467239807
0.9482288828
0.9560639542
0.9654583662
0.9601983557
0.9611990657
0.9686844864
0.9678473402
0.9759883258
0.9775029601
0.9754882684
0.9854304636
0.9848866499
0.9841692164
0.9880697051
0.9768339768
0.9739314543
0.9703112739
0.972091195
0.9691462936
0.9720005234
0.9691869498
0.9743523316
0.9728296028
0.9777119299
0.9846272098
0.9892293884
0.9904712851
0.9907928389
0.9881799695
0.9931192661
0.9900649599
1.0005146018
0.9997404957
0.9915562484
0.98112962
0.9895766311
1.0049344241
1.0107652399
1.0175138267
1.0156434863
1.0175026123
1.0307509568
1.0130684091
1.0116710875
1.0155495979
1.0207191552
1.0161376367
1.020938917
1.0220422255
1.0331117021
1.0380521554
1.038288883
1.0407436709
1.0372172541
1.0432667017
1.0456154149
1.0459891635
1.049508893
1.0291941343
1.0323140606
1.036293539
1.0304365238
1.0350100604
1.0339572193
1.0353035571
1.024327957
0.9982606369
1.0014672536
1.001186396
0.9997354847
1.0073888376
0.9927181252
0.9754130866
0.979556387
0.980413058
0.9884015465
0.9935656836
0.9965558352
0.9964076637
1.0034528552
1.0026627613
1.0032154341
0.9849773996
0.9804955192
0.9791884817
0.985092193
0.9997379112
1.0052410901
0.9961887239
0.9909294071
0.996206671
1.0083945435
1.0114224997
1.0143597926
1.0277071343
1.0085435856
0.9860196263
0.9963646156
1.0005380683
1.004173398
0.9971610112
0.9960640608
0.9925352877
0.9959194777
0.9918765232
0.9930969139
0.9893340626
0.9854893908
0.9890320812
0.9894172622
0.9973986857
1.0057589469
0.9962799669
0.9752454709
0.9642111127
0.9660194175
0.9669490349
0.9632937893
0.9592205985
0.9525259516
0.9546213808
0.9624174009
0.9484931507
0.9623987924
0.9545081967
0.9720923838
0.9679320269
0.9716456383
0.9735262009
0.9747784594
0.9690834473
0.9497275204
0.9359096476
0.9372892785
0.9505176819
0.9423491379
0.938440678
0.9458174905
0.9443231441
0.9435517099
0.9514363885
0.946969697
0.9432146295
0.9410721593
0.9406629382
0.931198263
0.9364193329
0.9398415469
0.9434929198
0.9389128095
0.9314754981
0.9286191686
0.9403920523
0.9442900622
0.9436638388
0.9473057063
0.9543113693
0.9503555439
0.9527766785
0.9609447157
0.958013245
0.957958752
0.9565677966
0.9562263165
0.9584041857
0.957978793
0.9444223898
0.9417028556
0.937689769
0.9445331205
0.9308645264
0.9269394261
0.9260979169
0.9311993625
0.9378079638
0.9301896733
0.9249146758
0.9267843034
0.9356908972
0.9432446668
0.9410836402
0.9441577346
0.9507126682
0.9384655669
0.9391565479
0.9341434731
0.9344476365
0.938439606
0.9388046156
0.9374754742
0.9194306607
0.9200365249
0.9198638209
0.9227540984
0.9232392509
0.9291348935
0.9203817492
0.9043161726
0.8961528464
0.8987276032
0.8931926393
0.8986460348
0.8830416881
0.8986852282
0.9050402702
0.9082805839
0.9023122889
0.8985824742
0.9052440291
0.9070098293
0.903982472
0.906490508
0.9122829418
0.9092415551
0.908373632
0.9131431482
0.9088713777
0.9164566532
0.9146680131
0.9156504065
0.9143325763
0.9114498048
0.9152840623
0.9206706707
0.9199498118
0.9190038989
0.9137735134
0.9165725756
0.9153094463
0.9114988702
0.9139272271
0.9151002116
0.9185194386
0.9135115071
0.9114742105
0.9140088322
0.9135393672
0.9097552064
0.909068747
0.9121134336
0.9136725935
0.9148884578
0.9135206851
0.9135758012
0.9039379475
0.909623431
0.9087534427
0.9148910701
0.9173731343
0.9278586029
0.9231228363
0.9347177467
0.938389197
0.9369552239
0.9285206259
0.9341246291
0.9278472058
0.9339856183
0.9299587993
0.9303317536
0.9163597481
0.920071048
0.9244698594
0.9325182788
0.9321402834
0.9358773095
0.9236874237
0.9207690424
0.9196865818
0.9325221239
0.9348848725
0.9350887936
0.9339190694
0.9337496939
0.9381836058
0.9402581438
0.9508400747
0.9444102058
0.9454075987
0.9470931647
0.9487709905
0.9377961366
0.9374172584
0.9406464015
0.9417029511
0.9387057387
0.9388555324
0.9418388813
0.9339016555
0.9276902406
0.9276507782
0.9193722295
0.9205091258
0.9259304454
0.9229739596
0.9252473433
0.9335956714
0.9372994322
0.9402439024
0.9426540865
0.9451106441
0.9542266519
0.9614478741
0.9610986826
0.9605947955
0.9573283859
0.9611614344
0.9555224251
0.9626623377
0.9660718774
0.9557577268
0.9615913925
0.9697645601
0.9716759431
0.9728495619
0.9702043832
0.972353087
0.9682247577
0.9703384615
0.975558573
0.9768842985
0.9757064948
0.9764384921
0.976317421
0.9771802146
0.9746300211
0.9706137632
0.9739952719
0.9741665642
0.97406588
0.9697264438
0.9546983898
0.9499458549
0.9552184904
0.9501388386
0.9532079112
0.955354994
0.9527018895
0.9540105668
0.9511014282
0.9506187673
0.9376137881
0.9393939394
0.9400365631
0.9408023483
0.9352648806
0.9389071437
0.9354058304
0.9350018224
0.9367675781
0.9365466748
0.9349524042
0.9372635176
0.9452407203
0.9572628458
0.958601884
0.9631188119
0.956672874
0.9566136251
0.9568255553
0.9570293095
0.9612239841
0.9603518771
0.9662379421
0.9654275093
0.9690850162
0.9690193629
0.9757074881
0.9824186864
0.977301229
0.9705218264
0.9724965621
0.972384625
0.9615765989
0.9561881188
0.9600346449
0.967677524
0.9580052493
0.9608536431
0.959339263
0.9582489879
0.9596316387
0.9557321226
0.9536440571
0.9550377834
0.9621355547
0.9643263757
0.9633713561
0.9576016056
0.9561667923
0.9483773963
0.9366109309
0.9399875234
0.943021367
0.9532163743
0.9601946593
0.9569771792
0.9641244355
0.9525237381
0.9562594268
0.9586569782
0.9525696594
0.9558222992
0.958708246
0.9579479591
0.9595176572
0.9609201088
0.9517657192
0.9468819325
0.9450387311
0.9405113078
0.9343638817
0.9353056715
0.932605188
0.9301575487
0.9214028106
0.9149462233
0.9096718692
0.9033557047
0.9091461193
0.9111057576
0.9048424103
0.90881606
0.9146237346
0.9169604863
0.9144319844
0.9215230167
0.9287275376
0.9308497687
0.9310092638
0.9321533923
0.93202566
0.9361597239
0.9279510703
0.9246724891
0.9300206536
0.9367180858
0.9374469633
0.9349256641
0.9285367629
0.9231049563
0.9269622093
0.9308395478
0.9229574773
0.9203211119
0.9215827338
0.9196568805
0.9197365211
0.9105543452
0.9091018541
0.9051610586
0.9037382061
0.9015574842
0.907773386
0.9006226054
0.891605056
0.892535545
0.9006505027
0.9088640684
0.9124643197
0.9113803754
0.9124243503
0.9117994798
0.9100211715
0.915282392
0.9063754427
0.9111006029
0.9091016829
0.9054485285
0.8947368421
0.8992982456
0.9008650924
0.8916141089
0.8861855188
0.8860522309
0.8883386393
0.8927225624
0.8890711023
0.8866829212
0.8889277389
0.8943175161
0.8930342385
0.8952223273
0.8884190745
0.892114232
0.8846425212
0.8844803371
0.8856027446
0.8938441466
0.8847469624
0.8825404321
0.8815572806
0.8872774437
0.8857447312
0.8918597742
0.8895294118
0.8824218293
0.8863024915
0.8836496522
0.8834101927
0.8776326627
0.8740278105
0.8732560889
0.8683586338
0.8715050565
0.8734853885
0.8702253855
0.8680522565
0.8703307162
0.8691187007
0.8725993081
0.8721096544
0.8706538507
0.8710175939
0.8699917267
0.865128869
0.864659011
0.8658079625
0.8591121495
0.8603918824
0.8635673403
0.8630632734
0.8682089029
0.8686868687
0.8705010994
0.8718067275
0.8655627605
0.8688353786
0.8699676076
0.8705665592
0.8695151445
0.8699907877
0.8643576972
0.8601341971
0.8636681426
0.8607847744
0.856225181
0.8515971089
0.8492304104
0.8527936545
0.852212701
0.8478564772
0.8522396742
0.8528249244
0.8539168898
0.85453284
0.8578802478
0.87037468
0.877665152
0.8810052601
0.871771003
0.8769266427
0.8726025805
0.8752900232
0.8734646582
0.8748835042
0.8776969981
0.8708551483
0.861361015
0.8661453542
0.8679681183
0.8665977249
0.8665593006
0.8630672028
0.8576993584
0.8654703395
0.8582820688
0.8624671316
0.8600941122
0.8496335318
0.8557116536
0.8523590334
0.8469376073
0.8520915184
0.8540559279
0.8527918782
0.8545791363
0.8563638473
0.8502131582
0.8508661237
0.8472827333
0.8452708907
0.8521588946
0.8519755789
0.8441751458
0.8455238312
0.8450544465
0.8453701607
0.8438244301
0.8441350981
0.841881813
0.8496641186
0.8514564233
0.8488156061
0.8507254788
0.8505893229
0.8532608696
0.8508478487
0.8451194064
0.8396698058
0.8347694457
0.8375451264
0.8330807786
0.8293081321
0.8245880566
0.8289458289
0.82721838
0.8302325581
0.8350623616
0.841543514
0.8403635516
0.8454830834
0.8426758939
0.8345001722
0.8343276732
0.8397068926
0.840413318
0.838021674
0.8388210914
0.8436105709
0.8434574104
0.8488292794
0.8405201916
0.847239613
0.8463547581
0.8433680398
0.8495774648
0.8504882703
0.850828111
0.84844098
0.8430851064
0.8527491979
0.8541851196
0.8536342516
0.8545373665
0.8514436853
0.8539189784
0.8554932366
0.8545938158
0.8492753623
0.8505938506
0.8464019575
0.8589829749
0.8500561167
0.8415985671
0.8463259143
0.8445118526
0.8404703794
0.83973862
0.8383068081
0.8386246292
0.8289270764
0.8233998017
0.8266461471
0.8284173454
0.8258978363
0.8243663851
0.8341008649
0.829956825
0.8203691496
0.8209485727
0.8211942622
0.8251873392
0.8292326705
0.827233947
0.8242322725
0.8157894737
0.8205329154
0.8224194092
0.8209357119
0.8226584408
0.8177737882
0.8159215074
0.8268909435
0.8242014197
0.823887536
0.8232351306
0.8300122454
0.8364870882
0.8409448819
0.8520743596
0.8546115402
0.8531341933
0.8495375592
0.8494331066
0.846345892
0.8492855523
0.8515244248
0.856232214
0.8606005252
0.8598333524
0.8646650745
0.8653889771
0.8664933303
0.8668250735
0.8658371041
0.8610547667
0.8571911251
0.8632623154
0.8539313276
0.8532017495
0.8578305161
0.8644507042
0.8597396768
0.8553416639
0.858957069
0.859490275
0.8530498041
0.854518819
0.8530233598
0.8505913859
0.8478381683
0.8471450789
0.8384914032
0.8424558677
0.844197668
0.8473146915
0.8438295517
0.8479150536
0.8537584413
0.8570952328
0.8467750857
0.8430284192
0.8441209406
0.8424887892
0.84049217
0.8435503754
0.842734279
0.8401029428
0.8428874735
0.8469514257
0.8487271908
0.8454748603
0.8407643312
0.8396784638
0.8395405888
0.8357294105
0.8307624015
0.8334263704
0.8352849336
0.8346227156
0.8395800406
0.8400586114
0.8356025655
0.836741573
0.8433393747
0.8459702171
0.8522598228
0.8543468366
0.8584766025
0.8577443951
0.8582318808
0.8588088768
0.8528849398
0.8549825076
0.8546315078
0.8551980198
0.8574153018
0.8599709205
0.8657589738
0.8696286323
0.8779188393
0.8789599182
0.8694080434
0.8713721062
0.8743797925
0.8700067705
0.8679990967
0.8666139598
0.8682771194
0.8710154827
0.8714822832
0.8749714807
0.88003663
0.8833448039
0.8829262699
0.8858317159
0.8846768669
0.8835942818
0.8824062535
0.8853200633
0.8913018761
0.9003538409
0.9056560568
0.9030081208
0.8965556569
0.9042699725
0.9079007809
0.9030108021
0.9019967868
0.9049267336
0.906812933
0.9051913516
0.904806022
0.9022808846
0.9057845514
0.9027107742
0.9050092336
0.9069013432
0.9051465497
0.908056652
0.9103368177
0.9152837414
0.9186574991
0.9178991499
0.9281883889
0.9261124122
0.9254855798
0.9171075838
0.9180867317
0.917215428
0.9143227021
0.9194022826
0.9162671033
0.9162089517
0.9198213026
0.9224542468
0.9257693211
0.9243648285
0.9279321715
0.935735381
0.9238860655
0.9159594531
0.9119207641
0.9123802767
0.9123242349
0.9131563422
0.9113387496
0.9177725118
0.9177596597
0.9178681163
0.9217102926
0.92539081
0.9121201455
0.9085136406
0.909228972
0.913160042
0.9130586592
0.9156388178
0.9159389917
0.9193774865
0.9181564894
0.9165021484
0.9182892907
0.9195869111
0.9224950541
0.9235631511
0.9214973011
0.9206629055
0.9107648725
0.9108025418
0.9160476359
0.9166469894
0.9144998829
0.9177296665
0.9219483568
0.9243173258
0.9279151943
0.935104632
0.9403108076
0.9326208178
0.9285300591
0.9338814266
0.9348027842
0.9415116279
0.9354241407
0.9349716008
0.9352784532
0.9348327566
0.9449774593
0.9417419504
0.948997334
0.9423541595
0.9392335136
0.9404240608
0.9473442698
0.9434091689
0.9405749347
0.9481776765
0.9410833428
0.9449779686
0.9431343789
0.9428958357
0.9392817059
0.9343655335
0.9289402784
0.9289379741
0.9261707372
0.9276610018
0.9214839424
0.9201554692
0.9142857143
0.9128267612
0.9076225246
0.9095017637
0.9155801105
0.9170629216
0.9221357063
0.9259383005
0.9218853729
0.9165568731
0.9115239991
0.9030735456
0.8980392157
0.8891537545
0.891025641
0.8922194568
0.8896237667
0.8843993086
0.8851095994
0.8789146289
0.8832383615
0.8845371857
0.8831458289
0.8829505768
0.8868725459
0.8898995241
0.8937141644
0.8938927244
0.8951390363
0.8977333191
0.8980769231
0.8917013778
0.8973838761
0.9027450139
0.8998511588
0.9005536627
0.9091397272
0.906477127
0.9076017131
0.9063570205
0.8974386454
0.8995113661
0.9019628647
0.9061543334
0.9070754217
0.9068808794
0.9046612409
0.8984899329
0.9020142677
0.9066905113
0.909839527
0.9046672248
0.9105290728
0.9102764737
0.9116818039
0.9157883752
0.9169968717
0.9187034512
0.9243644733
0.9149575306
0.9196000833
0.921930745
0.9051660125
0.9100619526
0.9137142249
0.9008885128
0.9031782783
0.9016842105
0.9011035208
0.9017328825
0.9044619423
0.9006342495
0.8912332525
0.8853355775
0.8913945325
0.8856589147
0.8433566434
0.8423232109
0.8444279818
0.8505844846
0.8543658381
0.8598584856
0.8675155214
0.8717544413
0.8723878222
0.8666808194
0.863276717
0.8607741799
0.8638181435
0.8641041798
0.8688058916
0.871246444
0.871732715
0.8684931507
0.8683578662
0.8725896745
0.8682010527
0.8665018541
0.859849655
0.8560606061
0.867627652
0.8648161138
0.863368904
0.8686767505
0.8709322119
0.8790590128
0.8810669876
0.8821830495
0.8869798391
0.8821945137
0.8828631243
0.8865382696
0.8807420495
0.883229691
0.8816591311
0.8818101502
0.8812700886
0.880518468
0.8787967575
0.8681942812
0.8680643588
0.8711249756
0.8617831325
0.863266307
0.8655965964
0.8730081617
0.8766064354
0.8824152542
0.8764526576
0.8757983033
0.88
0.8672356567
0.8624299065
0.8595311478
0.8561916212
0.8598971722
0.8636278722
0.8581893313
0.8531367447
0.8575976845
0.8658724058
0.8728306697
0.8668092553
0.869915504
0.8748276541
0.8643330367
0.8575229087
0.8636229169
0.8674770234
0.8722725914
0.8717189659
0.8794205794
0.8841957762
0.8818527411
0.8844790928
0.883808172
0.884689237
0.8813303859
0.891376702
0.8967676768
0.8961659717
0.8932038835
0.8763965062
0.8640571544
0.8657183212
0.8627864897
0.8562026326
0.8586460195
0.857480315
0.8580435425
0.8584766585
0.8601412319
0.856372549
0.8686218171
0.8768969649
0.8720285261
0.8716149437
0.8754505406
0.8754394776
0.8808952838
0.8870187462
0.9023799919
0.9094428033
0.9136507289
0.9037541968
0.9007586631
0.9071656215
0.9015198193
0.8887283237
0.890335144
0.891075845
0.8866781133
0.8842243028
0.8878964271
0.8875899281
0.8843591528
0.8991571343
0.8970149254
0.903062239
0.9041771515
0.9011849769
0.9046321526
0.8944006388
0.9051957153
0.9036674328
0.893742503
0.9001994018
0.9144385027
0.9198911729
0.9344694664
0.932282664
0.9287588295
0.9352839581
0.9221867518
0.9150693011
0.9218199609
0.9221498688
0.9179411765
0.9290934229
0.9205733055
0.9202012231
0.9181782334
0.923252355
0.9142230201
0.9218299354
0.9246012088
0.9278765845
0.9253598896
0.9136827365
0.9208961142
0.9235264484
0.9221550753
0.9238651501
0.9238676845
0.9316265366
0.9341622503
0.9336646719
0.9339449541
0.938855205
0.9280878129
0.9293710564
0.923814329
0.9308988197
0.9379805747
0.9416894838
0.9458057956
0.9477110885
0.9502965842
0.9436562213
0.9414460285
0.9415890191
0.9478850435
0.9372667675
0.9465057818
0.9507091842
0.9679755227
0.95328052
0.9478393493
0.9517632752
0.9460446247
0.951189996
0.9523566619
0.9527254203
0.9583417798
0.9497698619
0.9470464347
0.959318251
0.9486404834
0.950923324
0.9445614035
0.9372305224
0.9399619124
0.9531468531
0.9454419204
0.9526409849
0.948947472
0.942800789
0.9501037447
0.9527402701
0.9529248188
0.9519192719
0.9429954554
0.9503729488
0.956630609
0.9598268224
0.9734414597
0.977166157
0.9791136016
0.9713906202
0.9675570566
0.9651660216
0.9542944785
0.9658225242
0.96
0.9624604713
0.9614249364
0.9626850537
0.9717980045
0.9672863964
0.9693009119
0.9672679368
0.9667374381
0.9747720365
0.9740431596
0.9755673686
0.9736070381
0.9795793343
0.9805597964
0.9718209563
0.9730419688
0.9682603861
0.9721014859
0.975868336
0.9770808203
0.9804863404
0.9759591305
0.9758492835
0.9779700231
0.9762620192
0.9792971117
0.9715324046
0.9673527324
0.9749439804
0.9792391082
0.9753871398
0.9638110816
0.9648493544
0.9539770398
0.9645779389
0.9538156797
0.9524856096
0.9543302115
0.9497170919
0.9459459459
0.931155565
0.9283432709
0.9259180415
0.9205220713
0.9254935258
0.9267126925
0.9255160672
0.9180687637
0.9083873667
0.9089381368
0.8948306595
0.897094304
0.9060988433
0.9116927333
0.905529462
0.8962566845
0.8870470726
0.8822841344
0.8648619844
0.8709884467
0.8654933333
0.864537563
0.8590698176
0.867204073
0.8611526147
0.8519193652
0.8442984817
0.8544229329
0.8692323826
0.8744557329
0.863466722
0.8647247849
0.8621118012
0.8596817524
0.8444513716
0.8374311149
0.8413186347
0.8385113269
0.8387863082
0.7843635962
0.7936191426
0.7480924596
0.8029105076
0.7756143892
0.7907517137
0.812232628
0.8071335774
0.7954572482
0.8203705889
0.8320592451
0.8303886926
0.8453556695
0.828427673
0.7967934852
0.7870560988
0.8124431744
0.8216693222
0.8185027389
0.7975276044
0.8050023708
0.8042401198
0.8047083382
0.8003321865
0.7939265036
0.8007649098
0.7875135591
0.7926709297
0.7893230463
0.806911819
0.7982253555
0.8052890529
0.8050384711
0.795251468
0.8081716562
0.8005181347
0.7930355605
0.8027336535
0.8123922148
0.8132440476
0.798713349
0.8017681484
0.8116744245
0.8190777006
0.8210076415
0.8327670819
0.8335428715
0.8313434712
0.8277459466
0.8219927852
0.8294496777
0.8252593045
0.8400048083
0.8316796175
0.8329440688
0.8324390244
0.8265256504
0.8253718708
0.8283391969
0.8319276372
0.8430728025
0.8420924278
0.8583434836
0.8571079927
0.8528452338
0.8512869399
0.8522848034
0.853646947
0.8413450154
0.8403141361
0.8285091438
0.8180034339
0.8248911014
0.826443156
0.8350231568
0.841125
0.8285570004
0.8259878419
0.8269255011
0.8124689518
0.8078383344
0.8108703636
0.811049323
0.7985585145
0.7875833128
0.7864848109
0.7994301288
0.7971281296
0.804531537
0.83570105
0.8319542468
0.8115370393
0.812266733
0.8136397702
0.8178203057
0.806315266
0.8048749684
0.8056011101
0.8108277855
0.8079769221
0.8056806807
0.8039411325
0.813229572
0.8135910224
0.8167194427
0.8115513249
0.8283533825
0.829109063
0.8223023435
0.8236730497
0.8201504149
0.8277677883
0.8342974675
0.8332906202
0.8373041152
0.8399695663
0.8385906894
0.8392221657
0.8492778669
0.8532406258
0.8612681248
0.8584222795
0.8583558947
0.8642857143
0.8574087863
0.8565124196
0.8742900417
0.8781352926
0.8891915315
0.8761869528
0.8815201192
0.881829419
0.8794422507
0.880417434
0.8829604131
0.8911714356
0.8805427671
0.8745791246
0.8676168619
0.8747570457
0.8650450673
0.8784100728
0.8763320942
0.8728813559
0.8744095919
0.8668204443
0.8625870282
0.8745795291
0.8721876496
0.8652726625
0.8699599151
0.873499647
0.8761871263
0.8878876536
0.8839925977
0.8829947766
0.8874241717
0.883438449
0.8879512424
0.8852266039
0.8874172185
0.8948160148
0.8857894135
0.8859190173
0.8808534531
0.8802610849
0.8793006836
0.8743606849
0.8725972284
0.8737980769
0.8810663765
0.8895619254
0.8856606275
0.878491313
0.8922135706
0.8815479529
0.8834437086
0.8928373126
0.9018337543
0.9098645169
0.9005788219
0.9040862656
0.8977969566
0.9075620767
0.9140589569
0.910778098
0.9157652474
0.9198850575
0.9243249507
0.9294591484
0.9334490741
0.9376451463
0.9275877898
0.9234433086
0.9262314126
0.9206976744
0.9258008154
0.9069195645
0.912119805
0.9031733116
0.9011090573
0.8978384528
0.8983999105
0.8968564716
0.8958775556
0.9006417349
0.8998113836
0.8981450993
0.8886117137
0.8863217269
0.8894178749
0.8962890412
0.8901242642
0.8946741719
0.8981751431
0.8980680969
0.9014415376
0.8984809585
0.903243185
0.9072869226
0.9094569594
0.9127753304
0.9072602591
0.9140777754
0.9126383865
0.9122107827
0.9106373578
0.9099978075
0.904450974
0.9033095393
0.9020513371
0.9037629758
0.909790133
0.9147354613
0.9166848419
0.9251289933
0.9134413938
0.9235014902
0.9263309035
0.9229518856
0.9220079716
0.9290246263
0.9308264196
0.9323535768
0.9299719888
0.9332464995
0.9264357926
0.9327775997
0.9270345121
0.9323179234
0.9309377361
0.9345174406
0.9369108826
0.9445231608
0.9452578671
0.9486956522
0.9473684211
0.9445335043
0.9415696421
0.9388485308
0.942256091
0.9424849063
0.9427752415
0.9558900937
0.9423859722
0.93782973
0.9350113472
0.9381358545
0.9489616696
0.9503112033
0.9551777434
0.9645702306
0.966517625
0.9689499633
0.9718339464
0.9793375226
0.9746268657
0.9689722043
0.9788664745
0.9718918919
0.9726663786
0.9620928991
0.9668296832
0.9681847202
0.9844270218
0.9819410709
0.9764185704
0.9721640854
0.9724442575
0.9781947793
0.9815552295
0.979719024
0.9770429655
0.9763704098
0.97899925
0.975944292
0.9707503179
0.9731459142
0.9689988321
0.9631282542
0.9644782747
0.9647071108
0.9707178841
0.9762030115
0.9631772751
0.9615707686
0.9627230246
0.9556259905
0.9643873143
0.9657947686
0.96985403
0.960909284
0.9529561348
0.949855352
0.9468073766
0.9361137642
0.9282094595
0.9230285894
0.9280915389
0.927326192
0.9255163781
0.9332430744
0.9439814326
0.9456498841
0.9439419436
0.9483314274
0.9470734745
0.9495555096
0.9507144336
0.9517476028
0.9603888717
0.9567477646
0.9518407755
0.954559442
0.9495832905
0.9500768836
0.9540063937
0.9525604775
0.9487152596
0.9557363195
0.9566137566
0.9566001698
0.9557097118
0.9539641944
0.9475367882
0.9456787499
0.9373940678
0.9368499257
0.9287782902
0.9253619303
0.9298865339
0.9374599102
0.9326871871
0.9344400084
0.9326386696
0.9323899371
0.9407098121
0.9408135522
0.9379828774
0.934083099
0.9378125
0.9395795923
0.9424741398
0.9415273192
0.9427336005
0.9388159266
0.9348005786
0.9346661171
0.9285714286
0.9339166238
0.9348049281
0.9366103431
0.9384489126
0.9385847797
0.9323966606
0.9320735444
0.9282160625
0.9314061241
0.9333940682
0.9305231082
0.9357274026
0.9335845981
0.9317553028
0.9294911097
0.9262345679
0.9339458908
0.9362265689
0.9321620798
0.9283841033
0.9287518949
0.9225993792
0.9255329797
0.930726817
0.9309791332
0.9386256163
0.9300250627
0.9291157008
0.9322033898
0.9338603162
0.9384896468
0.9363802932
0.929313099
0.9269606865
0.9269415532
0.9274824473
0.9279567741
0.9323048818
0.9348112157
0.9322681138
0.9420496137
0.9383540844
0.9325084364
0.9329637614
0.932679261
0.9264015033
0.9236688212
0.9154815116
0.9104431992
0.912624315
0.9165032511
0.9052576783
0.9016952657
0.8838696153
0.8737957611
0.8775206962
0.8807484935
0.8795687332
0.8815649585
0.8894372113
0.8893210006
0.8835673863
0.880650236
0.8682162499
0.8756000835
0.8695560699
0.8621342875
0.8657154847
0.8667429523
0.8742255266
0.8786276949
0.8857113466
0.8870585813
0.8857347817
0.889106059
0.8933510911
0.8989475835
0.8973861548
0.908295123
0.9059240718
0.9029146354
0.9029588247
0.8981072555
0.8991186153
0.8913897441
0.896485623
0.8930435709
0.8979763912
0.902690206
0.910354195
0.9041817243
0.9059518872
0.9099741602
0.9110881898
0.9140031234
0.9167895513
0.9182575678
0.9252257929
0.9200041719
0.9268975529
0.9283637874
0.931070065
0.9347488348
0.9255385253
0.932973646
0.9294601542
0.9344111327
0.9347870598
0.9324709717
0.9283609389
0.9407407407
0.9406570842
0.9415544041
0.940684172
0.9344108446
0.9314285714
0.9382110427
0.9357769747
0.9263374486
0.9274729842
0.9339979014
0.9389256806
0.9367584746
0.935274737
0.9367810026
0.9476910071
0.9446673706
0.948912116
0.9543878087
0.9574512902
0.9523760008
0.9493893604
0.953643767
0.9508535954
0.9548273723
0.9596556731
0.9610202612
0.9676096761
0.9659710085
0.9602383643
0.9669038045
0.9739085773
0.9757856775
0.9848093417
0.9822808283
0.9843846312
0.9885033874
0.998658826
1.0011344884
0.9937223423
0.991113381
0.9886433395
0.9858624898
0.9863663906
0.9974565063
0.9980745845
0.9988855117
0.9955492616
0.9951841076
0.9977882779
1.0014157144
1.0066023362
1.0038140398
1.0094146541
1.0062673379
1.0059529919
1.0112233446
1.0085986283
1.0005164756
0.9962294915
0.9987789988
1.0013191273
1.0078692494
1.0077856421
1.0166583041
1.0152969406
1.0156265652
1.0117093675
1.0034068136
1.0033219247
0.9967608057
0.9976849522
0.9980542755
1.0019417476
1.0065199674
1.0038716251
1.0041866639
0.9988726043
0.9941414141
0.9900110988
0.9829765545
0.9797938565
0.9855310416
0.9823278489
0.9806108097
0.9942667471
0.994367897
0.9968727933
0.9875644525
0.99273021
0.9938446014
1.0015098138
1.0052245554
0.9898949475
0.9944668008
0.9976711219
1.0111925112
1.0152656218
1.014198783
1.0131101251
1.0103611307
1.0109934443
1.0111910472
1.0160064026
1.0135148664
1.0173013821
1.0104960887
1.0055082624
0.9954274354
0.9923352578
0.9887528616
0.9887685121
0.9779186058
0.9814412636
0.9860919313
0.9793273986
0.9814430954
0.9904667329
0.9979083665
0.9856273081
0.9839800995
0.9937363293
0.991416309
0.991429995
0.9851013111
0.9931089584
1.0001001904
1.0047534165
0.9966366604
1.0048505246
1.0008907363
1.0025719656
1.0092243602
1.0048698072
1.0010962727
0.9892175289
0.9918000395
0.988533017
0.9850098619
0.9966522253
0.998523622
0.9912539308
0.9855887869
0.9918626575
0.9927172522
0.9959784208
0.9905596107
0.9895782604
0.9892964873
0.9871520343
0.9828943532
0.9835443038
0.9815426462
0.9785914947
0.9764109562
0.9860718808
0.9842942152
0.9726067747
0.9755588674
0.9678247138
0.982364532
0.9827822344
0.990017616
0.9942162533
0.996484375
1.0059856736
1.0039070131
1.001268664
1.0035943268
1.0045577967
1.000385505
1.0019357336
0.9964351094
1.0001918833
1.0034529062
1.0081339713
1.004969419
1.0064385931
1.0116682739
1.0121927803
1.0151777137
1.0158714797
1.006124988
1.0174651651
1.0230410359
1.0237436827
1.0225341354
1.0253898821
1.0327540107
1.0346991159
1.0378306627
1.0404289646
1.0351443769
1.0312589894
1.0285189482
1.0373985311
1.0385321101
1.0369978858
1.0294965411
1.0279518072
1.0257206639
1.0301321928
1.0303592347
1.0309949475
1.0312106232
1.0376056749
1.0284735812
1.0317972801
1.0287305775
1.0393770203
1.0459029202
1.0431598477
1.0320612166
1.041309431
1.0414588833
1.049765808
1.0504012527
1.0439357038
1.0416585175
1.0361527967
1.0323653075
1.0322959483
1.0348600755
1.0379784102
1.0385902737
1.0405259543
1.0361516606
1.0297636417
1.0332490764
1.028153816
1.0371941594
1.0288138938
1.0356158993
1.0348509853
1.0327868852
1.0337240584
1.0311179408
1.0282502162
1.0315393519
1.0324158435
1.0325867538
1.0329265931
1.0252969006
1.0322147651
1.0292846855
1.016222922
1.0162359497
1.019110097
1.0168656434
1.0243741143
1.0304785416
1.0271292183
1.033515861
1.0448766603
1.0450792446
1.0510711553
1.0478606298
1.0389161142
1.0326715497
1.0276070627
1.025927013
1.0232443126
1.0057471264
1.0136606613
1.016200731
1.0225653207
1.0301749558
1.0273514364
1.0333660451
1.0286166947
1.0297859749
1.0325163076
1.0381724684
1.0349871516
1.0282480315
1.0458724666
1.0394556491
1.0461855266
1.0465025401
1.0495561409
1.0484425666
1.0467975411
1.0412126015
1.0493778392
1.0481309794
1.0418576839
1.0263000598
1.0214745176
1.0135831846
1.0173484475
1.0169541356
1.009117035
1.0204507098
1.0213170536
1.0064721594
1.0070009266
1.0053796814
1.0136553551
1.0102259945
1.0127302836
1.0110210023
1.0068098481
1.003075944
1.0052295785
1.0111551293
1.0136118038
1.0281343054
1.0251158003
1.0341993099
1.0378361796
1.0448457792
1.0397883383
1.0411710887
1.0408989674
1.0402896777
1.0431226015
1.0489763147
1.0594320487
1.0447384367
1.063891097
1.0646795827
1.0548313265
1.0546102904
1.0479869866
1.0497376917
1.0570759996
1.051448907
1.0464574899
1.0370257349
1.0333672431
1.0417257444
1.0351109302
1.0398447078
1.0345988977
1.0273212818
1.02852745
1.0219220779
1.0214418894
1.0159079016
1.0186446004
1.0181551055
1.0243246041
1.0325538271
1.0444127534
1.0362436548
1.041221374
1.0436986718
1.0357215139
1.0385547033
1.0399468737
1.0392456677
1.0342880608
1.0365226337
1.0304320731
1.0274128478
1.0345150224
1.0278554416
1.0368464389
1.0354354971
1.0350214417
1.0353360489
1.0360893057
1.0361113945
1.0324429434
1.0349407438
1.0422807196
1.0410470564
1.0463542719
1.0489779397
1.0451120163
1.0489080283
1.0477118818
1.0496439471
1.0504947465
1.0521703689
1.0537799631
1.0501321944
1.0523008311
1.0547681717
1.0511317704
1.061327927
1.0619326205
1.0576418332
1.0626826565
1.0628497202
1.0655179323
1.0623243677
1.0644643036
1.0695261845
1.0707716913
1.0714356682
1.06869773
1.0747189334
1.0749552061
1.0740851233
1.0688757633
1.0737557466
1.0669
1.0694888179
1.0720621948
1.0674773248
1.0674682035
1.0637132902
1.0622813156
1.0667132727
1.069402836
1.0759708496
1.0714214563
1.0631475086
1.0638235004
1.0621725808
1.0600397614
1.0558228102
1.0570657605
1.0539147671
1.0470914127
1.0425024826
1.0425742574
1.0362498759
1.0444047973
1.0502926297
1.0480607915
1.039444995
1.0373460469
1.037485006
1.0451774113
1.0436854647
1.0417121859
1.0354468298
1.0330438255
1.036249251
1.0344075359
1.0268582755
1.0224148237
1.0242352006
1.0278137773
1.028802073
1.0297804071
1.0341923193
1.0380980802
1.0346134663
1.0372670807
1.0284500642
1.0271609833
1.0267342477
1.0287441768
1.0231587317
1.0168067227
1.0172244094
1.0208640882
1.0262848176
1.0292345679
1.0178132074
1.0176667983
1.012835703
1.0140312469
1.015505417
1.0115057529
1.0080160321
1.0117058529
1.0031907468
1.0008013623
1.0012042148
1.0035349965
1.0094541019
1.0033670034
1.0067340067
1.005299093
0.9967145791
1.000925545
1.0061766523
1.0083981975
1.0072827982
1.0011308728
1.0056818182
1.0059214627
1.0125208681
1.0114416476
1.0198498406
1.0180327869
1.0186694172
1.0191239975
1.0195292425
1.0239096973
1.0232629637
1.0299088395
1.0386706329
1.0371539088
1.03842234
1.0326053522
1.0325395196
1.0288273448
1.0306383851
1.0332239541
1.0365122052
1.0424730088
1.0435845214
1.0421393841
1.0414345051
1.0433901054
1.0385164051
1.0398979592
1.042125663
1.0455471775
1.033806557
1.0374429224
1.0387896019
1.0425833925
1.0471907842
1.0503778338
1.0502934629
1.0447563829
1.0449300521
1.046611032
1.0496969697
1.0493106571
1.0517604574
1.0539348371
1.053575005
1.0523612929
1.0541242261
1.0577595683
1.0530250174
1.0511086805
1.0490127989
1.0476945959
1.0433919174
1.0410551369
1.038868559
1.038207128
1.0306627102
1.0331125828
1.0358306189
1.0365623448
1.0389352404
1.0325267751
1.0284074037
1.025066614
1.023706045
1.0217391304
1.0183431953
1.0111384919
1.0079865904
1.0102010498
1.0111001965
1.0159319715
1.010837727
1.015655387
1.019998049
1.0183816378
1.0257056941
1.0197432406
1.0174378958
1.0217285394
1.0176056338
1.0219662208
1.0192853647
1.0201565558
1.0195789059
1.0241247426
1.0215402774
1.0194671124
1.0104166667
1.0081854043
1.0061819252
0.9971682453
0.9968780488
0.9972597377
1.0023522493
1.0042041455
1.0018620149
1.0032292788
1.0122215651
1.0164625184
1.0196347929
1.0255264203
1.0253453931
1.0186637546
1.0284322497
1.0294117647
1.0336360914
1.0338033803
1.0368
1.0376886934
1.0361878178
1.0301103051
1.0332037092
1.0367537499
1.0376869392
1.0423238171
1.0396960304
1.0425829668
1.0450856628
1.0419089633
1.0342060387
1.0338473863
1.0371958516
1.0355183079
1.0322998704
1.0357142857
1.0379847268
1.0391611172
1.0387250521
1.0395951176
1.0354447975
1.0353525323
1.0362750944
1.039484127
1.0374665477
1.0387781414
1.0367952522
1.0348435495
1.0383704873
1.0401219392
1.035745938
1.0416913069
1.0384880402
1.0381318356
1.0365287788
1.0354497877
1.0344485258
1.0275574941
1.0293884035
1.0305260018
1.0302457467
1.0329287704
1.0329287704
1.0343936382
1.0350375049
1.0363690124
1.0317460317
1.0343161424
1.0349422564
1.0375234522
1.0439495467
1.0368731563
1.0389687069
1.0393662041
1.0410296873
1.0384994092
1.0427876502
1.0440957394
1.0485649022
1.0540675595
1.0488416408
1.049530919
1.0470008052
1.0498595506
1.0446893788
1.0406820221
1.039836262
1.0404433793
1.037495014
1.0276061391
1.0268650754
1.0342094703
1.0355309512
1.0343859649
1.0361506109
1.0366770217
1.0377757631
1.0412746586
1.0485063291
1.0449461053
1.0450606586
1.0551012063
1.0551625141
1.0507603781
1.0455151205
1.0539372105
1.0494499846
1.0466529351
1.0521015312
1.0560255881
1.0568018111
1.0518251928
1.053025641
1.0587933511
1.0593794946
1.0617713234
1.060034655
1.0623785663
1.0649537513
1.0649989748
1.0695696721
1.0686976079
1.0678173833
1.0652019123
1.0615149975
1.0586560943
1.0593203093
1.060276479
1.0604585109
1.0618159708
1.0539965556
1.0566863424
1.0593332654
1.0654538063
1.0701309246
1.0664780764
1.0639246277
1.060584389
1.060314864
1.0568053416
1.0570139459
1.0559548255
1.0528638883
1.0526477833
1.0542540074
1.0501733632
1.0459629856
1.0485604217
1.0445295184
1.0364058088
1.0338675537
1.0397137385
1.0319363288
1.0226107929
1.0210547423
1.0213491029
1.0129541544
1.004950495
1.0047686688
1.0050890585
1.000101657
1.000719055
1.0060488005
1.0075889652
1.0046612803
1.006185567
0.9964861513
0.9959660736
1.0008303924
0.9973054203
0.9956709957
0.9937862469
1.0048348935
0.9968940884
0.9847904811
0.9846311475
0.9700439628
0.9644131743
0.9608602589
0.9703605622
0.9763987792
0.9749720216
0.9714722364
0.9687850658
0.9719645224
0.9553506682
0.964483443
0.9729672873
0.972700546
0.9732956331
0.9718147527
0.9601052632
0.9693663449
0.9640863612
0.9556116546
0.9633095038
0.9596654669
0.9647805394
0.9658002736
0.9610089333
0.9492828934
0.9414208558
0.9475713988
0.9592112091
0.9617025705
0.9510547646
0.953086164
0.9561177078
0.9541945445
0.9445703688
0.9462210797
0.9514702858
0.9450662286
0.9325576606
0.9221193416
0.9235464515
0.9257605648
0.92440112
0.9319502075
0.9382420329
0.9408851749
0.9463183875
0.9433398578
0.94200951
0.9436183395
0.9411278661
0.9496120021
0.9422043011
0.943124027
0.9430690484
0.9502314815
0.9499474238
0.9488068958
0.9413308144
0.9382211034
0.9399936835
0.9372631579
0.9460799831
0.9528828924
0.9620266443
0.9587228232
0.956218802
0.9568643716
0.9622309603
0.9622933884
0.9567461546
0.9556451613
0.9623167458
0.9632375656
0.9653643954
0.9676196332
0.9679942369
0.9714256347
0.9678747941
0.9662029882
0.964499484
0.9600123673
0.9612889941
0.9705548094
0.9680785124
0.9694498916
0.9721735546
0.9733938331
0.9756930079
0.9794200187
0.9822448344
0.9825653798
0.9812648794
0.9876568821
0.9861427094
0.992074928
0.9948564962
0.9944398682
0.9986628266
0.9992735575
1.0022933389
1.000731376
0.9995821582
0.9921490631
0.9935173568
0.9869628703
0.9845527607
0.9910360642
0.991635299
0.9924960917
0.98892372
0.9851028116
0.9792518076
0.9748295752
0.9756327128
0.9768513669
0.9784653983
0.9793491865
0.9873232059
0.9787878788
0.9715036803
0.9643722989
0.9668531616
0.9618062882
0.9612205976
0.962763144
0.9668473063
0.9676836398
0.9727020687
0.9644995723
0.9649851
0.9695323319
0.9674468085
0.9721897888
0.9607759992
0.9497022544
0.9499416693
0.9477248677
0.9443913828
0.9455977856
0.9455883922
0.9514821924
0.9487369985
0.9474522293
0.9493993834
0.9460293805
0.9499625789
0.949632627
0.9487724519
0.9452768037
0.9486115544
0.9526890845
0.9549568736
0.9593592087
0.9622865788
0.9650645546
0.9793073404
0.9839217816
0.9810825588
0.9747402952
0.9625259478
0.9615131579
0.9642739726
0.9656685313
0.9796257336
0.9763392857
0.9645900188
0.9686078758
0.9794734494
0.9775844764
0.979794597
0.971784048
0.9739265505
0.989262785
0.9874778369
0.9930309735
0.9885260371
0.9879637809
0.9959242124
0.9911018346
0.9861766319
0.9906726654
0.9893675326
0.989382662
0.9992249779
0.9978886543
0.9975522919
1.0016611296
1.000554078
0.9963292547
0.998552016
0.9867359346
0.9906780601
0.9927833907
0.9925991384
0.9986827662
1.005988688
1.0007769145
0.9972246892
0.9982222222
0.9990043146
1.0017760018
1.0051950923
1.0162529222
1.0166257532
1.0165261383
1.0189270915
1.0237216068
1.0232350313
1.0249888938
1.0233303848
1.0227800509
1.0234021415
1.0191798942
1.0188533627
1.0184448862
1.0202153373
1.0159026102
1.0221760979
1.0183955589
1.0280567686
1.0306882946
1.0317808219
1.0267955194
1.0324532453
1.0265243231
1.0288832543
1.0284203569
1.0326314629
1.0240458857
1.0210677256
1.0236229164
1.0201853077
1.0154537484
1.0157669988
1.0169844401
1.016361041
1.0161060589
1.019268452
1.0176586004
1.0164698234
1.0192852473
1.0197103343
1.0210491875
1.0203415642
1.0171907301
1.0185950413
1.0144549505
1.0076294278
1.0082056893
1.0047956403
1.0042391304
1.0031480677
1.0042395913
1.003588907
1.00726366
1.0093315972
1.0082851848
1.0099312452
1.013785558
1.0204505687
1.0203412073
1.0198646584
1.0221591529
1.0209737014
1.0232204861
1.020751847
1.0201822917
1.0134592424
1.0156538754
1.0178552105
1.0095740103
1.0105184072
1.0073039742
1.006969762
1.0055591191
1.0043737999
1.0052266667
1.0111714012
1.0062899787
0.9941563961
0.9960608964
0.99968
1.0034162485
1.0010650762
1.0003197612
1.0062211734
1.0057846813
1.0080705908
1.0059088956
1.0078444015
1.0080532589
1.0063325105
1.0085947572
1.0149269759
1.0120365395
1.0169766436
1.0163119801
1.018558715
1.0165848336
1.0126361656
1.0156045395
1.0182274613
1.0196207388
1.0206467118
1.0136597093
1.0181119649
1.0114666375
1.0143326039
1.0160532926
1.0157050932
1.0146112747
1.016009584
1.0187171629
1.019047619
1.0184008762
1.019047619
1.020531401
1.0193802694
1.0164452189
1.0147633521
1.0145573058
1.014774579
1.0128891316
1.0158747418
1.0167373112
1.0204659264
1.0185225778
1.0134331645
1.0031773858
1.0057388809
1.0029906956
0.9972384845
0.9990112063
0.9873154729
0.9844417662
0.9801360843
0.9767518731
0.9790558511
0.9827223391
0.9752304787
0.977780259
0.9734730272
0.9794866046
0.975399754
0.9804948729
0.9762467635
0.9770642202
0.9848044693
0.9797493846
0.98046875
0.9750698714
0.9810623039
0.982221222
0.9908639747
0.9881770071
0.9863892013
0.9908670651
0.9863182685
0.9850896861
0.9837151842
0.9883198562
0.9901045766
0.9914931722
0.9901906142
0.9879086431
0.9921019971
0.9863852961
0.9950997151
0.9766674254
0.9797506006
0.9788924194
0.9788948145
0.9835582266
0.9849785408
0.9910196658
0.9866802122
0.9846275574
0.9865506329
0.9783299297
0.9736752909
0.9753877276
0.9724511686
0.9583942427
0.9591011236
0.9695972774
0.973010064
0.965560213
0.9622877977
0.9569024335
0.9550472289
0.9503197807
0.9512391005
0.9510577473
0.9523754877
0.9534240258
0.9536791036
0.956223076
0.9552429668
0.9495066744
0.9460494257
0.9447931195
0.9472888061
0.9408964236
0.942571495
0.9433589207
0.9429401511
0.9481895448
0.9490660169
0.9463375058
0.9488847584
0.9523362292
0.953340403
0.9573689183
0.9541360512
0.9605340896
0.9711880484
0.9732633087
0.9752688172
0.9759483068
0.979365458
0.9849065644
0.9817029419
0.9881499395
1.0016083137
0.999752414
0.9822668651
0.9844759066
0.9843555997
0.9930261519
0.9774769075
0.9875333927
0.9835178661
0.9634963993
0.9739949749
0.968924798
0.9755944931
0.9738219895
0.9770100503
0.9743460129
0.9671496378
0.96812749
0.9685628743
0.9695016117
0.9682717432
0.9737598401
0.980350438
0.9814977974
0.9852496218
0.9813456038
0.9764941235
0.9767325494
0.9736677116
0.9764485981
0.9714179197
0.9695114332
0.9730036584
0.9717813051
0.9658227848
0.967816092
0.976247936
0.974945673
0.9772785295
0.9726762002
0.9760631525
0.9711918419
0.979281768
0.9843613162
0.9832625531
0.9816043048
0.9757712002
0.9773470929
0.9708047728
0.965893242
0.9587057787
0.9529382157
0.9525888958
0.9521971866
0.955044955
0.9642231674
0.9681961031
0.966372796
0.9550321199
0.9534157612
0.9427688504
0.9506655269
0.9515062454
0.9435345881
0.948913177
0.9504465924
0.944066974
0.9515402411
0.951107346
0.962962963
0.9649101796
0.9547817676
0.9523751523
0.9503451617
0.9565426749
0.9597929457
0.9606318348
0.957794171
0.9560745402
0.9566259286
0.9684851379
0.9709588384
0.9671598701
0.9712204007
0.9672411686
0.9622848773
0.962063918
0.9622432665
0.9638020192
0.9627051218
0.962907456
0.9526420738
0.9540014959
0.9543172691
0.963334572
0.9692441788
0.958827199
0.9516974538
0.9513681592
0.9461159063
0.9522289083
0.952310536
0.9532250123
0.9564254062
0.956076496
0.9442118227
0.9552457814
0.9524803536
0.9520994951
0.9526393685
0.9546524594
0.9561674281
0.9440947797
0.9526524541
0.9621770066
0.9628000503
0.9578419072
0.9456603774
0.949355898
0.9469523081
0.9478515874
0.9463172624
0.9437730569
0.9449471135
0.9496622913
0.9534101204
0.9605024605
0.9590749643
0.9581763865
0.9626276995
0.9596459255
0.9598749349
0.9524744698
0.9509906152
0.947497737
0.9429971628
0.9470741222
0.9535793454
0.9559384454
0.9738776582
0.9688736481
0.9646749836
0.9720288903
0.9655127538
0.9574523966
0.9575875486
0.9622074016
0.9653775804
0.966500916
0.9589596131
0.9643139321
0.9622789784
0.965648855
0.9535129424
0.9568402824
0.9435494608
0.9448766979
0.9454497424
0.9404227213
0.9271313744
0.9325902335
0.9262921941
0.9175394405
0.922421823
0.929393098
0.92859032
0.9341792228
0.9390486286
0.947703743
0.9419406151
0.9466473455
0.943124835
0.9502893214
0.9445990722
0.9394583112
0.935557038
0.9353718788
0.9361843858
0.9343211854
0.9401318445
0.9393330655
0.9323517708
0.9279303062
0.9276919046
0.9327161299
0.940631524
0.9413986196
0.947647363
0.9563018672
0.9464239272
0.9422827497
0.9427873489
0.9398836458
0.9435777431
0.9421305307
0.9476789929
0.9455140799
0.9506124062
0.952956636
0.9544008484
0.9373689727
0.9314202975
0.9335947712
0.9348965156
0.9397543126
0.9417961549
0.9405263158
0.9358530743
0.9353253652
0.9320349762
0.9362634444
0.9467731204
0.9493333333
0.9455782313
0.948209293
0.9460253841
0.9556264116
0.9649380083
0.9610094806
0.9626130921
0.9644805108
0.9615946844
0.9609938552
0.9656875834
0.9787319422
0.9763463851
0.9811371237
0.9829986613
0.9824229313
0.980568012
0.9794613711
0.9936010892
0.9881819431
0.9962912088
0.984379282
0.9946221732
0.9935807982
0.9987473904
1.0032149846
1.0078037904
1
1.0076187838
1.0033195021
1.008063395
1.0091311566
1.0119461036
1.0080199115
1.0078947368
1.0020940947
1.000700084
0.9943630214
0.9877671541
0.9868755292
0.9937357631
0.9975703873
0.9989991421
1.0028735632
0.9934697431
0.9969476744
1.0063897764
1.000437254
0.9987135506
0.9912280702
0.993594306
0.9870622978
0.9933923801
0.9960674157
0.9935447656
0.9918756128
0.9904614953
0.9892116183
0.991214825
0.9822345593
0.9870671673
0.9786998617
0.989539749
0.9902316495
0.9824294411
0.9879701327
0.9839290662
0.9826098863
0.9813391877
0.9830368225
0.9911019849
0.9939360529
0.9868023096
0.9785559175
0.9636093074
0.9676546217
0.9616004296
0.9783514858
0.9865987671
0.9900039984
0.9928353456
0.9995984473
0.9950986886
0.9951800777
0.9986786469
0.9961472034
0.9959946595
0.9926607953
0.9945376512
0.9898424274
0.9916328932
0.994386423
0.9951180895
0.9972196478
0.9972118959
0.9943286732
0.9973780808
0.9948065438
0.9954580846
1.0005216484
0.993609807
0.9907797682
0.9950209644
0.988410378
0.9820732658
0.9812975622
0.9800409417
0.979390681
0.9887049159
0.9915275995
0.9930857875
0.988469336
0.9861111111
0.9865157105
0.9790183113
0.978316003
0.9770143976
0.9595653273
0.9579673777
0.9545511613
0.9589126895
0.9513959391
0.960092688
0.9592963534
0.9521778467
0.9513780551
0.9514248705
0.9491198767
0.9397204053
0.9407656492
0.9399484536
0.9472258065
0.9414879876
0.9462365591
0.9477415966
0.9477210035
0.9422572178
0.9404839765
0.9373700624
0.9365244537
0.9373695198
0.9474787164
0.9490437516
0.9455711108
0.9500064758
0.9470777136
0.9521494371
0.9499428281
0.9457808324
0.9416114227
0.9444515388
0.9465158138
0.9561675718
0.953195903
0.9508238929
0.9551799206
0.9566999744
0.9608545478
0.9708477177
0.9679802956
0.9625752421
0.9629823414
0.964527027
0.9665152498
0.9666752777
0.9688985992
0.9658385093
0.9744155844
0.9724496426
0.986691023
0.9885781804
0.9938937248
0.9880720861
0.9839041978
0.9844337787
0.9846912299
0.9773230809
0.9763861709
0.9784510905
0.98143271
0.9863918615
0.9922071061
0.9859936575
0.9894556478
0.9915054888
0.990440021
0.9963293131
0.9921599373
0.9931079324
1.0030299038
1.00723589
1.0065634025
1.0070450098
1.0001297353
0.991197411
0.9921198812
0.9893329906
0.9821037724
0.9814601713
0.9810664606
0.9873139159
0.98374613
0.9841023653
0.9842254978
0.9856049799
0.9861871254
0.9819654992
0.9871374196
0.9901690916
0.982852689
0.9809954751
0.9854904982
0.9891654843
0.9882398553
0.984882054
0.985096091
0.982606404
0.9861477573
0.9855358317
0.9895585514
0.9965681098
0.9980148227
1.0001318913
0.9981720851
1.0034215028
1.0088483888
1.0124207188
1.0128205128
1.0061720289
1.005115425
1.0060327869
1.0056788167
1.0038193073
1.0011887465
1.0051772202
1.0026353933
0.9986765484
1.0021186441
0.9994715286
1.001972646
1.0011815675
1.0053742299
1.0128541448
1.0073907879
1.0126599147
1.0178069353
1.019597387
1.02204998
1.0166019547
1.0155246253
1.0195658001
1.0228823766
1.0262172285
1.0283991962
1.0299168232
1.0314507495
1.0321290495
1.0252247417
1.024603388
1.0202511138
1.0227982087
1.0165656566
1.0042924212
1.0006737636
0.9908194951
0.9873842437
0.9955567524
0.9960895361
0.9991901741
1.0039205083
1.0016083635
1.0034918077
0.9912845267
0.9861407249
0.9899043571
0.991924808
0.9899043571
0.9899337748
0.9849286092
0.9805032275
0.984643654
0.9833420776
0.9868576686
0.9837029121
0.9735823883
0.9721403697
0.969656463
0.9721067453
0.9724733504
0.9707554833
0.9718956898
0.9746440678
0.9738020904
0.9739189189
0.9705486821
0.9653365578
0.9718007251
0.9670168905
0.9702459667
0.966904951
0.9735764302
0.9726588297
0.9796967699
0.9852999081
0.9826748917
0.9839515917
0.9851174935
0.9970911014
1.0050666667
1.0066764588
1.0037164853
0.9971094469
0.9873285434
0.987167736
0.9911992644
0.9895205659
0.9870908854
0.9907007204
0.9988276671
0.9994799116
1.0030163934
1.005929635
1.0057902356
1.0007869885
1.0044467696
0.9993461488
0.9997383911
1.0071980107
1.004960188
1.0044572627
1.0064178127
1.0096027361
1.0141105104
1.0115394702
1.0061566675
1.0078698846
1.0193839618
1.0232
1.0128565689
1.0144810941
1.0169127517
1.0199865862
1.0165969505
1.0147277395
1.0149494949
1.0188146754
1.0205017534
1.0222012917
1.0222577636
1.0281333333
1.0323183761
1.0292350821
1.0241365515
1.0182715391
1.0189864955
1.0191150916
1.0211201711
1.0242010964
1.0176791174
1.0171611015
1.0180747088
1.0142186452
1.0159731544
1.0122065728
1.0056270096
1.0006671114
1
0.9952095808
1.0075747508
1.0094553203
1.0101023528
1.0113834204
1.0095597146
1.0152332165
1.0187812458
1.0214893905
1.0246191513
1.0156526473
1.0174482007
1.0211604096
1.0285558136
1.0328161472
1.0220820189
1.0171703297
1.0157599013
1.0127519539
1.0094832325
1.0069662614
1.0100027405
1.013999451
1.0124181223
1.009783938
1.0104790419
1.0108784335
1.0092091008
1.0098608672
1.0110765906
1.0053872054
1.0049804819
1.0022889457
1.0002688533
1.0049824939
1.0048648649
0.9967602592
1.0029669589
1.0087601078
1.0108988159
1.0206756757
1.0187660321
1.0123639296
1.0140029622
0.9978819169
1.0066067653
1.0066436354
1.008864779
1.004493788
1.0055732484
1.0064008534
0.998676198
1.004508088
1.0047675805
1.0011874918
0.9964765758
0.9985673352
0.9974019226
0.9953192043
0.9842193765
0.9857161408
0.9817499353
0.9778806584
0.9790056672
0.9853891906
0.9765873521
0.9840784613
0.9884853853
0.9897299353
1.0012653423
1.0015117158
1.0018870298
0.9924708244
0.9912379522
0.9939977492
0.9913674465
0.9974959309
0.9929086838
0.9965034965
0.9994987469
1.0012545477