69.7528755267
69.0880643719
69.5030709101
70.9222259849
70.6117908788
70.258286221
69.8388501742
72.1139767992
71.5793056501
72.0031814567
72.4657534247
72.4043403769
72.454071218
72.1896162528
73.3690083115
72.4596173674
71.8774906069
71.8369206241
72.5517400856
72.8933891993
73.1503024663
73.169329808
71.6814159292
72.5678733032
72.6641272687
73.6169249915
74.5589919817
73.6608160474
73.8160603981
74.3322251519
73.8603907232
74.7049294145
75.5755993354
75.4844846035
75.9243747756
77.4541924524
77.5045427014
77.3897280967
76.6970248937
74.9250868992
73.7632614138
73.8625478927
74.5886874024
75.8948137327
77.1358024691
77.0495827197
76.8096514745
77.1075581395
76.0718562874
75.7954951734
75.4540059347
74.301544265
73.65635658
74.1336487286
73.9191729323
73.7612744524
75.0088746894
75.5910165485
75.5550307038
75.2156955443
76.3113570741
76.0702260702
75.4149627135
75.3952216807
76.848719188
76.4883104362
76.880934989
75.9469240048
76.1523532266
75.809385231
76.2100677638
76.561183973
76.2001676045
75.5758727143
76.0719390186
76.2196559038
76.6200164648
76.9980970504
77.5116752485
77.7950310559
77.6745294258
77.3643410853
78.2922429345
77.5515064904
78.4472493451
78.8099212974
79.9326275265
79.9323426362
79.7735212625
80.63893912
81.055300652
80.5860364163
81.1608222491
80.5777133188
81.2439143135
81.5637658034
82.2889630454
82.6536897869
82.4406611159
82.3258706468
81.8114143921
81.2515397881
80.2615497433
79.5107033639
78.0546527025
79.3988805062
78.8968533593
77.7013159483
78.2920310982
78.8776873558
80.4988384888
79.6327615366
78.5126921702
78.3327387323
78.7803138374
78.3793347488
79.9638336347
79.1621524016
79.1596436311
78.5432835821
78.5886319846
79.3343937355
79.6447256357
80.2585050604
80.3462570105
80.3085519922
79.8036125591
79.5234639574
79.9224993945
80.7199806717
80.943738657
81.6401468788
81.2957540264
81.2591687042
81.4950980392
81.4964486897
80.7790939065
79.8085080596
79.3819410913
80.1814882033
79.8669086509
76.9794374852
77.138099203
76.2383260433
75.5051979909
75.6444651814
75.7653657397
75.0291171675
74.8345908299
75.0952106174
74.8511223087
74.4707632452
75.4440599769
75.3744140848
74.9370565347
74.9483115093
75.2330532858
74.7903985299
74.8788368336
74.8674198755
75.469075747
74.3813015582
73.9378061283
72.3254252462
71.0664433277
71.0215891387
70.9677419355
70.556911471
70.3053858967
70.3323667187
70.4512534819
70.0919056583
70.1919912233
69.7356924421
69.9552548292
71.1927816901
70.7359877153
71.7772354116
72.0956086715
70.4119042484
70.8741030659
70.062946762
69.2812533079
67.9053700408
67.9751631236
69.4724426335
68.1740976645
67.8342947037
67.89287203
67.4203920755
67.9862485676
69.1827228456
69.7018104366
69.9529008778
69.4311536417
68.7821792582
70.3526662418
70.5362843158
71.1151736746
70.8695186019
70.3787389714
69.9337323643
69.5287624708
68.8444349862
69.8743421759
68.2244962549
67.8996733059
68.4060721063
68.8699360341
68.7380699894
68.8286953762
68.6373695858
68.2218494443
67.1501617448
67.8083631015
66.3995003643
66.3754550182
66.6701352758
67.5582127124
66.8378576669
67.8366914104
66.9995794786
66.9990553165
67.0328520611
67.4569869912
67.7055912393
67.7006916789
67.961884595
67.5219089853
67.6233848761
68.0212765957
66.7190117253
66.3295099062
66.2268300346
66.3674321503
64.673525517
65.3712059065
65.0628256206
65.278062795
65.0369761709
65.0513347023
65.4182529067
65.1146131805
65.6889986621
65.5398483917
65.081799591
65.31601196
65.7763975155
65.9510475005
66.2817075686
66.2270760354
65.7444410288
65.7239125996
65.4369918699
65.931597754
66.2103746398
65.944177487
66.0789338801
66.5542611895
66.9706907153
67.3603280369
66.9879273613
67.7852348993
68.325697626
68.9045564559
69.0087432845
68.9720412024
69.7149517855
69.6116813036
70.7948636315
70.5483802668
69.6035242291
70.281124498
69.8715248526
70.2867988191
69.387755102
68.9498680739
69.3596268024
68.8689217759
68.9031443895
67.6700589181
68.1842585633
68.1553398058
68.7256598875
68.6289281102
67.8850895058
69.0452916259
69.358721821
69.0600522193
68.8755458515
68.4330794342
68.3620126334
68.7015398056
68.9681584418
69.8839137645
69.8035734103
69.7708055185
69.3312666076
68.8353502831
68.3537263626
67.983666262
67.0795878097
67.8725046873
65.1628804115
65.3452547668
65.6344410876
64.6597140092
64.0369505203
65.3096207414
65.5348589675
65.3408486653
64.9852258337
65.0672598242
64.810313854
64.3369175627
64.6424759872
64.5089285714
65.1426129687
64.8639965731
64.9109633126
64.7857219194
65.2749599573
65.0084674005
64.7537518495
64.5855304788
62.3560855263
63.651608846
63.7329127234
63.565810173
63.1325301205
63.2599304604
63.6934539649
63.7248609328
63.1428571429
63.2966334957
62.6230882045
61.9575447035
62.3507228158
62.4934465765
62.724772583
62.7102507141
62.9641383688
63.170212766
62.4760892667
62.5465772384
63.2911392405
63.2735182164
63.5614358529
64.5762896717
63.9753566796
64.5091225022
63.651226158
63.7674825175
63.6921055513
62.715727776
62.9922968428
62.6394052045
63.2207849156
62.0942179473
62.1888925117
61.3631500107
61.5945135019
60.9797657082
62.836132148
61.1749543551
61.3200471445
61.2454526
61.5278073727
61.5674453655
62.1269669018
62.5553515498
62.4570815451
62.2883149873
62.3221999789
62.2789367786
62.7138579983
63.1477721979
63.855035279
63.9087322742
64.0826323075
64.7158969994
63.7374272102
63.7035472973
63.5768581081
62.303829253
62.3860898712
63.1061806656
63.3242047609
63.597972973
63.3807266983
63.3425180161
63.3586979497
63.4203267558
63.1578947368
63.5249865664
63.6667745765
63.2880231189
62.9752597194
63.6501243378
63.3257649476
62.9322417322
63.4251755808
63.1379757785
62.4065850753
62.6965324144
63.8562091503
63.8520130577
63.8228234781
64.5407884678
64.2506276607
64.4821917808
63.3807439825
63.4109035289
63.5571054926
63.3232235702
63.3391266565
63.9646519747
63.5701868753
62.3652436395
63.2637529898
62.7927146574
63.6562671045
63.5947213437
64.1220545119
64.3710623506
63.909366869
63.9930442343
62.9224436742
61.2364958819
61.1283256758
61.4620070535
60.8732694356
60.4241781548
61.0738255034
61.3636363636
61.6198311785
60.8783068783
60.3895416534
59.8835362626
58.6355513508
59.0151756341
59.3020789139
59.6881008332
59.5842708668
59.0615583297
58.4359935726
57.9172458035
58.0935059377
57.2645930976
57.8509753758
58.7955968055
59.2149250512
59.2146315223
59.0850515464
59.1261300043
58.6136044122
59.4426907587
58.8721968212
58.7167996502
58.4351811436
58.0767975634
58.3025027203
57.5215517241
57.5597673918
57.2105546581
57.0797413793
56.6039775184
56.090712743
56.0607693137
56.5080741303
57.4567605787
57.012987013
56.5901498006
56.1762476995
56.3116263951
56.9053569488
57.0681768678
56.57909081
56.3744588745
56.4177489177
56.2760834671
56.6408768536
56.5678192913
56.5315315315
56.4782982381
56.2473025464
56.1382726685
56.1492698756
56.6826295168
56.5496948561
56.5534509035
56.3874230431
56.1544384556
58.0218326166
57.5496688742
58.3166332665
58.3923826395
57.4889867841
58.1211784325
58.0638039519
59.7396818334
60.4488390179
60.2712316585
60.2247686205
60.4442970822
60.6595602931
59.8160868602
60.4011142061
60.4985403099
60.5599104143
61.3731007316
60.7631874299
61.1104866809
61.9176536943
62.2489058467
62.7610339767
62.8797289667
63.4722379925
63.7474309203
63.2216760032
63.7226861915
63.9505607691
63.9295516926
63.9863713799
65.4669598426
66.6278256817
65.7534246575
65.8408320673
64.8120125713
66.1875589067
65.9279450107
65.8693323813
65.4307909605
65.4988123515
65.607653242
65.3152097492
64.696299744
64.5342049965
64.2200754006
63.6416725064
63.6395594094
63.4792761238
63.3742473367
63.9118778412
64.1049347047
63.9088174034
63.2266941864
63.0063109581
63.5084863985
62.5700280112
62.9773234638
63.2499706469
62.3510165927
61.566208983
60.5889145497
61.3496932515
61.3947551636
60.5320994795
61.1564467242
61.265793168
60.7688744789
60.8315863033
60.9903522027
61.6639286552
62.0361672147
63.0207093549
62.2452627816
61.5466856736
61.1277744451
61.1071171819
60.7765830346
61.3012048193
60.2729885057
59.8765432099
60.413354531
60.9005905512
61.32284239
61.1335043361
60.982230997
60.7411982705
61.1097471151
61.2084814315
60.6819848448
60.4232933692
60.8926805143
61.6851945427
61.2118139181
61.0190763052
61.1097194389
60.8010912698
61.4651652023
61.8040785687
61.5767222084
62.8525081108
62.9139891251
63.1147540984
63.5560532537
62.1008506966
61.4849187935
61.7486999637
63.5706408528
61.1562234881
61.6259168704
61.6418275104
62.3413431916
63.006568348
63.0018529957
63.2028296134
63.1202232197
63.0901808472
63.0097087379
62.8239283119
62.6621408656
63.8729383018
64.3768400393
63.8000735024
63.9245189936
64.1164856861
64.5910551025
64.6864282215
65.25067918
64.8270787344
64.3322275464
62.4083643793
62.2571360038
62.9102316602
63.0176798256
62.1228513042
61.6245487365
60.2336392895
60.6107598712
60.4054859869
61.246090931
61.9396707127
62.2115384615
63.5176000968
63.7250121892
63.6662206544
64.6275946276
63.8481135509
64.6465888138
64.5912957712
63.9891918448
64.0222772277
64.5410387346
64.2679282869
64.0034683513
64.4873699851
64.3745336981
63.4809731753
63.5706271039
63.4185700099
64.4651741294
64.459106187
64.6467186321
63.9707734946
63.9233370913
63.9338097029
62.9694105944
62.3669225056
63.4137198551
63.8052208835
63.3162691972
63.7298636927
63.3818450913
62.395474668
63.1781981085
63.0939089443
62.7363737486
62.7645093429
62.5293318513
63.2757757758
63.5408852213
64.4397357597
64.26716141
64.0534190676
64.1025641026
63.7408826802
64.1982939795
62.2896854426
62.8372604078
63.4860362567
63.4027524053
63.2516437537
63.5159542444
64.5479715902
64.3159038763
63.3883704235
64.4637053088
63.8369304556
63.7597597598
63.4924442312
63.5577961829
63.6592984142
63.6548102172
62.9365645046
62.6885168032
62.1779580153
62.7895752896
63.1451710383
62.4264970599
62.1641249092
62.1179560649
61.682801482
61.2075112907
60.4670265196
59.0641206978
58.2590333177
57.9089733035
57.511627907
56.5982746561
57.6565988953
58.0914326008
57.7013659915
58.3552789083
58.9550454328
59.5192307692
59.7584541063
60.0554952346
60.0216815225
61.1787393034
60.9086549988
60.1729521979
60.4791140002
60.6240893638
60.7921511628
62.3398598018
62.2270742358
62.2362357507
61.6446651326
61.6727272727
62.1724222386
62.3496194451
62.351062523
62.0791349226
61.7055214724
61.6538602269
61.5562873521
61.6995224685
62.0487804878
61.8502738892
61.7518248175
62.2833595928
62.3381338497
61.9127718371
61.7781520693
62.6491502953
63.4184914842
63.1092743406
63.4450697333
64.068254358
64.2522788864
63.785705529
63.6050233933
64.154685176
64.2732919255
64.3556988714
64.7817460317
64.2083230731
64.1317810255
64.3492220301
64.2928039702
64.0268123138
64.2120948715
64.6479750779
64.5788879126
64.8941532258
64.8148148148
65.6372116475
65.4224464061
66.0855179435
66.0757556434
65.9381390593
65.6542355504
65.0025733402
65.8157315019
66.0607634381
66.479204813
66.5750196386
66.9388830348
67.064376557
67.2152732061
66.9913135036
68.0449141347
67.7903608112
68.107966457
68.0209698558
69.614873838
69.8429598084
69.2042896862
68.8871266191
68.3342133052
67.9774544501
68.0665610143
68.2270255934
68.2487074108
68.5767343149
69.53145917
69.9367514466
69.9703743604
69.4903859083
68.9084601014
68.2806455916
67.2913343966
68.3097643098
67.6466675535
67.6634030167
68.1982585399
68.1368618017
67.7898114721
68.8577586207
68.3648973059
67.4890569041
67.8666666667
68.3577751354
68.5055032489
68.7856668879
69.3983957219
69.2163680128
69.3546222997
68.7147840086
68.6738926803
69.1126969167
69.2720923986
68.9075630252
69.095276221
68.821896073
68.8127974617
68.3267973856
67.0402445237
67.3356490416
66.9363122753
67.1826625387
67.348789017
67.6014474024
67.6986584107
69.0529357678
69.2033293698
69.7057277982
70.1360454365
70.5819824608
70.7216219821
70.2940002661
69.9005964215
70.8936396229
70.8255906557
71.4190361767
71.2686567164
70.5694942254
70.1561672843
69.834166886
69.2935140113
69.1723415401
69.4037656904
70.3893712181
70.493533914
70.2391965112
69.8635528733
70.2822791427
69.9739921977
70.3520208605
70.2326790589
70.2005730659
70.3420575279
70.0823892894
69.4707236001
68.8948648995
69.2208794034
68.8089773017
68.6324676986
68.4651517075
68.6157366213
68.9355168884
69.6481505349
69.6880215689
69.4564940036
69.9104859335
70.2956298201
70.0319081047
70.4073789393
69.5641219451
69.34169279
69.005339625
69.373060211
69.8349174587
69.3488023952
69.5570804741
70.1258253395
70.1368159204
69.7533908755
70.3105590062
70.6406134059
71.3842333954
71.2471994025
71.3328369322
71.0182767624
70.9170305677
71.1726384365
71.8074409251
70.979020979
69.6499503476
69.3149322392
70.160387915
70.0396333911
70.5395727868
69.6422073984
69.7759376522
69.2074280859
67.4870932885
67.5002991504
67.3681693172
67.2131147541
67.4298729322
67.0338881571
66.8147436667
66.9797687861
66.781105718
67.1943295924
66.6823529412
65.4062280496
65.4781388824
65.2735739232
64.4578313253
64.1619169478
64.3556280587
64.380864126
63.7568290131
63.8030320837
62.9171528588
62.980209546
63.6687655934
64.6404212038
65.6325156325
65.1162790698
64.3760439036
64.0912872935
63.3393177738
63.6473429952
64.4513880543
64.5969498911
64.3835616438
64.2355740631
63.7977980348
63.1368865931
63.7558685446
64.1764705882
64.2586002372
64.9750415973
64.541360512
64.7242206235
65.016146394
65.1017964072
65.4728132388
65.517651254
65.1536643026
65.1978204217
65.2328054833
64.1527110903
64.2081661553
64.1353205583
64.817449028
65.1124063281
65.5519597267
65.9528392685
66.3624354509
67.142334431
67.1559633028
66.743902439
66.5492530062
66.9541975459
67.45620528
67.3150786767
67.1188949186
66.8633235005
66.4753998291
66.5890713061
66.0620815581
66.4828431373
66.9451953797
66.9692137863
67.4146221181
68.3739433118
68.0094492105
67.6408928351
67.6474224255
68.1395060196
67.9264047737
68.195985538
68.2887367766
68.771885943
69.0048939641
69.2567145534
69.1951433221
68.9010715176
69.1216720577
68.9908028834
69.0852904821
68.4813400665
67.9945899422
67.9857877971
68.300134425
68.4750733138
68.507007922
68.4569479966
68.5485825055
67.7210639827
67.10132791
67.0613562971
67.2310278578
67.8068168132
67.9199807182
68.1719128329
68.2401858872
68.6534216336
68.951563458
69.2213215426
68.3355721089
68.0977864267
68.1022880215
68.5169336105
68.6764705882
69.7584661355
69.6611014204
69.8343504795
70.13116802
69.1813804173
69.4547248951
69.2612300458
69.2450265662
69.3912616593
67.9961441137
68.7628991138
68.7052542167
68.373275236
68.2141565175
67.613773176
67.7322074789
67.7652152995
67.7698880732
67.6311682075
67.2862453532
66.8009478673
66.4252641577
66.6983372922
67.6152737752
67.7651288197
68.6211416994
69.1465029493
68.3979082482
68.8918079771
69.5797516714
69.4840703757
68.8820682328
68.9195564992
69.1275167785
69.7559250088
69.7685403873
69.5554504611
69.3372781065
69.5652173913
69.6962561808
70.0332304771
69.893111639
69.7872340426
70.1289398281
70.3526025426
70.292383588
70.8368250928
70.8328325922
70.8602923556
71.0865118518
71.5601891138
71.4528050406
71.6262135922
71.8501565888
71.2721145746
71.00456621
70.2152967765
70.5910277712
70.7481385179
70.9941798313
71.4487799128
70.8967454929
71.2176256885
71.1547507056
71.8506263295
72.4016026396
72.3637650389
72.2072441683
72.1050164088
71.4785040196
71.7449586199
70.7411310151
69.5784543326
70.3480113636
70.775606868
70.3892713031
70.598026394
71.1827698231
71.3701923077
71.7571185203
71.8029223524
71.6879057466
71.7785516993
71.9083603215
72.0902327814
71.388101983
71.4995269631
71.5017878427
71.6830026297
72.1382289417
71.9186326432
72.0182385409
72.7600721587
72.4154416159
72.9322401736
72.6681911181
72.9021399375
73.4662024253
73.4410532615
73.5695475221
74.0535326742
74.4275266755
74.5145338319
74.4278010785
74.1551413109
74.668754517
74.5437079731
74.6749373733
74.9407020873
75.0297548203
75.2607871029
75.185840708
74.0486442453
75.2395419491
75.512835541
75.745526839
75.5682480476
75.1217814892
74.4107744108
75.4292343387
76.4987170516
76.8323996265
76.8815943728
77.2641952135
76.9122807018
77.0911214953
76.8312660894
77.1859058014
76.8148498463
77.8733572282
77.955650421
78.6871574934
78.9842173965
78.4041426386
78.432304038
77.6544230542
77.4608039609
78.1599717281
78.3074387947
78.3961488787
78.6252354049
79.3311273931
79.5296064295
79.5145056246
79.0763765542
78.0312830766
78.1235266384
78.9492242595
79.3893129771
79.6910549635
80.5572234899
80.7352590117
80.745046862
80.5339003071
80.1699716714
80.2386014647
77.9578797918
77.4204946996
77.250794398
77.8222483814
77.4371623209
76.5023474178
77.5020678246
77.5890736342
76.7444615567
77.2156398104
77.7181047858
78.4059864592
79.2093355561
78.9373588494
79.3194029851
79.7030295773
78.7029238359
78.0146970245
78.2989443378
78.0467244701
77.3462783172
78.0115412359
77.3391986684
77.6957867174
78.0355029586
77.8725420516
78.3313468415
78.1872391175
78.6463298379
78.4784426132
77.8120916974
77.8445937979
76.9122146387
76.4263027879
76.6274970623
75.6544195328
75.3913145816
74.991202346
75.6561297096
75.2185569414
74.4394097827
74.228717235
74.8919771108
75.8338209479
75.9972008397
76.9275632801
77.0655103715
77.1950362913
77.8690448252
78.2394366197
76.8890955592
77.0765661253
76.8087557604
76.5797563475
76.289582634
75.8743993742
75.624164066
76.101827969
75.4334936794
75.0222123501
76.0013388374
75.4622965342
75.7582466239
75.22172949
75.9569510707
75.8760848072
75.5531215772
74.9617987339
75.0516136043
75.2750245071
75.1361952495
75.5643217182
75.5394895388
75.6676882662
76.3433741587
76.4892685064
76.8953856223
76.8041237113
76.5444226151
76.453362256
76.3660017346
76.1492698756
76.7993041966
77.9724517906
77.8049322373
77.0175438596
78.016056307
77.9761904762
77.548344805
77.4751405102
77.8527140215
77.9710775253
77.9943686376
77.9042045947
77.5971191619
78.1700054142
78.8335517693
78.7215506915
78.7697332608
78.6003280481
78.6777583187
78.9042889883
78.8990825688
79.3099671413
79.6493150685
79.521218716
79.5823414845
79.4874567474
79.305884889
79.3890675241
79.2645009113
80.2623021895
79.5351351351
80.030159414
79.9957003117
79.9570123589
79.6931988844
79.6597394207
79.5660621762
78.85855546
79.0632721023
79.6030042918
79.5773892524
79.4533762058
79.4375534645
80.1155821918
80.9165232358
80.8060182697
81.1397412595
81.5231226135
81.917604587
81.6647202463
82.276733567
82.7744064729
82.9678518203
82.638741229
82.4446093502
81.7419902398
81.5578587456
80.8818796266
82.4488045459
82.6727913684
82.675578188
82.0101889196
82.016985138
82.2858350058
82.4448432387
80.6475583864
80.7110358692
80
80.5825242718
80.3607214429
80.8171452703
81.1662975852
82.0813523508
82.3864836325
82.9535864979
83.1717597471
83.1874274866
83.6373220875
84.3769832875
84.2379736058
84.6936589546
83.4970530452
83.7322647027
84.2611609556
84.1307901907
84.5403747124
84.4599759747
84.3355119826
83.9224754983
82.1786540368
83.2372505543
84.8793026375
84.7516537728
84.8427603067
83.0987476449
81.9342660449
81.2209173499
80.5649841235
80.7361428727
80.1643954142
80.3395984622
80.0277837145
80.7264957265
80.3392361852
79.5073263963
78.4602350948
78.8302606484
78.9051787786
79.5627376426
79.4521974589
79.5685542419
79.2224080268
79.3056286165
80.8320950966
80.8667297781
80.9503561178
81.26331487
80.8891698272
80.7416907128
79.6762980665
80.2081075222
80.3586862576
80.8914434443
79.9479731194
80.3041908305
80.2920509442
79.9344978166
79.4835629814
80.2998796104
79.4356609574
79.3365660128
79.6335136329
79.6349557522
80.0461487749
79.6676441838
79.261207936
79.253764891
78.9239712755
79.0130459444
78.8115449915
79.0154550658
78.7657142857
78.6334552102
78.3234353586
78.7540835868
78.3080750961
78.6387082305
78.8155668359
79.4672960216
78.9426623449
79.4365572316
78.750413953
78.2532559921
78.1812162013
76.891683212
76.3119937868
77.2136429286
77.4600043831
76.8115942029
76.0633036597
76.0952693106
76.2030613369
76.4607679466
76.0940919037
75.6741882223
75.1369112815
74.972831993
74.9728201783
74.9617653485
74.6796959826
74.9437841311
75.4041819358
75.4541522491
74.8485504111
75.9650082012
76.3286069921
77.3214866183
77.5574681338
78.230920621
78.3584516968
78.496845769
78.1371700563
78.8801039749
79.0060076461
78.9324618736
79.3846153846
79.578077425
79.2879558489
79.1563007031
78.4975802904
78.4821232726
78.166611643
78.1532027295
77.5496615248
78.0449614137
78.2072829132
78.1692496376
78.0536466415
78.0417725716
78.4719901994
78.5052983826
78.7738449664
79.2454917579
79.3436079388
79.0143964563
79.2383701565
79.2920353982
79.6038069942
78.6382136179
78.3103523747
79.1712223923
79.1452617772
78.4736669222
77.1616438356
77.7961614825
77.0707624794
77.0730638624
76.8892794376
76.9406641263
77.176057882
76.2301369863
76.2636876452
76.2418768587
75.8828031048
76.1389708292
75.3347969265
76.2800875274
76.7037322471
77.0098576123
76.5905833058
76.4248136782
76.7470012105
77.0828753572
77.1192963167
78.1056587091
78.8979681979
78.9747564216
79.4612044974
79.8796791444
79.2530200598
79.9582233949
80.0132508834
79.9290308272
80.5132763026
80.6059930935
80.9290953545
80.5473453749
80.1223909955
80.1645639057
79.4685990338
80.0920850691
79.8469945355
79.4159466258
78.9251273161
79.6165926568
79.4221888089
79.318865492
79.7843953464
79.4688566553
79.4644762108
79.2993630573
79.0377278508
79.4252261841
79.2238171186
80.1316767548
80.3692699491
80.4800676747
79.9809946151
80.399408284
81.3223317617
81.5166382253
81.078514141
81.3000421408
81.4771889158
81.4475873544
81.0898103772
80.7138448879
80.8943509243
81.3688999173
81.0087493567
81.2865497076
81.0256410256
80.6574216744
79.507267292
79.8397040691
80.0660338423
79.6559844374
79.7226502311
79.6423800226
78.8842544317
78.83204026
79.1486671584
79.4533459001
79.7802662159
79.5809881176
78.8610240334
79.4270833333
79.4215563878
79.8600960535
79.5253461018
79.5060703538
79.7035347777
80.1626518427
80.4228984012
80.3811308966
80.2575991757
80.2480524805
80.0370065789
80.1584819101
79.6134663342
79.8635886674
79.4262897972
79.1558103179
78.7550325178
78.5304952927
78.6337060211
77.4285714286
77.3979591837
77.6206578543
77.7948560303
78.4990696713
79.1987673344
79.0241397021
79.7101449275
79.8250128667
80.0247626909
80.0186258278
80.2816901408
80.2571547076
80.5113813533
80.4413764251
80.0685500623
80.6123518926
80.9906009082
81.3333333333
82.5963060686
83.000528262
82.813320727
82.1946385731
82.705894759
83.1962892684
83.3139596323
83.3913685766
82.8035435122
82.6109770175
82.9802929708
82.7970557308
82.7622231509
81.8143856352
81.9857561793
82.2700998424
82.8087420266
83.3508624316
83.4658853077
82.4255628177
82.1796606641
82.4844074844
82.7202018079
82.4879983302
82.7496351887
82.8206737811
83.2285774146
82.6983792886
83.1441782261
81.9541693189
82.0559158074
82.061921481
82.5321888412
82.9926850258
82.8056241279
82.9009433962
82.8150220596
83.1149138958
83.1527627302
83.1632653061
83.2863340564
83.606024488
83.4949364361
83.6922410994
83.6055006446
83.3802207314
82.8756058158
82.3630504834
82.4700342466
82.8245089667
82.9516267123
82.747299301
82.3050919079
82.4652593614
82.2587486744
82.5423728814
81.9591409115
81.8592436975
81.3051702396
81.5067057837
81.5800459194
81.2866722548
81.6098024717
81.9237672896
81.8969159273
81.8123599103
81.7293233083
80.7832227691
81.1442039854
81.3756953359
81.5101645692
81.7541959935
81.7485985339
81.9413092551
82.1443965517
82.0753698305
82.3872221023
82.2049454703
81.7563188594
81.409978308
81.5986136684
81.4658894646
81.9095477387
82.0362473348
82.0924261874
82.5918762089
82.7616152844
83.4210526316
83.7015970247
84.0104849279
84.2036411207
84.6631109176
84.989059081
84.5220030349
84.6958796599
84.1492602263
83.7840785169
84
84.0971535334
84.0618101545
84.5053238687
83.8803304309
83.6550262189
82.8098804068
82.9987664013
82.9448677723
83.1610873961
83.7904399418
83.9698046181
84.0305035326
84.3434343434
84.1544158905
84.2775729132
84.6822440456
85.3594919483
84.4167310451
85.1827094474
85.2074966533
85.1082931209
84.8114054782
85.1951547779
85.188096575
85.4500616523
85.2639786144
85.6888888889
85.9222222222
86.0282574568
85.6423455685
85.1619410512
84.6196373286
85.0626511321
84.5867542419
83.9728872854
84.2301369863
83.6207843568
83.3241242126
83.0444861464
82.8505595787
82.9656459225
83.3645477581
83.3938194215
83.2491212654
83.2079646018
83.3184755962
83.394221189
83.8194826637
83.9442493415
83.8286713287
84.1228070175
84.64332893
85.2248867278
84.9566267706
84.9933891582
85.0260272455
84.9443403505
84.7811671088
85.3878733839
85.426183844
85.8818273205
85.8415951877
85.2104029468
85.0566969799
84.9635036496
85.4388750284
85.7482185273
85.8403076227
86.7151129783
87.1557536282
87.2442564865
86.1699703805
85.8666061706
86.1699703805
86.7344606947
86.0952162966
86.3953355436
85.9373206291
85.8803418803
86.1079219288
86.5177641477
86.5973425765
86.964058708
86.7261766752
86.5728457723
86.8681066176
87.3521910503
87.41347485
86.6489423188
86.9732246799
86.9752798507
86.5966141273
86.6596268919
86.5996451804
86.125808348
86.151142355
86.3363540073
86.2724268178
86.3346707576
86.4575908767
87.0626041419
87.0553242118
87.1170743291
87.3822301729
87.6727012863
87.6684555754
87.6469889536
87.9295992389
87.9875568318
87.8842030021
88.3062589584
88.5283199617
89.5516992046
90.2424315523
90.8234725912
91.1309811503
90.4306798935
90.1718130482
90.6460945034
90.4198062433
90.6580211335
88.3832475433
87.0407092033
86.1529548088
85.9860788863
85.7962529274
86.0143142086
85.2790100397
84.6466759647
84.9622312609
85.0714787907
85.7647890643
86.2983034873
86.5298419439
86.4177170456
86.0302677532
86.7432150313
86.7447524064
86.140651801
86.2653084583
85.8485160995
86.322153776
85.7452884066
86.1694837825
86.6237646518
87.0018535681
86.2824207493
86.2724757953
86.1659166955
86.3662424034
86.0808798259
87.2210015034
87.6032096755
88.1083616747
88.0188124633
88.4786164992
88.8967551622
89.3415442918
89.2461593426
88.2478886642
87.7642612496
87.8751927868
87.8726689631
86.6509988249
86.9938794727
86.954475944
87.0606275065
87.0708977233
87.294451674
87.6921257981
87.7985030296
87.2718653709
86.662763466
86.4826941066
85.7607433217
86.0898772296
86.4871140005
86.7061418786
86.642599278
87.0352941176
86.4193168433
86.4177170456
86.7462757153
87.0341707346
87.3019654556
86.4474456841
86.6079812207
86.2589170857
84.5119406446
84.0353735164
84.015000586
83.9794488557
84.1120395434
83.5154505933
82.2857142857
83.0695274944
83.1213191991
83.8323353293
84.1734226295
84.5709570957
84.7473560517
85.4423686993
85.9934086629
86.0066240833
86.2633451957
86.8442865601
86.7093105899
86.1357980803
86.4191673586
86.8448945943
86.9161077774
87.6834566162
86.6110262137
87.0628143643
85.352725607
85.6551724138
86.4678899083
86.3279024724
86.5157032317
86.178034159
86.3466121893
87.4815571445
87.6007721131
86.764871247
85.7972309067
85.9494938258
85.7316534041
85.7662624035
85.1385668544
84.0931670162
84.3292615825
84.0141311548
84.9280177187
84.6351547659
84.0093865236
84.2087691965
84.7367827753
84.8186296462
85.4791431793
85.426286744
85.4966961586
84.5505617978
84.1003713289
83.9004797501
83.9879491185
83.8523383535
84.0721006689
84.7716894977
85.4164293039
85.2981494174
85.1105481345
84.8753016895
84.9119576476
84.985607369
84.964833391
84.7708740094
84.6586345382
85.2110219742
85.1395348837
85.1407959041
85.2790697674
84.8527185935
85.0238178227
84.9799656554
85.3157290471
85.3163686382
85.6366369839
85.8590511285
85.6215107668
85.3522091563
85.9183906732
86.9123252859
87.0167339873
87.6323443863
87.790016405
87.658674189
87.3862310385
87.7994624284
87.4956380133
87.9785247432
88.3429107541
88.7475195518
88.2400555042
87.9619003902
87.8152223751
87.7752293578
87.5558611207
87.6136756072
87.440054807
87.7485346512
87.5287620801
88.2427452787
88.6526461752
89.0723087654
88.5651008276
88.6967622142
88.9930555556
88.2482343406
87.8373682382
88.4766983538
88.9290713952
88.8319552812
88.8397017707
88.6686217009
88.9045108377
88.9226810153
89.5403377111
89.4835680751
89.7763204122
89.4975049321
89.4364564007
89.4576905096
88.4360079189
88.132818894
88.3286318759
88.6189409128
88.4384913641
88.6499823757
88.5690692462
88.9504716981
88.4638022366
88.366365662
88.1831954318
87.5698324022
87.6062900408
88.2339153873
88.1405735778
88.215884987
88.0929903233
88.0658436214
87.7726683174
87.8351246014
87.6720385837
88.2681564246
88.6758752084
89.1296540165
88.9234078146
89.6869024857
89.9161676647
89.8046688899
89.5024343902
89.744199881
89.6890150171
89.9738965354
90.3841565259
90.4041006079
90.5635648755
90.449704142
90.4375441073
90.3369731126
90.464519141
90.6484082397
90.7290201594
90.9370199693
91.2704045422
91.0521371536
90.8341187559
90.6485849057
90.1433270677
90.0922203831
90.0329489292
90.2430391694
90.6619385343
90.4470588235
90.9531120822
90.876903104
90.6319355216
89.9988384249
90.2537953413
90.4540703751
90.9492273731
91.1193769615
91.2962962963
91.1500345702
91.1031617817
90.3667088171
90.6663597652
91.0409949332
91.3827189208
91.7902604227
91.8276548414
92.2796709753
92.1817967738
92.2758946498
92.1267289278
92.522703149
93.1050823362
92.8258553333
93.1493815414
93.1591448931
93.2189250387
93.0436847104
93.7589158345
93.8675875208
93.7775133849
94.605513308
94.6392246021
93.7962300167
92.6585887384
92.6250889258
92.9678188319
92.8861788618
94.1105624473
94.3180450223
94.4237022763
94.3901556279
94.8263386397
95.608927705
95.7550030321
95.8404281197
96.2454434994
94.5795523291
93.977506349
93.9732685298
94.0287594443
93.91801484
93.5678878007
93.3993001086
93.8454082869
93.4207361078
93.4657039711
93.9968595241
94.6577831617
94.5167173252
94.0703762328
94.3851564395
94.6249547047
93.7387979448
93.8349630336
94.170457266
94.3557103399
95.6811033148
95.823215153
95.8968772694
95.7010022944
94.0443706252
93.4059429383
92.3447789276
91.4002333722
89.5127610209
90.1782593499
90.431847282
91.01992966
92.3805016564
92.2588235294
91.5501165501
91.4841565704
92.704165686
92.90970681
93.9868204283
93.8837562858
94.4725987036
95.2971759423
95.0908661789
95.5060155697
95.2846870211
94.3502163996
95.1920810747
95.2968841858
96.2330782813
96.6365581174
97.244328305
97.2222222222
97.3750149147
97.4215112809
98.3446468977
98.5313432836
98.5241609141
99.3199713672
99.6885481552
99.5595762409
98.9347851817
98.8874423009
99.3588982548
98.7314759929
98.1496856838
98.81333808
98.7694145759
99.3652694611
99.3315029247
99.2691985144
99.1116446579
99.145813282
98.5702270816
99.0040796736
99.3525179856
99.3649652528
99.5676195052
99.9158754957
100.3251053582
100.3968731209
99.5170248732
99.7453928225
99.8546511628
99.7447429197
99.6839674243
100.2675422595
99.6115090446
99.6469872185
99.7323275338
99.7201265515
99.8298699721
100.6820950061
101.5623092884
101.6075995616
101.3583990297
101.8027828191
101.8637298802
102.4093453395
102.7408941406
102.7277155382
102.8760249663
102.718996063
103.8043478261
104.0924826904
104.4293645898
104.5746785361
104.7000618429
105.1059610856
104.9913301957
104.5297457418
102.5848340071
104.1958902424
104.7953648915
104.8875855327
104.5865949119
105.2244297277
105.0570762244
105.6603773585
106.0172626387
105.3925165077
105.1616839536
105.865784962
106.0783595752
106.3505607021
106.8256880734
106.8549859978
107.2700658697
106.0675790239
107.206988595
106.6529823714
106.2063988453
104.6076913918
101.3179767276
101.0316613305
102.3843586075
100.9841119279
102.2396950203
101.5289794951
101.4434453384
101.1496977599
103.1612980481
101.0915994305
99.9172087522
99.6212121212
98.9023958456
96.5266369397
87.9107323091
90.6939522122
91.2094192958
91.4951989026
92.4589033222
94.2034015967
95.7157784744
96.2735082424
94.4310483408
94.1970466082
94.8973675055
94.6093206585
95.0440018527
95.5522006736
95.2040581047
95.4188783753
93.8074174889
93.4679065548
94.9543378995
96.0954446855
96.990660671
96.9236087107
96.1538461538
96.8160240824
99.2682926829
98.7866300366
100.0346660504
99.6781609195
99.6106275767
101.1217763386
101.6898148148
101.6875215245
103.4159333025
102.4085224641
103.2288145472
103.5069323081
104.9350953105
105.0358023242
104.9245525792
105.3106682298
106.5222510007
106.1941701928
105.5236308197
103.4539089848
103.6804099697
103.3541522091
102.9239092897
100.5943536404
102.6723248079
102.4048324595
103.4553540883
104.6362909672
105.5523689343
105.5606617647
106.6804883667
104.9460638054
105.898554051
105.3698190978
106.0359638071
105.9742023082
103.9928017096
101.3194367447
97.3071004616
98.0260255845
100.457028202
98.6371191136
98.8031914894
97.4466211754
97.73352404
94.9489463393
94.3721535459
94.7835497835
95.0514347591
95.0906918649
97.3872781391
96.5558846112
97.9379157428
97.3817940787
95.978905735
96.491033872
97.2882862858
97.9671618452
98.7155143527
99.2287917738
98.7449574182
97.993048548
97.8344671202
97.2370060016
97.2020842773
97.3129251701
96.9621682665
98.6429467442
99.7252747253
99.4292237443
99.7373829641
99.6251277973
98.5224452966
98.0319803198
98.1011951301
96.2817147857
96.6253971732
94.9196699957
95.1315358585
96.4234933829
96.3437328955
97.7496176535
97.2866949984
96.9284014709
95.0867052023
94.260272503
94.4652606787
93.9231839093
91.3237165889
92.8296644582
90.9827441077
93.7226433223
93.8856226617
94.4284341979
94.9951876805
95.3882453882
95.380521554
95.7107973246
96.9266887205
96.0029924121
95.7533077251
96.2628865979
96.2927143778
96.6232100876
97.1008268012
96.6594594595
97.4527792768
97.5670147486
98.7559498053
99.0750699075
99.1779340184
98.78716325
98.3862349043
99.762572847
100.0752526338
100.3408243689
100.0316288877
97.5820739969
97.4013873072
95.0565262076
96.9146062747
95.8921033666
95.6249358119
93.3211158623
95.5862637929
95.2342075722
95.4802831143
93.6439832369
88.7323943662
91.6263931354
90.6627101879
89.209274673
89.6935933148
91.4835718605
91.96670344
91.0047656871
91.7563795853
91.1279092898
91.2322748153
92.0814249364
93.6615384615
93.7532002048
94.15365779
95.2336928608
95.2214930271
94.5709638064
94.8096885813
93.8870364757
93.4688100293
93.84834027
95.4499289051
95.8947583948
97.0143021192
97.231690941
97.1026405014
98.1286186931
97.9851759056
97.2764270062
98.0478129241
96.6832504146
98.4140233723
97.4527612486
98.3901515152
99.358974359
99.434318039
99.4
98.1829508878
97.0633693972
98.2883817427
98.504966022
98.3687644706
98.4153636268
99.1375727348
99.6028843139
99.5022295966
99.7415219189
99.4590095714
99.1442416744
99.2963576159
99.8646960866
100.6169612046
100.8239146509
100.8335971299
99.541427827
100.3368066519
100.7342914088
101.5036001694
101.2751607124
100.9342817709
101.3833780161
101.3150860686
100.7774538387
101.3065543678
101.7191047681
101.8458549223
101.9205869659
102.5048585619
102.4801374275
102.6965807356
103.2038834951
103.3679878709
102.245508982
102.2640306122
101.6033128053
100.8560558022
102.0563917744
102.3578363384
102.8614136237
102.1711229947
102.374301676
102.6028277635
102.9547157692
102.5790702611
103.19566833
102.7582590456
102.1064766296
103.0912555579
103.7345283824
104.1346153846
104.0339019419
103.6845507434
102.668675347
103.2801035822
102.8353560305
102.8549799935
101.9573915865
101.6628873772
100.1398751883
100.7137449984
99.0473097326
99.6059975922
99.3863013699
98.0383513335
97.5757575758
96.0592755214
94.9782135076
95.6144207518
95.8140048597
95.940147431
95.7738748628
95.6559991202
95.2613315984
95.4190926068
94.4450507476
93.6978480457
93.9367311072
94.3708246632
93.1919521479
91.747782825
91.1563145872
90.454003684
89.1096552465
86.8936716993
87.9645635264
87.2191766097
86.9757412399
84.9535801942
87.8289827049
85.377208761
83.4383532871
82.0016732901
83.0871645517
88.6903488123
89.6577380952
88.2122431688
88.4342202905
88.8794023479
88.285229202
85.4484281358
83.9120739089
84.0783898305
82.0109727791
82.3404706381
71.6030688472
73.0871250765
66.305320736
70.4008841555
65.082685794
68.9215189873
71.7788903648
69.3595859129
67.3140786958
70.5971968312
70.8214721431
68.4305653178
66.6929677483
63.9417475728
59.0364853399
57.4042792793
60.3124096037
65.0494857365
66.0575695058
65.2942910484
67.2842564153
69.9538985769
68.6553873553
66.130771493
65.8790077459
65.4808444097
63.85848319
61.8380660015
60.4325457317
63.4464751958
63.6954413191
63.4891388673
62.6763285024
59.7888675624
59.9790216458
62.5868055556
61.3342215455
62.2517188694
62.9534173349
62.6780082194
60.1565411852
60.2507719659
60.0130220445
60.1279910963
58.3647914557
61.3800779076
61.1905860637
61.4320208024
62.1851817932
60.3415213223
60.6763985855
60.9169519006
61.3466772013
62.3722431415
60.7713004484
61.4512063378
61.6857194702
61.9047619048
62.0163487738
61.7324263039
62.3986303839
62.3791888718
63.9705882353
63.7039724288
64.4952032892
66.6542265348
67.8893905192
66.5493609928
64.723563166
63.6904761905
60.9443207127
59.7135183527
59.1416079236
58.6179152512
60.3000994305
60.868385346
59.1527715187
57.4170261467
58.4201620803
58.1149506973
58.7616926503
58.8643028526
60.1973979363
58.5805179676
57.3830935252
56.9798778297
57.5646743979
58.2302313072
60.1942637222
62.2641509434
62.6500503986
59.7404954178
59.0859728507
59.0410586423
60.4093996695
59.5537599853
58.9001848429
59.8612673416
60.8388312912
60.3522578227
60.9407533598
62.2741764081
62.9579244
64.3237381703
63.1537708129
61.4373356705
62.9880987509
64.2814608972
62.8481448676
62.6797066015
62.5123542202
63.5789681365
63.2553606238
63.6114643451
64.431372549
65.068762279
65.045382794
64.6908984031
65.0406504065
65.8174504358
67.7590873937
68.6249509612
68.0753464767
69.0816025199
67.7153778301
66.1827747467
68.8158156169
68.2955665025
71.3349225268
71.0002997901
71.4947622885
71.6912873078
71.0993615323
72.019684644
72.0794861501
72.9310517362
71.9247897081
72.238776321
71.2952853598
71.4101547005
68.6324451411
70.1844363349
69.2247454973
69.5469223995
70.0223062749
68.9588564806
68.1265676249
70.5699883676
72.0656580639
72.3884305735
73.0015829046
73.3063401146
73.661902415
75.1634634436
75.4715118001
74.0989674654
73.1934956221
72.4451680873
72.3936932633
71.3201820941
73.5413056037
74.3271818531
73.594224924
73.5505193579
74.0698772427
74.0789847523
74.4684889901
74.7102413072
75.710268593
76.4385394762
78.1790093656
78.7286999809
76.945964104
77.1362363619
78.7840094293
77.3371383586
78.087804878
78.9473684211
80.3698992074
79.8467131768
77.7788668888
76.7932896259
75.6772279123
77.4812102525
77.5490573297
75.7816995972
75.6104513064
76.4958898872
76.670191291
76.8286882907
77.3769548115
77.7713570259
77.9685540658
76.3446023819
76.5016311648
75.3234398782
75.3865123779
71.4905399169
73.1291883842
71.7451523546
72.1888014808
73.5096870343
75.730994152
75.0514884853
75.4161572463
76.7996980847
75.7943925234
76.6413786644
77.8062678063
77.4943095599
78.3155487805
77.5007057495
77.6900390068
79.1742504071
78.739113972
80.1333333333
80.5380652547
79.7322954243
80.1127675841
81.6133437378
81.017935046
79.4478527607
80.1365253341
80.2651659672
78.9044730857
77.765194413
78.1199658865
77.914398348
78.2359032288
78.9488609509
79.3856332703
78.7673169353
78.0763790665
78.3373900019
78.6489520958
78.2233361181
77.1106767197
77.0775750875
77.6142883583
79.1542750929
79.5298271697
79.6294589363
79.4098722309
79.2213754476
78.1035106768
78.1210248955
78.2806252272
79.2733878292
79.4141801259
79.3210439861
79.3871353639
79.6243960252
79.9396819594
79.0188748062
77.6780102361
78.0609963331
78.7621797185
79.2503586801
78.3458916398
77.6522284997
78.693079957
78.9950284091
78.8632326821
80.1766004415
81.0502692998
81.4189492591
81.306063868
81.6036470904
83.2502492522
83.2439800091
84.0816326531
83.6089405779
84.5768880801
84.4101251942
85.0377046165
84.7777982666
83.9485766758
81.556039173
83.9450800915
80.9108091081
81.3279132791
81.3544018059
82.6802436585
82.425944379
82.3392022997
83.6979026015
83.2585278276
83.5131247753
83.6061126684
83.5736677116
83.6324671846
82.8051066869
82.9429644198
81.5305306195
81.2755737413
82.4273747995
81.1050115105
81.3415168786
78.9669492992
78.6532454009
78.7415846712
80.0398509919
80.6716092455
81.7764840787
82.4180770616
81.8775145284
80.0229519774
79.4745628679
80.7498897221
81.4140332084
81.1775121735
81.2904385334
80.6709121894
79.9008562416
80.4383263901
80.2565735602
80.623567171
80.5814591333
81.028320044
80.6613684114
81.2379818698
82.4986190389
82.6605080831
83.6018251234
83.4961391757
84.5412418906
83.5561252518
85.0004626631
85.5412707285
85.4643088603
85.4828316303
83.5557976936
84.32304038
84.7386632672
83.8161838162
84.0863727091
84.2455149804
82.9548563611
81.7902350814
81.4238142381
81.6031774689
80.8302698825
80.0840636738
80.351853514
80.3944630417
80.7113046634
79.994576026
80.4282460137
77.1609338799
77.0859388958
77.6110068793
78.4908700322
78.7925139464
79.8670977011
79.7139258726
80.0485961123
81.3210611803
81.709199891
82.0157020267
82.4372759857
82.0767617832
80.2942769453
80.4849468181
78.6336950721
79.4154228856
80.3335711737
80.5466524217
80.1803394625
80.2655024947
82.0195263063
82.2939262473
82.255598525
82.8323071351
82.7433227705
82.8403437359
82.5866594262
82.7929722876
83.3588749662
83.2070023461
82.7776271799
82.5116948543
82.8362255965
83.6676481413
84.4489833813
83.3379616773
84.6958614943
85.2900232019
85.7610015883
86.3333645999
86.9195119644
86.777170842
86.8262910798
86.8312757202
86.5590896372
86.9512536117
86.5391791045
86.3411907202
87.0172173104
86.9075332899
85.083279654
84.93213923
86.8202593042
86.6927958193
86.3750816003
87.087963835
87.2929216867
85.4829704076
86.8849374353
87.2636628727
87.1437976112
87.8007198333
86.0689004247
85.5824465581
82.4354243542
81.3382218148
83.9910439407
83.8793745346
83.2417326502
83.4617169374
81.7980840088
80.0865800866
80.7162024614
77.1546203111
72.9686242961
74.2923892533
75.3800217155
73.3039805912
74.810537712
76.8832819023
76.8134362233
76.8340472068
76.5381460213
77.0796867803
77.477144704
75.8418203505
75.3356630495
75.3813830273
76.188734455
77.1038251366
77.6495374187
78.9980732177
78.7064949301
78.9892158655
78.465728552
79.0786251927
80.0691663633
79.6249320529
78.5366732745
77.5328037133
77.7440385818
78.0400572246
75.6711260742
74.9756486319
73.5137028281
73.7903225806
73.5608985609
74.4950598933
74.9106130636
77.031208558
77.5092936803
77.3391165796
77.7463793712
78.1128404669
76.7730651509
75.3984753985
75.6057316544
76.8559713862
76.9653607888
77.8116295265
78.0551675978
78.4267709691
79.2779339424
78.3672395651
77.9743322928
78.1447220541
78.9350851413
78.3171798611
78.9496378061
78.5014607321
77.9606104527
78.6707882535
77.9646473314
76.70391538
77.0110003438
77.2778208775
76.7110428401
77.5012827091
76.8521679754
76.1539117823
76.2594242632
76.1791044776
74.3734230446
74.3682920646
75.1630112626
76.4730962736
75.7814485388
74.8338800572
76.6976351351
76.5751347709
77.3564189189
77.2268058596
76.4735432016
77.1296684851
77.4136775059
77.9003199192
78.1728436376
78.3402489627
80.376390077
80.1200171453
80.4426145136
81.3121783877
80.8572404372
80.4558885606
80.4166315257
80.8130218436
81.0537833516
81.058449171
81.168994063
80.5673758865
80.9190226003
80.5652826413
80.6943056943
80.9397530455
80.7312252964
80.6964358869
80.8777686628
80.5400981997
81.2167362646
80.8356409839
80.5318370334
80.4709703613
79.3837123991
79.9286929746
79.6130710454
79.8322065651
79.9790187218
80.2035002035
79.0693877551
79.2284625983
79.0210916117
79.5421570208
80.6360481072
80.9272491069
81.7543576501
82.6214303149
82.3037584219
82.0402532056
82.6646854879
82.1952828633
81.3263957714
82.0529801325
81.3386746787
81.5912117177
82.5948837987
82.3003675242
82.0388754484
80.7389611465
82.064537647
82.019560311
81.0268044702
80.9459573392
80.2875773282
81.4552804447
81.7298836138
81.7753143614
81.7648031757
82.2882837872
82.3192314175
82.4348117716
82.6743893226
83.0342985897
83.4584584585
83.1568330812
83.2070707071
82.902818679
83.2467750042
83.5650862791
83.5770998746
83.3001658375
83.2490675508
83.1177446103
83.1074977416
83.1028557401
82.7665140615
83.0640578063
83.2245963138
82.1267893661
83.3250124813
82.888500873
82.3919714689
82.3169218039
82.2931422381
82.6846307385
82.6813332231
82.1250829463
82.2755482002
82.5457253993
82.0825823366
81.8754663792
81.7948717949
82.38542697
81.82716863
82.0265479429
82.2456256738
81.6688567674
81.8263792114
82.568359375
82.2919219146
82.6830658956
83.3718054411
83.5393999341
83.374303507
83.2935167641
83.5690515807
83.5352100911
83.5747585748
83.7310558486
83.5955808504
84.300824519
84.3588890737
83.8556821016
82.5684280162
82.3447025869
82.4977508792
83.0389270527
83.310141606
83.1764224314
83.0162488773
83.6108821105
83.2482713204
82.9923588859
83.5386523357
83.6604554865
83.1286307054
82.9224342698
82.3740713528
80.1326646174
78.5960137677
77.4749150668
80.6976367757
81.3902616868
81.8910386141
81.9754283867
82.5499555052
83.4445710565
83.977449138
84.5697329377
85.5427672435
85.7888198758
87.3737373737
86.9404551944
87.5105770858
88.9429229588
88.9247768806
89.5376508584
88.9603248456
87.6621746045
87.9306009555
87.9829758825
87.9201331115
86.5018541409
86.655126937
87.8822850548
87.872096827
87.9567425856
87.7355398984
88.1612296623
89.1664605491
88.7547908342
88.9123548046
89.0287477668
88.2000647459
86.5942028986
85.2894019561
86.2803407812
86.6280006444
87.1014609734
86.6839252488
86.188782932
85.3083629319
85.5989015427
85.8828315704
86.4510347075
86.9767822106
87.1531178583
85.9795501022
86.5348321982
86.2939585212
86.3525390625
86.5443672216
86.4670174019
86.6753436915
86.4654963191
86.1243632247
86.3749498193
86.0498677143
85.8997995992
85.0594905374
85.1730214675
84.735152488
84.6073634395
86.0536275062
85.463800905
85.1493139629
84.9883786167
84.8728031458
84.8249338995
85.1807325479
84.3744968604
84.5028534684
84.3664023305
85.2169689119
86.1623019722
86.2805123661
86.9835880023
86.7205169628
86.8305744888
86.5641440712
87.4208218288
86.6430069366
85.6706827309
84.4721979158
85.0529309528
84.7765915382
84.1485578823
83.6734693878
84.6214573301
84.5305608066
85.123253258
85.1616446955
85.1233842538
85.4566744731
86.0390625
85.7231823136
84.8190167477
84.1817902184
83.2653061224
82.3977237773
82.9775502166
82.3206154812
80.3058531284
78.2695866749
78.3833435395
78.9243516956
79.4219386579
80.511599324
80.1381427475
80.5661820964
79.4675642595
79.7570850202
80.207293666
80.4629416724
80.3930600338
80.9029660033
81.1273006135
81.7069416654
81.7986659511
81.977500574
82.6217170941
81.9005219527
81.1779178841
81.5044590927
82.1619113895
82.3224107212
80.95717494
79.5889987639
79.3389700231
78.4212948757
79.2155959782
79.7985235312
77.8814531549
78.6337209302
77.9126584211
74.9235240135
74.7840048933
74.2966360856
76.1755245826
75.5795271976
75.0728862974
75.0134999614
73.7076238687
72.6678961119
73.86258838
74.3845386916
74.8829354418
76.7926988266
76.3961337834
78.8655006965
78.0092236741
79.6380790349
78.4250518075
78.6998616874
78.9647492512
78.4598815293
78.7391370636
79.5615437314
79.3407261127
78.6811682385
81.1751326763
81.1633719609
82.6317430621
81.0317833098
80.4935186631
81.1242788087
81.1972491404
80.7322976032
80.427849086
79.2152292152
78.854215184
79.3917875888
78.3529774285
78.3887861984
78.091056159
77.0036184464
77.1118633636
75.6848261003
75.9356229786
75.0967043169
74.9633854929
75.3904732302
77.1557773273
78.024287716
79.5299410487
79.302307513
79.716356269
80.0591071706
79.5507539251
79.9099169061
79.1216478819
79.1291524371
78.453511914
78.5207700101
77.4654485828
77.3520249221
77.3915072329
77.3776114749
78.3602986932
78.5920324316
79.2324527122
79.3614862228
79.200436409
79.0489532259
78.6895475819
78.7162949724
78.9392656454
78.6291253173
79.4677097714
79.4816745898
79.1898148148
78.8500077077
78.4737165693
79.2655757855
79.1849288735
79.1931896618
79.0881832859
79.2738159208
79.7756262487
79.9984643735
80.3367315416
80.5942575629
81.0282459786
81.4380101049
81.9410987645
82.393493416
81.5894446149
80.7583733883
80.8804455634
81.7599511972
81.5717331709
82.5917132573
82.1773082223
83.0348220463
83.1651906045
83.7351732692
82.8702266377
83.3514352211
83.652187549
83.9301104756
84.9001499724
85.0675138999
85.4925990769
85.1869568684
85.4042758399
85.6329672092
86.5933532789
86.6189825605
86.6092277961
87.2893713545
87.6348884381
87.6651982379
86.8191809818
84.9870926105
85.6714725417
86.6807955657
87.3339384438
86.3535411697
87.0823685081
87.2699899632
87.7937010498
88.2186302283
88.5738115096
87.7143096094
87.1713546449
85.5153662355
86.2290756164
87.0559006211
87.2048553375
85.865695123
85.2669742914
85.7390729571
85.7260251459
85.1215905357
84.83220367
84.9353430525
84.1083374123
84.0156262717
82.9228905935
83.5209328691
84.4336569579
83.963409698
83.3051733848
84.0681524548
84.1891452714
84.1972290139
84.6643282486
83.4874290349
83.4889195552
84.2229647136
83.8561034762
84.1834271923
83.1883132434
82.9483477703
82.6930788355
82.4399260628
81.4027799968
81.6641355607
80.6863527534
80.1402055286
80.8571885495
80.3465900016
79.7620948427
79.9503165318
79.7431781701
78.8157790301
77.8129450862
78.2598350254
78.913686905
77.0782056372
77.3626897703
77.8432621854
78.2608695652
78.0170016684
76.913355975
76.3170272813
75.7371920219
75.9965541546
76.5669291339
78.4679908206
79.1019823262
78.4494399873
78.7729476278
78.7347197968
79.1967616477
79.1894678404
79.1420700512
80.136119025
80.4246586155
81.0194020356
80.7035820178
80.9056543071
79.524112685
79.9078414237
80.3636943691
79.5570022229
81.6839584996
81.3850063532
82.159399457
82.0627444719
82.2504595221
81.1464968153
81.1773140035
81.1968528968
81.7153778769
80.2759933381
80.9757642959
80.6273644388
81.3721611142
81.7013560391
81.9446627889
81.4998036906
80.5568627451
80.0015635994
80.4380132968
81.3591168872
81.9217473287
82.016583229
82.1456477575
82.2724429152
81.7698145685
82.9874213836
82.7405612444
83.1562377017
82.9228114214
83.1995593327
82.6825260193
82.3059450145
82.6744369192
82.9372285827
83.3610780816
82.8825962456
82.9919009052
83.2857142857
82.6179917643
82.0971666274
81.9197482297
81.7852644836
81.5306122449
81.6062992126
80.8562450903
80.8740601504
80.2974559687
80.1552454132
79.9247766808
81.2648034107
81.2348573662
81.028410425
81.2145245315
81.4076611647
81.2524249243
82.7321805805
82.5720585919
82.1004638
82.1915660762
81.4785809382
81.8004219739
81.0714007631
81.2057013786
80.602006689
81.0917844386
80.9193611219
80.8940552348
80.2654176425
80.3063629222
80.3353180821
80.3904589467
79.890539484
79.7214833359
80.0297362861
80.5315979301
80.1049992164
80.7307662021
81.0448232323
81.7028985507
82.2979397781
81.9249385067
82.3304070231
81.8979966478
82.5618515563
83.0793905373
82.577146958
82.4980047885
82.5609173435
82.8941063728
83.3119589612
83.388303435
83.1554449884
83.8852274554
83.1575583253
83.1833027961
82.6615788218
82.8698553949
82.8383100381
83.2892522241
83.6511156187
84.0579710145
84.4305544281
84.8165400016
85.3809366755
85.6106209285
86.2179751215
85.8797437161
85.9572719803
85.7844742876
85.5958634274
86.0302005116
85.7483552632
85.7376646756
86.2191103789
86.2838784084
86.3071222725
86.3876071193
86.7919861489
87.9218620116
87.796327212
88.1999499291
88.3806651588
88.6197325259
88.644039176
88.4222953031
87.6956741289
87.8549029579
87.842074049
88.6949080017
89.0140118628
89.3776362228
89.950619423
90.2593459971
91.350174216
91.3474068283
92.4061810155
91.9845654652
91.4602233077
92.4017236831
93.4379961192
94.0090933405
94.318384849
93.6258865248
93.4318845711
94.6258747533
94.5709912668
94.3546939508
93.6075893253
93.3858686028
94.1653160454
94.6937289524
94.4610914374
94.8260239217
94.9544626594
95.3150684932
96.3727213843
96.4632904361
97.0250862632
96.3374754742
96.129394166
95.6130588017
96.2304742307
96.2230719015
96.7280545947
96.2862993299
96.3253856942
96.6842006387
96.8206470918
96.2082202041
95.2164220695
96.4399177724
96.1416292975
93.8165137615
93.6891420173
94.5778680953
95.6163357063
94.8749066468
95.6196880545
96.1303653611
97.466071937
97.9226498181
98.8542268438
99.0117060065
99.0300585806
99.53978907
99.3124522536
99.0844062947
98.3578547698
99.3686627128
99.0981583444
98.7344163204
98.3259663312
98.923105989
98.5742611651
97.9680150517
98.0689525245
97.3495100327
97.7466105657
97.3068350669
100.0673271136
100.8939850355
102.6880126495
103.9155432197
105.166566926
105.1394422311
103.9390340459
101.7944695038
101.1705033164
100.2240623478
101.1282252526
101.9932566442
101.8974766541
101.857000993
101.9982105577
102.3149528068
100.7246376812
101.4218474211
101.1216229396
99.9708171206
100.5489657877
102.2400634354
101.7482864806
100.7724301842
100.6921099466
101.2419274714
101.6864776999
101.3655355141
101.2680233153
101.2197621976
100.4902962206
100.3502266172
100.5224339275
100.5938363878
100.4557224236
99.4599001325
97.4136189129
97.3314464773
98.5184428323
97.1627625202
97.4576271186
96.8217132479
96.9047619048
96.4153399419
94.2656234525
92.8592134506
92.4846476265
93.4031206794
91.3557515263
91.0280909612
90.69262024
90.2949213229
90.5508072175
90.516584064
90.7395069953
90.3232125367
90.3247896693
90.4114944776
90.5217901114
90.7085691977
91.1010706217
90.5939610648
92.1236291127
92.1296296296
90.9409409409
91.7033626902
91.5564084436
91.9741883444
92.7164360036
91.6507968327
90.5432196669
89.9920571882
90.855486708
91.6774129551
91.8679789243
92.0168912125
92.2144288577
92.1484724848
92.4227318046
91.9558676028
91.6899163013
90.7521820143
90.1645768025
88.8376655223
88.1144317735
88.6846811047
88.2335477486
87.9439621152
87.8458981128
87.0350690755
87.785157378
88.7025255446
88.370970855
89.4220390541
89.7113685451
89.1585127202
89.6114040227
89.2818653865
88.4207453537
88.121034651
88.9753694581
89.1982622433
89.0752985296
87.2131466356
87.3620470749
87.8233500541
87.431264729
89.0721239817
89.8429735639
91.3992425752
91.3073922177
91.0666534614
91.9123505976
93.2885232745
93.2152506755
91.8988596926
91.7966034363
92.3145488759
92.806826074
92.7319536588
93.9041368337
93.4897127522
93.4077881004
92.9312901631
92.4844659237
92.5621471724
91.628959276
91.7190569745
92.0980392157
91.3174819723
91.3449382476
91.832165109
91.4631782946
91.4316177183
91.6455942424
92.8087903463
93.2715988573
93.1970114039
93.8775510204
94.2385611226
94.3704719013
94.6189218276
94.8071070973
95.1956074125
93.6490955067
93.613085386
93.3528265107
93.4837827276
93.058419244
93.2025502697
93.0390325435
93.183838783
93.7950083851
93.4936908517
93.9429811581
93.2230102443
92.94269029
92.7451369591
92.5151786603
92.6875310482
93.1854516387
93.8439943854
94.0034037441
94.343778156
93.7637637638
93.342089311
92.6762560778
93.1265887138
92.3232732429
92.6281396774
93.0953355155
93.1988118406
93.8163454602
93.3865683866
92.0690007145
92.2568172568
93.6124254269
93.9074762495
94.1605839416
92.8110599078
92.0721649485
92.4832214765
92.2348094748
91.3842678168
91.6236847535
92.2844648063
92.8318768206
92.988661188
93.0559899906
93.2449363124
93.0478483928
93.3494431603
93.7158469945
93.9684210526
93.760539629
93.4787167121
93.8355448751
93.2903360033
93.2295475917
93.4417628541
93.1999161777
93.5691987513
93.4192882929
93.2834269079
93.2329254262
91.9624217119
91.4771541832
91.6276163699
91.7178872799
92.3775712645
90.5215231788
89.1855944342
89.3939393939
90.329218107
89.51291739
90.2148216672
89.4387076986
88.8191844582
90.8231707317
90.3752535497
91.4620478859
91.6249105225
91.4358712315
92.7757824525
92.4764247642
91.8650996423
91.9348268839
91.9800264955
92.5368550369
92.3084790836
91.9328419328
92.0250436211
92.7406951707
92.2456068655
91.8666666667
91.5262889229
91.1104307001
90.537525355
91.3660978849
91.9942669943
93.6682796252
93.7183593346
93.0546955624
92.5319324269
92.2287239503
91.9458303635
91.4943227899
92.418699187
92.5955979308
92.6197011284
92.662430826
93.0265848671
93.4715978749
93.6701094181
94.2023068286
94.5448973337
95.1249614317
95.5576169862
95.744019882
95.8908373975
95.8324672625
95.959491578
95.5243889863
95.3725410254
95.333197473
95.5458603896
95.5496850234
95.8562410914
94.923857868
95.9709581757
95.5048126152
95.5858254814
95.7636680685
96.130952381
94.9478420945
94.7589313133
94.7287771989
94.793481603
95.0548886837
94.759959142
94.9171609736
94.7196070405
94.6519697898
95.1137748883
94.9262836807
95.3256782847
95.2550656756
95.6290849673
95.7259713701
95.461021779
94.9812049172
95.0385551948
94.5406664641
93.6202531646
93.5153237264
93.8320610687
94.2178258209
94.1709976562
94.3326866129
93.9236641221
94.4015444015
94.6672094443
94.6964267431
94.8544485445
95.1530088314
95.5947136564
95.6726825267
95.8064185379
95.864045864
95.7891517129
96.0774325013
95.8477861661
95.7628844979
95.382572275
95.4438655634
95.8133849445
95.8533346951
95.9539339584
95.7525015316
95.582697201
95.5991462547
95.4384186518
95.4522434924
96.4971063052
96.090807289
95.635731807
95.5083707636
95.4378818737
95.440698619
95.6057369545
95.0668557536
95.0552234269
95.3875850858
95.2322862661
95.2201769552
95.0445885691
95.1840210889
95.0238167629
95.270955957
95.9102902375
95.8863659505
95.7739307536
95.8044806517
95.8533346951
95.9131150916
95.5985191279
95.3586065574
95.6036072966
95.5423171734
95.414624183
94.7110475802
94.4789650606
94.6357412895
94.7955010225
95.3278688525
95.4689902614
95.1820785597
95.6820512821
95.7510288066
96.2170542636
96.5223710163
96.7772117684
96.6417134539
96.8883338537
97.0166320166
97.0011414341
97.1598002497
97.3933896361
97.47713655
97.965817343
98.5151642797
98.5077763766
98.390682901
97.9357310066
97.7682861719
97.4027362121
97.0421176723
96.7838765009
97.3450380045
97.138246369
97.6418169963
97.3193854201
96.568627451
96.252315067
96.6031573217
95.4970633022
95.7572443958
95.4952984911
95.8219102972
95.3333333333
95.1953251813
95.2025469316
95.1203572596
95.420591101
94.9577098243
94.8089790632
94.0783087046
94.0790887599
93.4482389466
92.8843307253
93.0943035961
93.5260238908
93.8688314463
93.7933240909
94.2507776467
94.7943722944
95.0940133996
94.8201593797
95.6897482986
96.0947641714
96.5532333953
98.5983404351
99.0995098598
99.1371480472
98.3721196836
98.425468337
98.9220183486
98.9788893988
100.4051394837
100.6811359963
100.9261403103
101.6631774831
101.4794967381
101.9266697805
101.5306723184
101.7833943546
102.2141090566
101.9772673455
100.5307855626
100.4471640386
100.6476683938
100.9851632047
100.7327739038
100.7034696554
100.8267433501
100.53911585
101.1179973265
100.1207583625
99.2126923536
98.3760075865
98.7226930882
97.7735670298
97.0459647879
96.375791696
96.2013407033
97.0367725812
97.1322738678
97.6022059705
97.7560622512
97.6632136834
97.3943323727
97.7001806141
98.2269931251
97.7183132242
97.8195758955
97.8203592814
97.5351689311
96.7591485291
96.0203719057
96.2117590822
97.1554918131
97.1418406072
96.4627942742
96.2845010616
95.4588014981
95.7997899895
96.6498177971
96.4629847239
96.9855210064
95.5505724065
95.415879017
93.330976788
93.8328598485
93.4464875059
93.93332548
91.4417613636
91.1471175296
91.7165317377
91.0370717973
91.1152896933
91.4262256627
92.9082240763
92.7240356083
92.8375313358
92.7574590953
92.0361345537
92.3076923077
91.8925316606
93.1284982732
92.8085867621
92.6855375833
93.0395533911
92.7119248603
92.9029957204
93.851094196
93.2760062104
93.4977846964
93.2844786161
93.6984335765
93.6167664671
93.2123978856
93.2648125756
93.58243358
92.3505204551
92.0106847984
93.2993445011
92.4933300994
92.9238985314
92.4626775094
92.7525710829
92.1393155158
93.5356200528
94.2388309977
94.1964819911
93.7380497132
93.2784145177
92.540514776
91.8237483491
91.3757946504
91.0014340344
90.6620375913
90.8820378526
91.1354700346
92.0004811741
92.4553196593
92.7281483265
92.2568233738
91.1626788505
91.0978520286
90.851697439
92.8443649374
92.4229808493
92.1680993314
92.3729826659
93.1303201055
93.1410102945
93.0357142857
93.4705042816
95.2426260704
95.6433998101
94.4843263939
94.0461871542
94.2922374429
95.241519837
95.3594067695
94.7166646699
94.8162336885
94.849939976
95.6740563212
96.6178397047
96.3902787706
96
95.8647968357
95.4293294742
95.5752212389
95.4727030626
95.0437317784
95.1154313487
95.1819075713
95.5153617443
94.6625386997
94.9857266973
94.966903959
96.4529331514
96.8038801144
95.6916946831
95.7072925819
95.6603301651
95.3523052069
95.187822244
95.5489614243
95.5341722181
95.9140846809
95.6194471866
95.2422360248
96.1122047244
95.119558553
95.3508447404
95.6769478509
95.5599652735
95.7112841429
94.748575675
94.133496632
94.1147741148
94.2660268242
94.0032015762
92.3360353721
92.1200980392
90.7934955374
89.7609273122
90.2462695621
91.1313106498
91.4867365824
91.9205624769
91.2547999505
92.0223325062
91.5653683949
91.6853094705
92.1629317816
91.4640198511
91.2106957168
90.0259868828
89.8965007393
90.5574094673
90.5286616318
90.5620492415
90.6532787901
90.0284900285
91.9786759236
91.7447233671
91.53894081
91.9731610338
92.4255637224
91.2401451633
91.5096678235
91.5515739704
91.7774189542
91.8542469842
91.2562189055
90.8560794045
90.6925070979
89.4101876676
86.0650852307
86.1477572559
84.5905944139
86.8484848485
86.8794756645
86.3222990178
84.2937582365
84.440706476
84.3033721349
82.304673564
82.7207637232
84.2098957709
85.0223998063
85.2387843705
85.5194883553
85.6423173804
85.5320173327
86.7141305659
86.4417029511
86.6011505273
85.7331889811
84.9052075834
84.2889770405
83.7718249223
84.836411928
83.8605319914
83.6385397965
83.9396840594
84.1695605317
84.2117872544
85.3150222865
86.0252555622
86.4595826337
86.689051445
88.1765696416
88.4504677381
87.1616766467
86.5808604457
86.8221643381
86.8059701493
86.7040974794
87.0206136146
86.6962571977
87.1018339768
87.5333495028
87.7434966727
86.6738894908
86.2135454326
85.6866069266
86.214389184
86.1540318687
87.0475729331
86.9438366156
87.0645554202
86.6223207687
86.7257726881
86.6272626524
86.6961760728
87.3649312377
87.4907839764
87.3244641537
87.8825271471
87.4521427689
88.3660933661
88.8970768853
88.4478308959
88.5773751224
88.9461415777
88.6982103457
88.3675224174
89.0653860362
89.9336283186
90.2532427424
90.0319175055
90.453313624
89.5489277791
88.7140398328
87.4226053175
88.6324993928
86.868808891
87.5437537719
87.4604334064
87.9205265724
87.3083997548
87.1296745993
86.9307170543
87.5121006776
87.315598549
87.501503669
87.3554913295
87.2563176895
87.8371868979
87.8557645924
87.6307248467
87.5902744343
85.7176976355
85.0327186199
83.6911398411
82.8712988085
82.3868991517
81.915268161
82.1563088512
82.4911452184
82.4376993032
79.9486161392
80.4952470367
81.4049101374
79.9534071054
82.2096717261
83.0291538279
82.7504445762
83.2226701447
84.0190249703
84.2380330205
85.6417079956
85.6952680624
84.8575892321
84.2204427697
84.3476229412
82.742897229
82.0767807586
81.2586127699
80.9746633189
79.4891900975
80.3735144312
81.9192845678
80.8791709373
81.9645916619
81.1712631937
80.1529292702
81.8449016505
80.8973639933
79.9598975159
81.2394366197
81.1368037362
80.7453416149
81.6461468308
82.7664657036
83.5641316686
84.6206425154
84.9665039173
84.0517726505
84.9485468732
83.8749717897
85.9547367224
85.3111844351
84.3033111086
84.5821489483
85.1559020045
84.7947344935
84.7864967583
85.6035064059
84.8750844024
84.8963029757
84.9756759814
85.4568125142
85.9563891086
86.2352279122
86.3073807381
85.7398301296
84.7026125625
82.9418899548
83.3223612025
81.1702357776
81.9334561613
82.1775761504
83.3152055688
83.5535655782
84.130624727
83.9382742882
84.423642103
85.1265822785
85.6547488484
84.9211563732
85.9551189014
85.8175750834
86.1853832442
84.5280498664
82.7193932828
81.219955133
81.4795103779
79.7129186603
79.8501070664
80.1437459773
78.5729522184
79.3365134432
80.2644519725
80.1627780792
79.8322074526
79.185717396
79.4726519939
80.0457965325
79.9758613123
79.2270531401
79.7480941332
78.9041994751
78.9705235372
79.2373815296
79.2050944225
79.1382721477
79.8399644365
80.0664084117
79.4495010418
78.5799717299
78.3068218213
78.8556149733
79.9527288354
79.8568834775
79.2048603709
79.1215854312
78.4971343664
78.0286168521
78.3451636826
76.7271968274
76.9775924961
77.7465082343
78.1335007324
78.4766482081
80.2897324733
76.3340830096
74.9083503055
75.5929766917
76.2506420134
76.8524251806
76.7117671177
77.2755227552
75.7766497462
76.103053048
75.3271592511
76.0152794532
77.3736128237
80.2644003777
79.4847726325
80.4739336493
79.9852445194
80.5646958922
79.5649867374
79.846367225
79.2804232804
79.1441010938
79.0387465594
78.7173844703
78.8544858924
78.7144804446
77.6560900716
77.3233820673
76.5743073048
76.9456830158
77.219413549
77.4961832061
78.5311313981
78.1731063309
78.2225374949
78.3355350066
77.4686361797
77.7485320915
77.2271268058
76.5172033303
76.7983991996
76.3226452906
76.5225243303
76.4281419122
76.4918625678
76.5332797104
76.9776157196
77.3191663261
77.4160313208
77.6802313572
78.0210700269
78.6568250338
78.4046290556
78.3963227783
78.0957230143
78.3504098361
77.6510480888
76.7858962601
76.2162714636
76.6116634211
76.63599182
76.6011868222
76.8135110388
76.6829367501
76.3799355359
77.0665322581
77.0046455262
76.6506120811
76.9045468232
77.0770468719
77.4957014261
77.7338202475
77.8860798051
78.4000823638
78.9026915114
78.7941787942
78.0216383308
78.9397240378
78.0674529278
78.9896670494
78.3937823834
79.2407696308
79.2476358724
79.6552082252
79.7397769517
79.3451143451
78.9752650177
79.2452830189
79.7331109258
79.9832670989
79.9347299716
79.9494257718
79.874015748
79.6498905908
79.2725769787
79.0872566189
79.2096574494
80.4824561404
81.3577133249
80.5333052277
81.2733283566
80.5135307905
81.4546633524
82.1685173089
81.7536580039
81.5775019224
81.2915374391
81.7353627375
82.1008216744
83.1307674994
83.9342403628
84.052065648
83.9568587799
84.1725808269
84.3853441388
84.7166571265
84.7106968285
85.0221264042
84.8843831872
85.0477924442
85.0845134765
85.8279520295
86.2497125776
86.4307124741
86.4693689544
86.8191464277
85.8470588235
84.710550887
85.4416961131
85.2622912256
84.7383891828
84.0267197937
84.2468962286
84.4256518675
84.3305513107
83.9683094489
84.2221962889
84.3309859155
84.9911920141
85.3604132425
84.6739757646
85.3669939224
85.6064126394
85.3104726599
85.6895756458
85.6083932033
85.9290715024
85.3588953555
85.2270160379
85.5279573551
86.9836141242
86.6153492647
85.5042966983
86.1798773563
85.9058877018
86.4068767908
86.9455006337
85.8214042263
85.5463894225
85.8374943259
86.4584507836
86.5166010129
85.7110837162
85.448847101
85.4252822175
86.3219821247
87.074829932
86.9397042093
87.4385081798
87.9040548258
87.2803537014
86.4590385917
86.9427472279
87.1465879414
87.2772670525
86.9575019727
86.1871633752
86.2692264511
85.9509683197
87.2243691748
86.5926265171
86.5873197528
86.3952560155
86.6750256469
86.3495702006
86.1930448755
86.5411116215
86.9979343585
86.7561059512
87.0217640321
86.9121813031
86.8649318463
87.0103556956
86.1452513966
85.0686752326
84.7768154564
84.4900221729
84.3083047661
84.5302644683
85.0638534148
85.2751169526
85.106856634
84.4138543517
83.6949302634
84.2404006678
83.6678123961
83.4370831481
83.2223701731
82.3619800241
81.9796119697
82.7097196466
82.3376059092
82.4633749322
81.9000108448
81.6242107555
82.3330053569
82.170880558
82.9728839609
83.5978248807
83.3649871523
83.05329921
83.3426183844
84.1305319624
84.3368090593
83.7303370787
83.3427124367
83.5625704622
83.4481979437
83.866179493
84.0880574883
83.8852850802
83.7926732449
84.2780870158
84.1562853907
82.7205882353
82.4900133156
83.0491474423
83.0851300289
83.5752568111
83.6227175983
83.4189944134
82.8860928627
82.8250222618
82.6833591846
82.2930500221
82.2363292126
82.1495636805
82.6797746603
82.2081190502
82.6277212559
83.0782781019
83.2283725555
82.6129881527
82.9810656099
83.1024326388
84.0563630312
84.5062617755
84.6796657382
84.4721881619
84.0423162584
83.9808527218
84.3183082916
84.7425443985
85.2775904698
85.7014590348
85.8470496025
86.2696629213
86.8209141431
86.1331220285
85.9488224638
85.9490084986
86.7343447017
86.7793127069
86.8391066545
86.8900713234
87.5467422096
87.9630672222
87.9945891106
88.6610644258
88.8069705094
88.9832402235
87.8582537214
88.0573779606
88.7363250726
88.8639677021
88.6897473005
88.4615384615
88.1183745583
87.9576532863
88.1294169611