0.6125
0.6182
0.6224
0.6283
0.6348
0.6338
0.6414
0.6403
0.6309
0.6337
0.6348
0.6339
0.6389
0.6396
0.6444
0.6325
0.6313
0.6308
0.6275
0.6263
0.6288
0.6365
0.6399
0.6415
0.6486
0.6507
0.6509
0.6463
0.6453
0.6484
0.6465
0.6456
0.6368
0.6349
0.6345
0.6383
0.6398
0.6404
0.6316
0.6251
0.6188
0.6169
0.6211
0.6234
0.6248
0.6278
0.6303
0.6366
0.6352
0.636
0.6357
0.6303
0.6263
0.6268
0.6292
0.6297
0.6339
0.6395
0.6398
0.6364
0.6343
0.6326
0.627
0.6343
0.636
0.6347
0.6315
0.6296
0.6278
0.6252
0.6298
0.6363
0.6365
0.6365
0.6387
0.6468
0.6515
0.6474
0.6473
0.6513
0.652
0.6487
0.651
0.6512
0.6588
0.6609
0.6644
0.6616
0.6622
0.6689
0.6713
0.6683
0.6712
0.6667
0.6675
0.6645
0.6658
0.6709
0.6634
0.6619
0.6594
0.6596
0.6567
0.65
0.6484
0.6525
0.6494
0.6436
0.6445
0.6494
0.6584
0.6592
0.6588
0.6587
0.6627
0.6645
0.6633
0.6576
0.6575
0.6578
0.6526
0.6484
0.6546
0.6582
0.659
0.6611
0.6583
0.6575
0.66
0.6682
0.669
0.667
0.6663
0.6647
0.665
0.6655
0.6615
0.6585
0.6576
0.6627
0.6601
0.6514
0.6485
0.6449
0.6464
0.6485
0.6484
0.6442
0.6447
0.6507
0.6536
0.6508
0.6541
0.6593
0.6548
0.6525
0.6537
0.6512
0.6489
0.6494
0.6516
0.6492
0.6491
0.6463
0.6364
0.6382
0.6358
0.636
0.6331
0.6306
0.6323
0.633
0.6398
0.6385
0.641
0.647
0.6449
0.647
0.6485
0.653
0.6519
0.6567
0.6545
0.6487
0.6459
0.6479
0.6422
0.6468
0.6515
0.65
0.6526
0.6535
0.6545
0.6535
0.653
0.6546
0.6623
0.6629
0.6613
0.661
0.6541
0.6543
0.6551
0.647
0.6506
0.6467
0.6443
0.6489
0.646
0.6482
0.6505
0.6513
0.6507
0.6435
0.6454
0.6379
0.6382
0.6407
0.6441
0.6377
0.6397
0.6373
0.6383
0.6407
0.643
0.643
0.646
0.6419
0.6395
0.6385
0.6394
0.6373
0.6361
0.6324
0.6358
0.6349
0.6375
0.6369
0.6362
0.6332
0.6336
0.6358
0.6363
0.6383
0.6398
0.6365
0.6335
0.6354
0.6359
0.6428
0.6428
0.6416
0.6437
0.6439
0.6458
0.6433
0.645
0.6446
0.6513
0.6535
0.6571
0.6603
0.6565
0.6562
0.6548
0.6551
0.6562
0.6579
0.6579
0.6671
0.6664
0.6636
0.665
0.6635
0.6666
0.663
0.6533
0.6542
0.6515
0.6552
0.6317
0.635
0.6318
0.6353
0.6377
0.6333
0.6357
0.6338
0.6348
0.6309
0.6289
0.6277
0.6291
0.6303
0.6321
0.629
0.6271
0.6262
0.62
0.6145
0.616
0.6119
0.6154
0.6081
0.6066
0.6083
0.6014
0.6031
0.6096
0.6157
0.6144
0.6158
0.6143
0.6133
0.6103
0.6057
0.6069
0.6098
0.6057
0.6051
0.6062
0.6113
0.6142
0.6127
0.6124
0.6066
0.6073
0.6061
0.6061
0.6026
0.6004
0.5984
0.5957
0.5967
0.5979
0.5978
0.5925
0.5952
0.596
0.593
0.5928
0.5952
0.5938
0.5879
0.5875
0.585
0.5818
0.5861
0.5921
0.5919
0.594
0.584
0.5836
0.5817
0.5778
0.5806
0.5729
0.5767
0.5681
0.5722
0.5735
0.5748
0.5726
0.5725
0.5696
0.5723
0.5724
0.5775
0.5719
0.5725
0.5792
0.5821
0.5885
0.5915
0.5881
0.5865
0.591
0.5973
0.5994
0.6018
0.6082
0.602
0.6034
0.6022
0.5955
0.5956
0.5973
0.6012
0.6024
0.6018
0.5977
0.5995
0.5978
0.5904
0.5911
0.59
0.5913
0.588
0.5887
0.5857
0.5842
0.587
0.5839
0.5762
0.5822
0.5862
0.5868
0.585
0.591
0.5886
0.5884
0.5793
0.5804
0.5832
0.5846
0.5831
0.5863
0.5851
0.5785
0.5819
0.5792
0.5815
0.5831
0.5905
0.5926
0.5895
0.5888
0.5809
0.5725
0.5721
0.5751
0.5716
0.5698
0.5733
0.5751
0.5767
0.5753
0.5705
0.5656
0.5578
0.5561
0.5591
0.5588
0.5561
0.5488
0.5455
0.5417
0.543
0.5376
0.5427
0.5448
0.5491
0.5504
0.5502
0.5494
0.542
0.5461
0.5408
0.5372
0.5355
0.5339
0.5358
0.5338
0.5345
0.5312
0.5297
0.5237
0.5194
0.5203
0.5214
0.5282
0.5268
0.5251
0.5189
0.5197
0.5237
0.524
0.519
0.5209
0.5213
0.5259
0.5271
0.5284
0.5271
0.5257
0.5213
0.5213
0.5191
0.5208
0.5189
0.5195
0.5129
0.5105
0.5262
0.5214
0.5238
0.5274
0.522
0.5228
0.526
0.537
0.5441
0.5422
0.5466
0.5469
0.5463
0.5399
0.5421
0.5388
0.5408
0.5453
0.5414
0.5437
0.5489
0.5547
0.556
0.5568
0.559
0.5583
0.553
0.557
0.5588
0.559
0.5634
0.5657
0.5718
0.5664
0.5634
0.5568
0.5618
0.5563
0.5535
0.5559
0.5515
0.5555
0.5574
0.556
0.5528
0.5451
0.5449
0.5431
0.5437
0.5473
0.5483
0.5547
0.5523
0.5514
0.5491
0.5463
0.5361
0.536
0.5387
0.5336
0.5291
0.5247
0.53
0.5291
0.5233
0.5246
0.5237
0.5248
0.5223
0.5247
0.5255
0.5283
0.5295
0.5223
0.5181
0.5095
0.51
0.5087
0.5088
0.5034
0.4947
0.494
0.495
0.4988
0.5005
0.4942
0.4917
0.4978
0.4994
0.4965
0.4939
0.4925
0.4883
0.4829
0.4862
0.4879
0.4903
0.4967
0.494
0.4952
0.5037
0.5091
0.5082
0.5108
0.5037
0.5035
0.5106
0.5188
0.5046
0.5041
0.5046
0.5059
0.5084
0.51
0.5182
0.5203
0.5198
0.5192
0.5188
0.5169
0.5228
0.5248
0.5208
0.5183
0.5196
0.5228
0.5281
0.5284
0.5286
0.5236
0.5193
0.5191
0.5214
0.5204
0.5168
0.5121
0.5053
0.5081
0.5065
0.5092
0.5154
0.5176
0.5251
0.5228
0.5234
0.5293
0.5263
0.5259
0.5239
0.521
0.5173
0.5182
0.5162
0.5167
0.5208
0.5177
0.5088
0.5099
0.5109
0.5183
0.5178
0.5142
0.5078
0.5103
0.51
0.5064
0.5038
0.5075
0.5084
0.5071
0.5143
0.5139
0.5074
0.5077
0.5086
0.5076
0.5072
0.5063
0.5057
0.5082
0.517
0.5196
0.518
0.5175
0.5156
0.5193
0.5109
0.5147
0.5183
0.5206
0.5291
0.5275
0.5362
0.5326
0.5298
0.5355
0.5324
0.5308
0.5294
0.5295
0.5299
0.5333
0.5298
0.5279
0.5213
0.5204
0.5224
0.5202
0.5136
0.5203
0.5161
0.515
0.5153
0.5011
0.4966
0.4924
0.4946
0.4855
0.4906
0.4943
0.49
0.4875
0.4931
0.4952
0.4948
0.4978
0.4983
0.5076
0.5081
0.501
0.5024
0.4993
0.5019
0.5158
0.513
0.5132
0.509
0.5088
0.5077
0.5079
0.5076
0.5052
0.5029
0.5055
0.5047
0.5039
0.5088
0.5081
0.5076
0.5139
0.5151
0.5153
0.5135
0.5198
0.5213
0.5192
0.5186
0.5219
0.5216
0.5203
0.5166
0.5176
0.5174
0.5189
0.5224
0.5215
0.5178
0.5211
0.5182
0.5158
0.5171
0.5188
0.5145
0.515
0.5145
0.5207
0.5188
0.5193
0.5181
0.5159
0.5123
0.5052
0.5079
0.5088
0.5083
0.5085
0.5082
0.5115
0.5105
0.509
0.5151
0.5148
0.5198
0.519
0.5242
0.5248
0.5227
0.5212
0.5177
0.5186
0.5154
0.5145
0.5148
0.517
0.5194
0.5197
0.5196
0.5168
0.5164
0.5119
0.5063
0.5072
0.5085
0.5114
0.5091
0.5098
0.507
0.5112
0.5126
0.5088
0.509
0.5174
0.5166
0.5183
0.5191
0.5176
0.5169
0.5122
0.5132
0.5133
0.5158
0.5166
0.5178
0.5205
0.5205
0.5227
0.5264
0.5234
0.5213
0.5208
0.52
0.5231
0.5248
0.5257
0.5238
0.5306
0.531
0.5312
0.5302
0.5284
0.5274
0.5339
0.5336
0.535
0.5348
0.5316
0.5301
0.5306
0.5267
0.5282
0.5308
0.5351
0.5342
0.5315
0.5325
0.5378
0.5381
0.5396
0.5403
0.539
0.5429
0.5444
0.5434
0.538
0.5384
0.5396
0.5365
0.5393
0.5398
0.5388
0.5404
0.5428
0.5444
0.5467
0.5469
0.5487
0.5496
0.5522
0.553
0.5557
0.5588
0.5584
0.5559
0.5575
0.5629
0.5639
0.5657
0.566
0.5712
0.575
0.5724
0.5748
0.5712
0.5684
0.5681
0.5713
0.5684
0.5611
0.5575
0.5643
0.5655
0.5713
0.5742
0.573
0.5702
0.5621
0.5641
0.5634
0.5617
0.5625
0.5598
0.5565
0.5562
0.5641
0.5688
0.5668
0.5587
0.5601
0.5607
0.5564
0.5516
0.5523
0.5558
0.5485
0.5429
0.5392
0.541
0.5359
0.5402
0.5458
0.5432
0.5396
0.5392
0.5292
0.527
0.5363
0.5337
0.5358
0.5399
0.5389
0.5378
0.5432
0.5455
0.5417
0.5467
0.5446
0.5398
0.5436
0.5436
0.5539
0.5512
0.5512
0.5504
0.552
0.5478
0.5441
0.5422
0.5468
0.5474
0.5469
0.5482
0.5526
0.5505
0.549
0.5473
0.5479
0.5511
0.5468
0.5433
0.5442
0.544
0.5445
0.5435
0.5427
0.5425
0.5448
0.546
0.5468
0.55
0.547
0.5485
0.5472
0.549
0.5464
0.547
0.5487
0.5499
0.5499
0.5544
0.5528
0.553
0.5556
0.5551
0.5589
0.556
0.553
0.5549
0.5589
0.5604
0.5621
0.5621
0.5658
0.5652
0.5609
0.5607
0.5599
0.563
0.5636
0.5631
0.558
0.5598
0.5623
0.5636
0.5596
0.5599
0.5566
0.5604
0.5604
0.5603
0.5591
0.5607
0.5614
0.5603
0.563
0.5597
0.5604
0.5654
0.5643
0.5664
0.5662
0.5649
0.5657
0.5616
0.5615
0.5634
0.5631
0.5633
0.5611
0.5638
0.5595
0.5616
0.5631
0.5655
0.5758
0.5744
0.5755
0.5769
0.5828
0.5845
0.5835
0.5843
0.5871
0.5916
0.5908
0.5883
0.5859
0.5904
0.592
0.5901
0.5885
0.5904
0.5874
0.5866
0.5842
0.5917
0.5894
0.5914
0.5908
0.5903
0.5897
0.5902
0.5965
0.5922
0.5909
0.5903
0.5948
0.5986
0.5977
0.6061
0.6056
0.6077
0.6051
0.608
0.6144
0.6135
0.616
0.6152
0.6135
0.6155
0.6042
0.5942
0.5943
0.5977
0.5931
0.5938
0.5916
0.5938
0.5897
0.5946
0.5963
0.5977
0.5995
0.6008
0.6048
0.6046
0.5999
0.5997
0.6012
0.5975
0.6002
0.605
0.6059
0.6049
0.6038
0.6064
0.6119
0.6136
0.6146
0.6142
0.6208
0.6178
0.6211
0.6166
0.6199
0.6208
0.626
0.6319
0.6304
0.6349
0.6372
0.6363
0.6439
0.6442
0.6477
0.6483
0.6477
0.6409
0.6502
0.6559
0.6583
0.6558
0.6586
0.6576
0.6599
0.6566
0.6506
0.6497
0.6518
0.6574
0.6605
0.6656
0.6662
0.6604
0.6575
0.6571
0.6635
0.6653
0.6677
0.668
0.6713
0.6729
0.6715
0.6678
0.6635
0.6628
0.6717
0.6656
0.6655
0.6708
0.6764
0.6806
0.6818
0.6792
0.6793
0.6589
0.6573
0.6564
0.6611
0.6593
0.6518
0.6559
0.6533
0.6478
0.6517
0.6512
0.6601
0.6652
0.6641
0.6643
0.6656
0.6541
0.6476
0.6527
0.6481
0.6453
0.6489
0.6505
0.6528
0.6594
0.6574
0.6572
0.6556
0.66
0.6571
0.6551
0.6602
0.6536
0.6497
0.6521
0.6445
0.6406
0.6393
0.6486
0.6453
0.6407
0.64
0.6413
0.648
0.6516
0.6595
0.6576
0.6594
0.6636
0.6666
0.6614
0.6644
0.6667
0.6726
0.6818
0.679
0.6785
0.6786
0.6743
0.6755
0.6812
0.6815
0.6844
0.6785
0.6846
0.6907
0.6898
0.6868
0.6907
0.6911
0.6896
0.6896
0.6896
0.6913
0.6919
0.6985
0.7049
0.7003
0.7013
0.7049
0.7044
0.704
0.7064
0.7076
0.7004
0.7024
0.7094
0.7074
0.7098
0.7168
0.7157
0.7171
0.7202
0.7189
0.7111
0.7219
0.7218
0.7229
0.7235
0.7188
0.7188
0.723
0.7224
0.7241
0.7268
0.7308
0.7355
0.7351
0.7358
0.7407
0.7393
0.7405
0.7357
0.743
0.7442
0.744
0.7429
0.7398
0.7371
0.7337
0.736
0.7419
0.7419
0.7413
0.7429
0.7486
0.7522
0.7519
0.7589
0.7686
0.7715
0.7692
0.7748
0.7775
0.7794
0.7773
0.7777
0.7705
0.7633
0.7539
0.769
0.7739
0.7793
0.7727
0.7726
0.779
0.781
0.7597
0.7628
0.7576
0.7636
0.7619
0.7655
0.7697
0.7769
0.7802
0.7864
0.7893
0.7887
0.7933
0.7977
0.7915
0.7907
0.765
0.7731
0.7795
0.7719
0.7716
0.7734
0.7742
0.7621
0.7461
0.7508
0.7595
0.7559
0.7635
0.7498
0.7379
0.7331
0.7358
0.7414
0.7412
0.7523
0.7489
0.7556
0.7531
0.7488
0.7409
0.744
0.7481
0.7533
0.7629
0.7672
0.758
0.7538
0.7616
0.7688
0.7615
0.7629
0.7678
0.7555
0.7335
0.74
0.7438
0.7459
0.7376
0.7339
0.7313
0.7322
0.7326
0.7337
0.7235
0.7199
0.7214
0.7199
0.7285
0.7335
0.7231
0.7052
0.6924
0.6965
0.6963
0.6902
0.6892
0.6882
0.6858
0.6991
0.6924
0.7013
0.6987
0.7071
0.7063
0.7162
0.7134
0.715
0.7084
0.6971
0.6878
0.695
0.7069
0.6996
0.6921
0.6965
0.692
0.687
0.6955
0.6875
0.686
0.6899
0.6896
0.6862
0.6878
0.6999
0.6996
0.6978
0.6919
0.6947
0.7052
0.7136
0.7119
0.7155
0.7227
0.7217
0.7223
0.7283
0.7233
0.7246
0.7224
0.7318
0.7327
0.7318
0.7137
0.7156
0.7103
0.7101
0.6988
0.6978
0.698
0.7011
0.7042
0.7062
0.7046
0.7038
0.7144
0.7163
0.7156
0.7135
0.7137
0.7168
0.7193
0.7149
0.7156
0.7241
0.7241
0.7167
0.7041
0.7053
0.7025
0.7036
0.7
0.7067
0.704
0.6956
0.6895
0.6922
0.6941
0.6969
0.6863
0.6972
0.6967
0.7031
0.6946
0.6973
0.6974
0.7013
0.7014
0.7067
0.7145
0.7133
0.7138
0.717
0.7151
0.7273
0.7246
0.7208
0.7247
0.7236
0.7282
0.7358
0.7332
0.7307
0.7238
0.7306
0.7306
0.7261
0.7284
0.7351
0.7395
0.7383
0.7475
0.7451
0.7449
0.747
0.7458
0.7462
0.7451
0.7546
0.7574
0.7611
0.7575
0.7609
0.7589
0.7643
0.7683
0.7717
0.7733
0.7832
0.7783
0.7847
0.7833
0.787
0.787
0.7923
0.79
0.7852
0.7713
0.777
0.776
0.778
0.7761
0.775
0.7565
0.7519
0.7512
0.7587
0.7552
0.7635
0.7547
0.7625
0.7634
0.7649
0.764
0.7662
0.7689
0.7787
0.7797
0.7719
0.7789
0.7829
0.7786
0.7688
0.7662
0.7611
0.7559
0.7595
0.7629
0.7674
0.7666
0.7588
0.7585
0.7575
0.7592
0.7594
0.771
0.7693
0.7645
0.7755
0.7756
0.7733
0.7752
0.774
0.7746
0.7691
0.7709
0.7688
0.7669
0.7686
0.7826
0.7856
0.7883
0.788
0.7843
0.7892
0.7884
0.7903
0.7945
0.7872
0.7874
0.7874
0.7922
0.7837
0.7828
0.7828
0.7919
0.7925
0.7976
0.7945
0.7895
0.7935
0.787
0.7904
0.7939
0.7916
0.7945
0.7858
0.7912
0.7725
0.7719
0.7713
0.7692
0.7715
0.7715
0.7733
0.7696
0.7674
0.7675
0.7661
0.7679
0.7716
0.775
0.7734
0.7782
0.7706
0.7695
0.7668
0.7706
0.7759
0.7751
0.7813
0.7791
0.7774
0.7757
0.7792
0.7823
0.7793
0.7737
0.7779
0.7817
0.7758
0.7726
0.7759
0.7754
0.7665
0.7609
0.755
0.7574
0.7607
0.7578
0.755
0.7583
0.7623
0.7623
0.7601
0.7634
0.7613
0.7569
0.7506
0.7534
0.7547
0.7661
0.7695
0.7674
0.7686
0.7624
0.7608
0.7652
0.7692
0.7724
0.7778
0.7768
0.7798
0.777
0.7735
0.7683
0.7686
0.7652
0.7616
0.7619
0.7514
0.7498
0.7409
0.7401
0.7402
0.7403
0.7485
0.7564
0.7493
0.7515
0.7499
0.7542
0.7502
0.7527
0.7649
0.7646
0.7638
0.7584
0.7555
0.7596
0.7586
0.7623
0.7655
0.7712
0.7733
0.7672
0.7653
0.7599
0.7653
0.7739
0.7727
0.7681
0.7686
0.7612
0.754
0.7523
0.7551
0.7559
0.7567
0.7583
0.7579
0.7522
0.7477
0.7533
0.7615
0.7649
0.7672
0.7672
0.7689
0.7712
0.7737
0.7714
0.7677
0.7707
0.7671
0.7661
0.7667
0.7689
0.7706
0.7634
0.7576
0.7566
0.7534
0.7581
0.759
0.7637
0.7627
0.7633
0.7564
0.757
0.7564
0.7591
0.7523
0.7557
0.7486
0.7536
0.75
0.7476
0.7495
0.7525
0.7481
0.7505
0.7561
0.7535
0.7577
0.7496
0.7471
0.7459
0.7417
0.7386
0.7322
0.7325
0.7353
0.7336
0.7309
0.7316
0.7278
0.7315
0.7317
0.7337
0.7327
0.7361
0.7351
0.7379
0.7394
0.7354
0.7377
0.7393
0.7393
0.7431
0.7482
0.7522
0.7542
0.7475
0.7505
0.752
0.756
0.755
0.7555
0.7462
0.7435
0.7412
0.7327
0.7331
0.7305
0.7283
0.7311
0.726
0.7278
0.7325
0.7336
0.7336
0.739
0.7479
0.748
0.7533
0.7537
0.7492
0.7567
0.7507
0.7545
0.7538
0.751
0.7485
0.7485
0.7468
0.7532
0.7514
0.7542
0.7533
0.7513
0.7486
0.7572
0.7534
0.7544
0.7494
0.7419
0.7431
0.7407
0.7398
0.7374
0.7391
0.7392
0.7381
0.7381
0.7379
0.7417
0.739
0.7364
0.7401
0.7396
0.7384
0.7433
0.745
0.7468
0.744
0.7398
0.7337
0.7336
0.7337
0.731
0.7329
0.7361
0.7379
0.7376
0.729
0.7222
0.7169
0.7192
0.7147
0.7108
0.7056
0.7085
0.7057
0.714
0.7164
0.7175
0.7212
0.7272
0.7306
0.7271
0.7272
0.7334
0.732
0.7269
0.7286
0.7374
0.7387
0.7468
0.7368
0.7443
0.7453
0.7452
0.754
0.7577
0.7603
0.7619
0.7608
0.7708
0.7715
0.7716
0.7684
0.7726
0.7757
0.7779
0.7711
0.7618
0.7663
0.761
0.7669
0.7574
0.7518
0.7567
0.7517
0.7576
0.7582
0.7585
0.7634
0.7525
0.7474
0.752
0.7527
0.7405
0.7416
0.7426
0.7497
0.7467
0.7391
0.7385
0.7378
0.7381
0.7369
0.7381
0.7378
0.7329
0.7322
0.7317
0.7334
0.7288
0.7318
0.7423
0.7431
0.7443
0.7405
0.7456
0.7515
0.7476
0.7517
0.7524
0.754
0.7532
0.7492
0.7458
0.7489
0.7513
0.7522
0.7538
0.7533
0.7603
0.7631
0.7665
0.7661
0.7654
0.7641
0.7611
0.7658
0.7635
0.7608
0.7663
0.7672
0.7662
0.7598
0.7643
0.7689
0.7622
0.7583
0.7632
0.7623
0.7628
0.7626
0.7559
0.7588
0.7602
0.7636
0.7624
0.7666
0.7712
0.7713
0.7654
0.7594
0.7538
0.7515
0.7514
0.7527
0.7545
0.7508
0.7543
0.7515
0.7535
0.7567
0.7524
0.7521
0.7529
0.7499
0.7486
0.7465
0.749
0.7444
0.7437
0.7453
0.7426
0.7447
0.7445
0.7442
0.7505
0.7508
0.754
0.7537
0.7543
0.7585
0.7583
0.7576
0.7584
0.7601
0.7643
0.7689
0.7694
0.7751
0.7745
0.7741
0.7696
0.7716
0.7754
0.771
0.7687
0.7673
0.762
0.7651
0.7649
0.767
0.7688
0.7701
0.77
0.7759
0.7748
0.7788
0.7789
0.7828
0.7839
0.7888
0.791
0.7895
0.7861
0.7878
0.7906
0.7858
0.786
0.7843
0.7853
0.7829
0.7813
0.7793
0.7845
0.7859
0.7841
0.7832
0.7844
0.7822
0.7838
0.7887
0.7883
0.7882
0.7962
0.7909
0.7862
0.78
0.7812
0.78
0.7769
0.7814
0.7835
0.784
0.7824
0.7863
0.7882
0.7895
0.788
0.7921
0.7817
0.7771
0.7734
0.7716
0.7721
0.7739
0.774
0.7746
0.7767
0.7767
0.7782
0.7814
0.7774
0.7726
0.7783
0.7834
0.7845
0.7869
0.7867
0.7857
0.7909
0.7892
0.7923
0.7925
0.7927
0.789
0.7853
0.7833
0.7716
0.774
0.7769
0.7764
0.7808
0.7842
0.7855
0.7853
0.7878
0.7954
0.7987
0.8028
0.8016
0.8065
0.8058
0.8097
0.8083
0.8066
0.8078
0.8105
0.8175
0.8131
0.8187
0.819
0.8161
0.8161
0.8258
0.8252
0.8278
0.8325
0.8322
0.8364
0.8359
0.8355
0.8369
0.8328
0.8275
0.8327
0.8267
0.8297
0.8321
0.8286
0.8256
0.8241
0.8204
0.8251
0.8286
0.8293
0.829
0.8314
0.8332
0.8348
0.8242
0.8227
0.8244
0.8206
0.8201
0.8245
0.8205
0.8186
0.8197
0.8195
0.8215
0.8266
0.8321
0.8343
0.8357
0.8414
0.8417
0.8416
0.8434
0.8436
0.8406
0.8349
0.8404
0.8419
0.8464
0.8458
0.8465
0.8481
0.8477
0.8469
0.8374
0.8468
0.8501
0.8584
0.8551
0.858
0.8559
0.8568
0.8598
0.8619
0.8618
0.8645
0.8691
0.8725
0.8733
0.8776
0.8794
0.8758
0.8836
0.8833
0.883
0.8786
0.8533
0.852
0.8588
0.8517
0.8582
0.8566
0.8574
0.8534
0.8615
0.852
0.8448
0.8416
0.838
0.8226
0.7839
0.7933
0.7979
0.8004
0.8043
0.8142
0.8244
0.8293
0.8224
0.8165
0.8183
0.8161
0.8208
0.8228
0.8258
0.8269
0.8271
0.8242
0.8318
0.8417
0.8412
0.8412
0.835
0.8362
0.8547
0.863
0.8657
0.8672
0.8698
0.8744
0.8786
0.8858
0.8931
0.8844
0.8856
0.8884
0.8973
0.8948
0.897
0.8983
0.9048
0.9035
0.8998
0.8866
0.8902
0.8936
0.8941
0.8801
0.8952
0.8985
0.9072
0.9163
0.9201
0.9188
0.9262
0.9145
0.9228
0.9203
0.9258
0.9366
0.9246
0.9138
0.8853
0.8889
0.9012
0.8902
0.8916
0.8854
0.8883
0.8741
0.8703
0.8758
0.8778
0.8755
0.8834
0.8803
0.8834
0.8815
0.8736
0.8717
0.8754
0.8771
0.8838
0.8878
0.8812
0.874
0.8629
0.8587
0.8581
0.8583
0.8586
0.865
0.8712
0.871
0.8735
0.877
0.8735
0.8767
0.8783
0.8804
0.8819
0.8744
0.8715
0.8816
0.8801
0.8948
0.8928
0.8962
0.8883
0.8786
0.8824
0.8779
0.861
0.8687
0.8647
0.8779
0.8783
0.8847
0.8883
0.8894
0.8961
0.9015
0.9083
0.8983
0.8974
0.8964
0.8961
0.9042
0.9043
0.8941
0.9029
0.9063
0.9129
0.9212
0.9169
0.9204
0.9206
0.9244
0.9309
0.9421
0.9488
0.9363
0.9408
0.9249
0.9329
0.9314
0.9311
0.9166
0.9269
0.9332
0.9443
0.9385
0.9135
0.929
0.9166
0.9003
0.9016
0.9077
0.917
0.9166
0.9205
0.9162
0.9136
0.9047
0.9132
0.9155
0.9228
0.9271
0.9286
0.9302
0.9316
0.9292
0.9245
0.9245
0.9398
0.9367
0.9293
0.9413
0.9451
0.9491
0.9386
0.9322
0.9392
0.9328
0.9432
0.9335
0.9351
0.9455
0.9492
0.9443
0.9456
0.942
0.9475
0.9422
0.9347
0.9378
0.9541
0.9531
0.9595
0.9647
0.956
0.9616
0.9596
0.9595
0.9622
0.9545
0.9556
0.9551
0.9533
0.9603
0.9586
0.961
0.9507
0.9454
0.9476
0.9333
0.9382
0.9408
0.9435
0.9446
0.9494
0.9545
0.9521
0.9567
0.9545
0.9562
0.9621
0.9569
0.9543
0.9628
0.9594
0.9634
0.9553
0.9529
0.9579
0.9617
0.9665
0.972
0.9798
0.9743
0.9738
0.9722
0.9747
0.9697
0.9624
0.9541
0.9572
0.9575
0.9511
0.9428
0.9415
0.9307
0.9313
0.9149
0.9101
0.9069
0.8896
0.8855
0.8751
0.8719
0.8699
0.8675
0.872
0.8725
0.8698
0.8785
0.8686
0.8654
0.8534
0.8552
0.8617
0.8569
0.8483
0.838
0.8348
0.8297
0.8115
0.8142
0.8114
0.8067
0.7961
0.8176
0.8069
0.7945
0.7841
0.7988
0.8289
0.8435
0.8329
0.8342
0.8328
0.832
0.8127
0.7902
0.7937
0.7773
0.7768
0.7093
0.7164
0.6667
0.7007
0.6533
0.6806
0.7025
0.6834
0.6689
0.6951
0.6966
0.6815
0.6762
0.6586
0.6262
0.6117
0.6255
0.6704
0.6724
0.6645
0.6791
0.698
0.6939
0.6746
0.6719
0.67
0.6534
0.6446
0.6343
0.6561
0.6567
0.6547
0.6487
0.623
0.629
0.6489
0.6445
0.6519
0.6595
0.6558
0.6456
0.6439
0.6452
0.6483
0.6339
0.6618
0.663
0.6615
0.679
0.6608
0.6692
0.6763
0.6988
0.6957
0.6776
0.6826
0.6799
0.6825
0.6828
0.6806
0.6925
0.6906
0.7047
0.7024
0.7059
0.7144
0.7218
0.7186
0.7106
0.7062
0.6841
0.667
0.6628
0.6557
0.6671
0.6729
0.6563
0.6522
0.656
0.6542
0.6596
0.6624
0.6709
0.6537
0.6381
0.6343
0.6453
0.6495
0.6569
0.6765
0.6837
0.6584
0.6529
0.6514
0.6581
0.6486
0.6373
0.6386
0.6455
0.6442
0.6439
0.6446
0.6479
0.6525
0.6448
0.6309
0.6404
0.6477
0.6386
0.6409
0.6325
0.6445
0.649
0.6503
0.6572
0.6624
0.6593
0.6603
0.688
0.6872
0.7009
0.6997
0.6975
0.7018
0.6909
0.6793
0.6927
0.6932
0.7182
0.7105
0.7098
0.7134
0.7127
0.7171
0.7182
0.7288
0.7268
0.7273
0.7183
0.7201
0.7006
0.7116
0.7072
0.7107
0.722
0.714
0.7062
0.728
0.7288
0.7283
0.7379
0.7423
0.7473
0.7587
0.7643
0.7607
0.7607
0.7564
0.7576
0.752
0.7638
0.7733
0.7748
0.7789
0.7844
0.7822
0.7846
0.7864
0.7808
0.7997
0.8097
0.8224
0.8017
0.7989
0.8021
0.7859
0.8004
0.804
0.8213
0.8126
0.7935
0.7965
0.7906
0.8041
0.8062
0.7901
0.7958
0.8003
0.7976
0.8077
0.8065
0.8075
0.8083
0.7949
0.7973
0.7918
0.7948
0.7746
0.7857
0.777
0.78
0.7892
0.8029
0.8017
0.8019
0.814
0.811
0.8183
0.8193
0.8171
0.822
0.8236
0.8166
0.8265
0.8318
0.8414
0.8442
0.8399
0.8383
0.8367
0.8357
0.8288
0.8335
0.8415
0.8326
0.824
0.8244
0.8301
0.8311
0.8352
0.8399
0.8358
0.828
0.8368
0.8406
0.8427
0.8284
0.8366
0.8387
0.8517
0.8559
0.8639
0.8639
0.8628
0.8632
0.8598
0.8614
0.8728
0.8703
0.8692
0.8627
0.8734
0.8747
0.8666
0.8651
0.8728
0.873
0.8838
0.8734
0.8659
0.8779
0.8898
0.888
0.908
0.9029
0.9066
0.9064
0.9129
0.9185
0.9161
0.927
0.9202
0.9295
0.9237
0.9247
0.9195
0.9142
0.8994
0.9171
0.899
0.9003
0.901
0.9094
0.9099
0.9166
0.9298
0.9275
0.929
0.9246
0.9331
0.9366
0.9275
0.9278
0.9173
0.9137
0.925
0.916
0.9277
0.9127
0.9064
0.9123
0.9239
0.9249
0.9271
0.9155
0.9158
0.9065
0.9045
0.9153
0.912
0.9169
0.9046
0.8994
0.8865
0.8882
0.8821
0.8792
0.8814
0.8841
0.883
0.8872
0.8961
0.8948
0.8978
0.8975
0.9122
0.9126
0.9186
0.9182
0.9231
0.9286
0.9202
0.923
0.9306
0.9229
0.9268
0.9251
0.9096
0.9046
0.9047
0.904
0.9015
0.8955
0.8952
0.8886
0.8896
0.8849
0.8827
0.8659
0.8629
0.8687
0.8769
0.8757
0.8894
0.8861
0.8895
0.9012
0.8997
0.8984
0.897
0.9003
0.8895
0.8929
0.884
0.8939
0.9007
0.9047
0.907
0.9009
0.9073
0.9105
0.9146
0.9148
0.9139
0.9158
0.9125
0.9142
0.9247
0.9221
0.9161
0.9172
0.9165
0.9093
0.9096
0.9003
0.9148
0.919
0.9179
0.9204
0.919
0.9214
0.9247
0.9284
0.928
0.9329
0.9277
0.9267
0.935
0.9333
0.9246
0.9199
0.9308
0.929
0.9262
0.9247
0.9274
0.9186
0.9235
0.9277
0.9266
0.927
0.9119
0.9088
0.8936
0.8874
0.9003
0.9012
0.8936
0.8993
0.888
0.8695
0.8723
0.8433
0.8163
0.8268
0.8331
0.8158
0.8292
0.8471
0.8461
0.8431
0.8397
0.8367
0.839
0.8266
0.8192
0.8252
0.8332
0.8466
0.8477
0.861
0.8616
0.8643
0.8643
0.872
0.8798
0.8789
0.8716
0.8686
0.8705
0.8728
0.8541
0.8467
0.8396
0.8418
0.8383
0.852
0.859
0.8713
0.8757
0.8737
0.8804
0.8833
0.8779
0.8704
0.8706
0.881
0.8821
0.8939
0.8942
0.9023
0.9025
0.8937
0.8992
0.9039
0.9132
0.9131
0.9155
0.9136
0.9144
0.9162
0.9086
0.8992
0.8961
0.8965
0.8989
0.9063
0.9004
0.8926
0.8901
0.8932
0.8843
0.88
0.8876
0.8968
0.8946
0.8897
0.9081
0.9091
0.9159
0.9173
0.9134
0.919
0.9237
0.9253
0.9344
0.944
0.9396
0.9346
0.9378
0.9481
0.947
0.953
0.9535
0.9582
0.963
0.968
0.9707
0.9656
0.9703
0.9663
0.9693
0.9767
0.9804
0.9849
0.9859
0.9842
0.9919
0.9925
0.9903
0.991
0.9738
0.9864
0.9794
0.9801
0.9911
0.9853
0.9686
0.9776
0.9816
0.9868
0.999
0.9967
1.0131
1.0155
1.0139
1.0109
1.0014
0.9967
0.9847
0.9912
0.9746
0.9804
0.988
0.9853
0.9834
0.9746
0.9842
0.9812
0.9643
0.9601
0.9604
0.9672
0.9761
0.9885
0.9887
0.9882
0.9768
0.9832
0.9849
0.995
1.0005
0.9894
0.9885
0.9853
0.9938
0.9976
1
1.0046
1.0044
1.0024
1.012
1.0156
1.0124
1.0231
1.0205
1.004
1.0014
0.9969
0.9934
0.9948
0.9876
0.9942
0.9997
0.9901
0.9943
0.9974
1.0019
0.9875
0.9889
0.9995
0.9933
0.9949
0.9918
0.9944
0.9982
1.0146
1.0075
1.0151
1.0113
1.0135
1.0175
1.0111
1.0045
1
1.0039
1
0.9988
1.0122
1.0145
1.0087
0.9985
0.9995
1.0087
1.0154
1.0178
1.016
1.0167
1.0142
1.0113
1.0101
1.0104
1.0102
1.0017
1.0124
1.009
0.9906
0.9819
0.9806
0.9971
1.0046
1.0116
1.0142
1.0204
1.0252
1.0278
1.026
1.0331
1.0359
1.038
1.0352
1.0342
1.0425
1.0462
1.0535
1.0516
1.0473
1.0491
1.0543
1.0568
1.0497
1.0513
1.0661
1.0745
1.0736
1.0709
1.0783
1.0815
1.0884
1.0946
1.0963
1.0898
1.0755
1.0639
1.0735
1.0754
1.0791
1.0715
1.0665
1.0568
1.0598
1.0555
1.0611
1.0639
1.0678
1.0511
1.0546
1.0527
1.0611
1.0709
1.0683
1.0655
1.0688
1.0651
1.0758
1.0733
1.0716
1.0652
1.0633
1.0558
1.0548
1.0687
1.0577
1.055
1.0604
1.0576
1.0587
1.0628
1.0481
1.0513
1.0426
1.0526
1.066
1.071
1.0759
1.0736
1.0701
1.0695
1.0765
1.0742
1.0666
1.0619
1.0766
1.072
1.0649
1.0578
1.0719
1.0732
1.0843
1.0853
1.0866
1.0947
1.1013
1.1012
1.099
1.0947
1.0812
1.0715
1.0534
1.0486
1.0345
1.015
1.024
1.0287
1.0332
1.0481
1.0442
1.053
1.0388
1.0441
1.0447
1.0498
1.0472
1.0447
1.0579
1.0617
1.0669
1.0712
1.0759
1.067
1.0558
1.051
1.0626
1.0627
1.0454
1.0302
1.0322
1.0223
1.0321
1.0377
1.0183
1.0279
1.0205
0.9797
0.9781
0.9718
0.9947
0.9879
0.9785
0.9724
0.961
0.9457
0.9611
0.9699
0.9755
1.0013
0.9959
1.0191
1.0149
1.0298
1.0218
1.0242
1.0282
1.0199
1.0329
1.0452
1.0446
1.0345
1.0707
1.0716
1.06
1.0351
1.0308
1.0405
1.039
1.0341
1.0339
1.0195
1.0158
1.0286
1.0171
1.0178
1.0137
1.0002
1.0023
0.9836
0.9861
0.9707
0.9725
0.9702
0.9896
1.0023
1.0253
1.0207
1.023
1.0294
1.0235
1.029
1.0179
1.0195
1.0075
1.0075
0.9921
0.9932
0.9951
0.9926
1.0074
1.0081
1.0137
1.0167
1.0163
1.0157
1.0088
1.013
1.0255
1.0221
1.0361
1.0366
1.0263
1.023
1.0211
1.0318
1.0298
1.0326
1.0287
1.0327
1.0382
1.0419
1.0402
1.047
1.0528
1.0477
1.0545
1.0637
1.0636
1.0585
1.0601
1.0722
1.0712
1.0784
1.0734
1.0802
1.0799
1.0801
1.0677
1.0744
1.0669
1.0712
1.0756
1.071
1.0743
1.0685
1.0626
1.0681
1.0709
1.0778
1.0756
1.0775
1.0801
1.0746
1.0664
1.0535
1.0577
1.0634
1.0584
1.0498
1.053
1.0434
1.0537
1.0588
1.062
1.0488
1.0444
1.0379
1.0457
1.0512
1.0489
1.037
1.0348
1.0377
1.0432
1.0361
1.0263
1.0312
1.031
1.0323
1.027
1.0314
1.0436
1.0372
1.0354
1.0411
1.0362
1.0331
1.0379
1.0294
1.0285
1.0335
1.0373
1.0464
1.0421
1.0342
1.0311
1.0258
1.019
1.0217
1.011
1.006
1.0112
1.0061
0.9991
0.9977
0.9936
0.993
0.9834
0.9867
0.9865
0.9708
0.9733
0.9774
0.9846
0.982
0.9738
0.9735
0.9683
0.9704
0.9724
0.9916
0.9936
0.9876
0.9912
0.9919
0.9978
0.9985
1.0055
1.0126
1.0189
1.0189
1.0071
1.0059
0.9993
1.0058
1.0076
1.0021
1.0235
1.0248
1.0288
1.028
1.0292
1.0192
1.0191
1.0217
1.0261
1.0122
1.0224
1.023
1.0283
1.0363
1.0425
1.0379
1.0271
1.0233
1.0284
1.0392
1.0427
1.0485
1.0513
1.0521
1.0451
1.0556
1.0585
1.0565
1.0571
1.0573
1.0566
1.0508
1.0498
1.0504
1.0516
1.042
1.0452
1.0494
1.0433
1.046
1.0412
1.039
1.0387
1.0364
1.0293
1.0326
1.0258
1.0223
1.02
1.0293
1.0394
1.0353
1.0445
1.0456
1.0471
1.0574
1.0485
1.0444
1.0486
1.0404
1.0468
1.0412
1.0426
1.0363
1.0443
1.0386
1.0369
1.0282
1.0223
1.0254
1.0212
1.0218
1.019
1.0227
1.0271
1.0223
1.0252
1.027
1.0373
1.0386
1.0325
1.0316
1.0261
1.0345
1.036
1.0356
1.0337
1.0368
1.038
1.0394
1.0366
1.0362
1.0437
1.0408
1.0442
1.0398
1.043
1.0431
1.0392
1.031
1.0324
1.0401
1.0379
1.0355
1.0382
1.0466
1.0455
1.0461
1.0476
1.0429
1.0426
1.0427
1.0478
1.0467
1.0474
1.0482
1.0484
1.0527
1.0577
1.0518
1.0569
1.055
1.0536
1.0499
1.0486
1.042
1.0366
1.0368
1.0364
1.0355
1.0383
1.0383
1.0406
1.0487
1.0515
1.0465
1.0489
1.0485
1.0507
1.0594
1.0545
1.0558
1.0561
1.0555
1.0547
1.0504
1.0513
1.0558
1.0547
1.0458
1.0404
1.0403
1.0465
1.0426
1.0437
1.0415
1.0419
1.0404
1.0311
1.0282
1.0309
1.0288
1.0318
1.0347
1.0345
1.0302
1.0293
1.0354
1.0276
1.0251
1.0321
1.0291
1.0226
1.0199
1.0239
1.0208
1.0163
1.0238
1.0235
1.027
1.0229
1.0267
1.0319
1.0312
1.0382
1.04
1.0389
1.0362
1.0388
1.0439
1.0454
1.0455
1.0472
1.044
1.0414
1.0411
1.0431
1.0454
1.0478
1.0404
1.0383
1.0391
1.0483
1.0544
1.0556
1.0502
1.0381
1.0372
1.0288
1.0308
1.0285
1.0257
1.0257
1.026
1.0298
1.0286
1.0343
1.0368
1.0277
1.0257
1.0315
1.0243
1.0176
1.0184
1.019
1.0009
0.9947
0.9903
0.9875
0.9838
0.9742
0.9813
0.9825
0.9699
0.976
0.9642
0.9629
0.9642
0.9623
0.966
0.9596
0.9768
0.9629
0.9518
0.961
0.9488
0.9458
0.9427
0.9527
0.9598
0.9583
0.9535
0.9497
0.9534
0.9222
0.9233
0.925
0.9264
0.9294
0.9275
0.9121
0.924
0.9154
0.9085
0.9163
0.9065
0.9122
0.9178
0.9144
0.9134
0.9064
0.9091
0.9242
0.9241
0.9152
0.9203
0.926
0.927
0.9168
0.9202
0.9254
0.9204
0.9057
0.8963
0.8927
0.8916
0.8914
0.8984
0.9009
0.912
0.9202
0.9157
0.9113
0.9138
0.9112
0.9178
0.9113
0.9087
0.9028
0.9031
0.9034
0.9026
0.8969
0.8945
0.8929
0.8904
0.8966
0.904
0.9171
0.9128
0.9195
0.9228
0.9299
0.9315
0.9268
0.9243
0.9321
0.9354
0.9365
0.9443
0.9406
0.9451
0.94
0.9377
0.9346
0.9315
0.9337
0.9394
0.9371
0.9393
0.9433
0.9439
0.9433
0.9423
0.946
0.9468
0.948
0.9522
0.9536
0.9639
0.9671
0.9658
0.9709
0.9629
0.9615
0.9578
0.9569
0.9478
0.9502
0.9463
0.9433
0.9508
0.9484
0.9523
0.9464
0.939
0.9345
0.9295
0.9329
0.9326
0.936
0.939
0.9424
0.9367
0.9239
0.9149
0.9159
0.9116
0.9072
0.9101
0.9099
0.9103
0.9122
0.902
0.9067
0.9101
0.9094
0.9159
0.9063
0.8931
0.8957
0.8956
0.8899
0.8882
0.8863
0.8923
0.8939
0.8925
0.8931
0.8887
0.8885
0.8918
0.8927
0.8896
0.8916
0.8981
0.8968
0.8923
0.8905
0.8895
0.8992
0.9057
0.8972
0.8914
0.881
0.8769
0.8799
0.8804
0.8847
0.8748
0.8717
0.8732
0.878
0.8766
0.8777
0.8748
0.8778
0.8937
0.8911
0.8977
0.896
0.8947
0.9041
0.9022
0.8989
0.9028
0.9026
0.9039
0.9025
0.898
0.8966
0.9045
0.9029
0.8957
0.8965
0.8927
0.8927
0.8942
0.8986
0.9098
0.9071
0.9017
0.8983
0.8984
0.903
0.9025
0.9094
0.9129
0.9111
0.9042
0.9098
0.9149
0.916
0.9229
0.9255
0.9249
0.9271
0.9246
0.9241
0.9221
0.9286
0.9263
0.9357
0.9356
0.9417
0.9404
0.9415
0.935
0.9385
0.9327
0.9333
0.9336
0.9367
0.9284
0.9257
0.9273
0.9249
0.9265
0.9277
0.9281
0.9256
0.9274
0.9363
0.9336
0.9381
0.9355
0.9364
0.9362
0.938
0.9349
0.9367
0.9334
0.9245
0.9215
0.9219
0.9239
0.9241
0.9238
0.9228
0.9291
0.9302
0.9249
0.9254
0.9266
0.9331
0.933
0.9344
0.9364
0.9395
0.943
0.9395
0.9402
0.9337
0.9343
0.9406
0.9385
0.9415
0.9378
0.9391
0.9406
0.9415
0.9424
0.9504
0.9439
0.9357
0.9356
0.9372
0.9399
0.9399
0.9385
0.9381
0.9389
0.9368
0.9363
0.9379
0.9388
0.9376
0.9388
0.9451
0.9417
0.9405
0.9408
0.9385
0.9317
0.9296
0.9307
0.9329
0.9302
0.9343
0.9276
0.9275
0.9262
0.9271
0.9304
0.9313
0.9305
0.9329
0.9307
0.9309
0.9298
0.9309
0.9295
0.931
0.9333
0.9348
0.9339
0.9341
0.9273
0.9343
0.9355
0.9374
0.9293
0.9204
0.9156
0.9113
0.9055
0.9028
0.9093
0.9029
0.8985
0.8931
0.8865
0.8835
0.8873
0.878
0.8757
0.8734
0.8738
0.8723
0.8797
0.8672
0.8733
0.8814
0.8757
0.8785
0.8722
0.8755
0.8729
0.8785
0.8776
0.8769
0.8788
0.8795
0.8787
0.8759
0.88
0.8805
0.8858
0.8883
0.8824
0.8793
0.8694
0.8732
0.8581
0.8564
0.8626
0.8627
0.8674
0.8721
0.8718
0.8741
0.8711
0.8729
0.8623
0.8618
0.8679
0.8613
0.8523
0.8536
0.8547
0.8508
0.8523
0.8446
0.8415
0.8392
0.8321
0.8291
0.8317
0.8299
0.827
0.8256
0.8213
0.8217
0.818
0.8154
0.8129
0.8141
0.8103
0.8108
0.8111
0.8114
0.8144
0.818
0.8165
0.8168
0.8112
0.8091
0.8107
0.8051
0.8129
0.8191
0.8154
0.8163
0.8156
0.8211
0.8222
0.8209
0.8172
0.8096
0.8076
0.7921
0.7927
0.7928
0.7974
0.7725
0.7763
0.7817
0.776
0.7753
0.7795
0.7795
0.7812
0.7777
0.771
0.7743
0.7776
0.7764
0.782
0.7782
0.7793
0.7833
0.7798
0.7815
0.7891
0.781
0.7808
0.7765
0.7836
0.7817
0.7759
0.7713
0.7714
0.763
0.7578
0.7686
0.7627
0.7656
0.7618
0.7666
0.7619
0.7799
0.7868
0.7872
0.7844
0.7813
0.7766
0.7648
0.7618
0.7615
0.7573
0.7635
0.7649
0.7648
0.7708
0.7702
0.7673
0.7582
0.7634
0.7627
0.7785
0.777
0.772
0.7727
0.7768
0.7781
0.7815
0.7859
0.8008
0.8057
0.7897
0.7819
0.7847
0.7946
0.7973
0.7906
0.792
0.7901
0.7984
0.8113
0.8091
0.804
0.7998
0.7913
0.7884
0.7887
0.7824
0.7828
0.7744
0.771
0.7644
0.7653
0.7604
0.7777
0.7784
0.7685
0.7625
0.7649
0.7673
0.7754
0.7728
0.7744
0.777
0.7749
0.7667
0.7812
0.7757
0.7732
0.7724
0.7705
0.7744
0.765
0.7686
0.7708
0.7661
0.7634
0.7518
0.7517
0.7426
0.7434
0.7439
0.7419
0.7415
0.7452
0.7367
0.7417
0.7382
0.7377
0.7444
0.7372
0.7368
0.7275
0.7296
0.7327
0.7312
0.7283
0.7313
0.7268
0.7419
0.7346
0.7346
0.7402
0.7419
0.7291
0.7383
0.7358
0.7389
0.7386
0.7337
0.7323
0.7347
0.7337
0.722
0.7183
0.7087
0.7165
0.7158
0.7119
0.7036
0.7028
0.7025
0.6921
0.6932
0.7029
0.7022
0.7068
0.7087
0.714
0.7106
0.7186
0.7147
0.7226
0.7127
0.7076
0.7012
0.7005
0.7027
0.6999
0.6988
0.7014
0.7029
0.703
0.7082
0.7153
0.7209
0.7229
0.7331
0.7375
0.7278
0.7265
0.7333
0.727
0.7258
0.7261
0.7227
0.7219
0.7218
0.7252
0.72
0.7154
0.7076
0.7142
0.7137
0.7191
0.7152
0.7148
0.7032
0.7043
0.7035
0.7051
0.7115
0.712
0.7089
0.7122
0.7081
0.7193
0.7238
0.7197
0.7235
0.725
0.7236
0.7194
0.7233
0.7317
0.7306
0.7334
0.7343
0.7266
0.7216
0.7201
0.7298
0.7191
0.7253
0.7184
0.7213
0.712
0.7176
0.7177
0.7232
0.7221
0.7274
0.7254
0.7251
0.7294
0.7285
0.729
0.7277
0.7178
0.7147
0.7056
0.7025
0.6993
0.698
0.698
0.6987
0.698
0.6846
0.6859
0.693
0.6864
0.6987
0.7006
0.698
0.7019
0.7066
0.7092
0.708
0.7081
0.7061
0.7152
0.7221
0.7077
0.7098
0.7076
0.7095
0.7096
0.7101
0.7145
0.7102
0.7176
0.7152
0.7128
0.724
0.7212
0.7178
0.721
0.7123
0.715
0.7162
0.7276
0.7362
0.7428
0.7483
0.7468
0.7512
0.7433
0.7558
0.7498
0.746
0.7439
0.7647
0.7601
0.7585
0.7617
0.7542
0.7532
0.7511
0.7539
0.7608
0.7662
0.7671
0.7672
0.7619
0.7522
0.7594
0.7505
0.756
0.7608
0.766
0.7651
0.7703
0.7724
0.7756
0.7801
0.781
0.7755
0.7699
0.7715
0.7736
0.7594
0.7635
0.7603
0.7655
0.7497
0.7458
0.7471
0.7367
0.7318
0.7345
0.7387
0.7327
0.7274
0.7294
0.7341
0.7289
0.7216
0.7218
0.7215
0.718
0.719
0.7214
0.72
0.7184
0.7234
0.7245
0.7227
0.7335
0.7373
0.7442
0.7477
0.7431
0.7386
0.7396
0.7362
0.7395
0.7352
0.7386
0.7459
0.7468
0.7511
0.7593
0.7467
0.7356
0.7362
0.7423
0.7447
0.7484
0.7539
0.7464
0.7503
0.7483
0.7562
0.753
0.765
0.7621
0.7641
0.7589
0.759
0.7499
0.7484
0.7492
0.7453
0.7466
0.7512
0.7462
0.7507
0.7587
0.7563
0.76
0.7593
0.7637
0.7614
0.7656
0.7668
0.7719
0.7709
0.7657
0.768
0.7698
0.7628
0.7676
0.7617
0.7627
0.7626
0.7614
0.7612
0.76
0.7568
0.7514
0.7521
0.7554
0.7566
0.7588
0.7675
0.7669
0.7647
0.7557
0.7535
0.7457
0.7475
0.7495
0.7487
0.755
0.7541
0.7583
0.7645
0.7625
0.7639
0.7662
0.7663
0.7662
0.7663
0.7671
0.7615
0.7622
0.758
0.7572
0.7609
0.7546
0.7568
0.7565
0.7619
0.7626
0.767
0.7722
0.7633
0.7599
0.7602
0.7648
0.7648
0.7593
0.7588
0.7608
0.7644
0.7672
0.7677
0.7677
0.7707
0.7742
0.7641
0.7621
0.7557
0.7537
0.7548
0.7487
0.7426
0.7339
0.7357
0.7394
0.7387
0.7403
0.7426
0.7473
0.7472
0.7393
0.74
0.7452
0.7493
0.7452
0.7474
0.745
0.7443
0.7502
0.7497
0.7509
0.7364
0.7297
0.7258
0.7254
0.7249
0.7207
0.717
0.7193
0.7188
0.7174
0.7207
0.7217
0.7185
0.7237
0.7271
0.7337
0.7304
0.7369
0.7364
0.7431
0.7507
0.7487
0.748
0.7546
0.7541
0.7538
0.7539
0.7562
0.7589
0.7558
0.7539
0.7546
0.7554
0.757
0.7564
0.7668
0.7687
0.7648
0.7634
0.7643
0.763
0.768
0.7642
0.7643
0.7696
0.7699
0.7662
0.7684
0.7675
0.769
0.7714
0.7681
0.7684
0.7678
0.7674
0.7563
0.7566
0.7576
0.7604
0.7534
0.751
0.7536
0.7581
0.7566
0.7597
0.767
0.7711
0.773
0.771
0.768
0.7635
0.7621
0.7624
0.7639
0.766
0.7656
0.7646
0.7604
0.7561
0.7569
0.7546
0.7506
0.75
0.7504
0.7479
0.7582
0.758
0.7599
0.7552
0.7498
0.7531
0.754
0.7558
0.7533
0.7462
0.7464
0.748
0.7528
0.7522
0.7452
0.7405
0.7412
0.7386
0.7345
0.7372
0.7371
0.7388
0.7419
0.7431
0.7425
0.7434
0.7452
0.7476
0.7485
0.7465
0.7466
0.7444
0.7441
0.7463
0.7436
0.7384
0.7437
0.7485
0.7513
0.7553
0.7546
0.7533
0.7531
0.7538
0.7618
0.7576
0.7625
0.76
0.7578
0.7547
0.7544
0.7576
0.7587
0.7588
0.7636
0.7667
0.7678
0.7655
0.7609
0.7591
0.7585
0.7604
0.7601
0.7621
0.7675
0.7726
0.7812
0.7806
0.7913
0.795
0.7964
0.7909
0.7919
0.7949
0.7924
0.7967
0.7981
0.798
0.7976
0.7981