1.1162112373
1.1180152672
1.1022383545
1.0855501814
1.0981845688
1.0837363966
1.0755796447
1.0933899333
1.1172350792
1.1293341516
1.106402439
1.1062108958
1.1105842765
1.0958612295
1.0940766551
1.0983905254
1.0959112327
1.0931327864
1.0771098968
1.0744842233
1.0667673716
1.0608984022
1.0722727273
1.0657000453
1.0556218312
1.0496496198
1.0537233249
1.0562285031
1.0573770492
1.0456307784
1.0533929903
1.0486712451
1.0490797546
1.0521440311
1.0392390012
1.0291753498
1.0304932735
1.0325908208
1.0362709832
1.049879081
1.0436226415
1.0410896363
1.0439610587
1.0425110468
1.0345509893
1.0329636944
1.0367167349
1.0353888214
1.0430942592
1.0495426829
1.0403840293
1.0422900763
1.0508629907
1.048365019
1.0415970852
1.0330152961
1.0269092002
1.0336299201
1.0295625943
1.0247174077
1.0236148955
1.0186081694
1.0143504532
1.0164206086
1.0127436282
1.0110712148
1.0079555689
1.0183183183
1.010633518
1.0086943487
1.0115511551
1.0035788846
1
1.0065730505
0.9930049114
0.9880248374
0.9897428274
0.9877903514
0.9840986774
0.9843148861
0.9784597226
0.9753505535
0.9817966553
0.9748121962
0.9641550841
0.9547043402
0.9487847222
0.9606562137
0.9707203943
0.9761419843
0.9749271137
0.9804150833
0.9702797203
0.9703649635
0.9701296809
0.9727632157
0.9716788321
0.9784330986
0.9767988253
0.9711313013
0.9633308985
0.963750182
0.9790230307
0.9629575187
0.9667945691
0.9621613663
0.9653698792
0.9735944222
0.96289178
0.9580935517
0.9597295708
0.9518779343
0.9696075539
0.9675946384
0.9615159497
0.9650635872
0.9550167957
0.9566681306
0.942823804
0.9483842667
0.9522624103
0.9541041483
0.9509184423
0.9533136966
0.9589283086
0.9564643799
0.9499045101
0.9529012255
0.9448749817
0.9401709402
0.9330017554
0.9356922625
0.9394117647
0.9356639248
0.9368932039
0.9324403886
0.9349593496
0.9394074074
0.9406189842
0.940130409
0.9409845789
0.9585631242
0.9680835198
0.9820143885
0.9858305698
0.9838831149
1.0034764208
1.0051452785
1.0061830795
1.0114354499
1.0106976043
1.0070697954
0.9970153708
1.0038742363
1.0056886228
1.0093233083
1.0049564434
1.000449169
0.9884083816
0.9897519679
0.9741468459
0.9799732977
0.9688376901
0.9756712654
0.995218171
1.0001495886
0.9809794818
0.9809296782
0.9845946754
0.9792886087
0.9735000744
0.9778906483
0.9856695029
0.9828919964
1.0014956626
0.9892681473
0.9861462833
0.9871756636
0.9845307155
0.9758732978
0.9506045414
0.9531433608
0.9519528371
0.9580749926
0.9557456852
0.9548130704
0.9525498891
0.96635183
0.9564641859
0.9665487769
0.9602414961
0.9594654134
0.9602513517
0.9750842738
0.9819409778
0.9957182932
0.9898648649
0.9935236974
0.9859010134
0.988968966
0.9782288909
0.9818851252
0.9980817471
1.0075589151
1.0034053894
1.021875
1.0165844913
1.0141474311
1.002228495
1.0038524226
0.9877382183
0.9832180185
0.9755342668
0.967604182
0.96554263
0.9669117647
0.9608561794
0.9628105248
0.9565536474
0.9402985075
0.9477469544
0.949683684
0.9537009732
0.9542983101
0.9494357321
0.9401609364
0.9432967033
0.9404535479
0.9540179227
0.9416935248
0.9400497149
0.9416666667
0.9423500073
0.9331378299
0.9330010262
0.9308573106
0.9279186321
0.9291083272
0.9276664702
0.928402016
0.9301568511
0.9425202653
0.9465367006
0.9492903607
0.9418793332
0.9350169842
0.936132466
0.9306872038
0.9331257414
0.9371496017
0.9305350281
0.9381473809
0.9298892989
0.9309327037
0.9305882353
0.9256161972
0.9192537531
0.9093546048
0.9099099099
0.912102281
0.9091829356
0.9233217593
0.9327425915
0.9362041467
0.9398540146
0.9304119959
0.9276459456
0.9352864014
0.9306484443
0.9231104019
0.9093808902
0.9083925207
0.9115172614
0.911572528
0.9129176913
0.9031281534
0.9025411493
0.891697788
0.8943276706
0.8787661406
0.876048597
0.8734617055
0.8742575692
0.8705645741
0.8882480173
0.8812851174
0.8843980878
0.8851819757
0.8921299639
0.8883417813
0.8923857868
0.8859099519
0.8894874782
0.8932306798
0.8930799362
0.8911939649
0.8965065502
0.9124269006
0.9094626168
0.8966569767
0.8776957592
0.8774680604
0.8707946636
0.8779356335
0.8751456876
0.8649746193
0.8664438308
0.8680151339
0.8709959231
0.8767123288
0.8726318857
0.8741596025
0.8803105772
0.8795481221
0.886253131
0.8864237438
0.8867342442
0.8765613519
0.8783823529
0.8924952269
0.9007309942
0.8876093294
0.8777438581
0.8693372178
0.8778359511
0.8700376702
0.8766864935
0.8843863471
0.8863438678
0.8862414645
0.8871391076
0.8951447792
0.8919631094
0.8848910341
0.8922102783
0.9042694637
0.9007724302
0.8893169358
0.8842120809
0.8787968151
0.8790512669
0.8813709558
0.8596388196
0.8660766962
0.8549697238
0.8623649549
0.8658085516
0.867528992
0.8659793814
0.8593866866
0.8601878074
0.8641993732
0.869759809
0.8687472002
0.8618636499
0.8784546805
0.870929368
0.8625296912
0.8634117118
0.8624981257
0.8652492888
0.869701962
0.8745103947
0.8752074845
0.8767658551
0.8928303021
0.8860569715
0.8916152341
0.8907512721
0.8835718545
0.8876089204
0.8902529212
0.8977692421
0.9071555293
0.9007532122
0.897715549
0.901535282
0.901336074
0.8982677628
0.902183535
0.9061858692
0.8983150183
0.9030882353
0.8986147952
0.8923349579
0.8939798339
0.8974206937
0.9057134399
0.8962305987
0.9063148532
0.9067357513
0.9047689573
0.9092664093
0.9168900804
0.913411555
0.9098445596
0.9107301212
0.9088622577
0.8972876834
0.89554008
0.8994803267
0.8963983993
0.8805551454
0.8811106188
0.8858615611
0.8856050581
0.879982415
0.8867703139
0.8886610021
0.8844398646
0.8818920916
0.8904252156
0.8811542466
0.8763496524
0.8706947743
0.8732876712
0.8717110153
0.8694423792
0.865658363
0.8696425923
0.8627189077
0.8633595723
0.8676165034
0.8662627457
0.8642667454
0.8571639368
0.8534495494
0.8486414649
0.8637849079
0.8683623382
0.8679329277
0.8648087756
0.8564216778
0.8538927463
0.8447159258
0.8517702365
0.8515843773
0.845710911
0.8330617686
0.8305284913
0.8277950081
0.8341968912
0.8383419689
0.8372886384
0.8385370205
0.8305160142
0.8343503498
0.8346433338
0.8356347439
0.8428252788
0.8589285714
0.8563576946
0.8630483271
0.8670753589
0.8655663916
0.8714865474
0.8683773585
0.8681203008
0.861048857
0.8545971848
0.8594196361
0.8578512397
0.8611319622
0.863916905
0.8693543498
0.8699408822
0.855321087
0.8586395384
0.848627332
0.8470374849
0.8482466747
0.8406103641
0.8432145565
0.8328276699
0.8380356871
0.8467889908
0.8467075038
0.8479353954
0.8648773006
0.8615620214
0.8727774372
0.866809553
0.8676380368
0.8685996299
0.8837929966
0.8701218572
0.8708481384
0.8701700155
0.8722248098
0.8705662726
0.8650373599
0.8679539084
0.8604903786
0.8583797155
0.8516916422
0.8514699092
0.864935464
0.8708884107
0.8772200772
0.8888547271
0.897943405
0.9076733055
0.8997068354
0.9001986856
0.9000917993
0.8911626497
0.8922137405
0.8915865018
0.8865916692
0.8991201456
0.9039075566
0.9077462641
0.9052695705
0.9106816799
0.9164764948
0.9224817961
0.9218631467
0.927028252
0.9238440617
0.9180918092
0.9304452106
0.9300269703
0.9341594506
0.9179272128
0.9347923849
0.9379496403
0.9280059746
0.9254556319
0.9226262019
0.9264683904
0.9259481337
0.9191463781
0.9219879518
0.9201814059
0.9334643883
0.9226235454
0.9201321123
0.9226469255
0.9119782214
0.912159108
0.911101083
0.9058558559
0.9132330827
0.9158304628
0.9149731022
0.9101930849
0.9190777577
0.9124263929
0.9122754039
0.9038200211
0.9099289708
0.9202556688
0.9118855578
0.9151635585
0.9045141546
0.9182322144
0.9196072415
0.9137931034
0.9108926102
0.9082512315
0.9180756225
0.9052711994
0.9115937596
0.9208787832
0.9373356027
0.9391411801
0.9350950394
0.9330666256
0.9353688779
0.9371808758
0.935808198
0.9362494183
0.9175671504
0.9221426347
0.9099984402
0.9175031368
0.9182458888
0.9280902397
0.9209448819
0.9104032638
0.9092473791
0.9093457944
0.9135415032
0.9062451088
0.9100770319
0.9043341214
0.9111743322
0.9263755321
0.927942102
0.9239968529
0.9250508528
0.9180481702
0.9060507077
0.914361619
0.9148836483
0.9111770215
0.9114339269
0.9051791582
0.9025496637
0.9097243729
0.9114784489
0.9074016723
0.9020092736
0.9074160087
0.9057535092
0.8937548188
0.8858019954
0.887680049
0.8872721703
0.884562318
0.8879336813
0.890087868
0.8852560148
0.8842898908
0.8856481481
0.8852713178
0.8863530508
0.8861072477
0.8870421668
0.8832565284
0.8800981294
0.8790533272
0.8713999692
0.8717033819
0.8694912633
0.8710973725
0.868498225
0.8622119816
0.8676130227
0.8560442941
0.8554753494
0.8573843553
0.861910594
0.8493526276
0.8492317055
0.8461538462
0.8421452446
0.8521566834
0.8481492718
0.8589022351
0.8569033831
0.8633016263
0.8573400828
0.8593989574
0.8567946374
0.8590133983
0.8575329995
0.8596783981
0.8583345973
0.8453341452
0.8446396124
0.8433005299
0.8416440012
0.8407133142
0.8319213313
0.8482034105
0.8481667427
0.8544072948
0.8642257818
0.8626642224
0.8684695759
0.868060895
0.878
0.8925607132
0.8914048059
0.8938271605
0.891102873
0.8939020634
0.8964351567
0.8915976694
0.8901990812
0.886186324
0.8884969325
0.8963292889
0.897514575
0.8958715596
0.8917682927
0.8941953317
0.8978057388
0.911302741
0.9103512015
0.9080424419
0.9147465438
0.9189065363
0.9228167282
0.9281750925
0.9303259694
0.9359033906
0.9269307846
0.9276143539
0.9245573518
0.9239180656
0.9253616497
0.9252163164
0.9338996139
0.9334677419
0.9283387622
0.914744389
0.9120759415
0.9226097789
0.9358071082
0.9257580494
0.9538413394
0.9414245548
0.9505012531
0.9641851736
0.9780150754
0.9842792014
0.9838406024
0.9911991199
0.9951288498
0.9827288428
0.9893199309
0.9831787455
0.9790055249
0.9747315224
0.9723313944
0.9677065371
0.9665934755
0.9682988073
0.9664167448
0.9714151828
0.963212273
0.9630036056
0.951486698
0.9615504845
0.9580931609
0.9577133908
0.9589945012
0.9638573232
0.9581366069
0.9520126283
0.9450031427
0.9505745317
0.951998741
0.9549109254
0.9677114506
0.9714330808
0.9722001589
0.9781464348
0.9761412438
0.9713193117
0.9675107501
0.9760498164
0.9747402078
0.9780413528
0.9782016349
0.9544150462
0.9563763732
0.9559968229
0.9600953895
0.9581743003
0.9669909105
0.9668747
0.9630518234
0.9597057883
0.9612923864
0.9609872611
0.9622940431
0.954164691
0.95831367
0.9527112232
0.95097423
0.9497479521
0.9547027367
0.9499212598
0.9490214646
0.9507939003
0.9536340852
0.9510127179
0.9574169396
0.9607781613
0.9645725083
0.9615626969
0.9679456814
0.9597145123
0.9407360204
0.944169724
0.9487754122
0.9525331629
0.9508509623
0.9596876992
0.9573248408
0.9709404439
0.9683503836
0.9652146162
0.9693192713
0.9642686234
0.9619869031
0.9615077464
0.9661666135
0.9630043055
0.9499841219
0.9637090328
0.9672897196
0.9717650855
0.9690771461
0.968312691
0.9586670939
0.9581462476
0.9444712699
0.9372900336
0.9382971939
0.9274488014
0.9242255759
0.9290035021
0.9409040089
0.9402460457
0.9468358497
0.945306253
0.9454748961
0.9441527446
0.9442763891
0.9351351351
0.9380573248
0.9373509302
0.9373904732
0.9415037355
0.9340746624
0.9358892778
0.9441251596
0.9428434198
0.9423510467
0.9430685108
0.9437770303
0.9323356153
0.9352632416
0.9369741229
0.9397628458
0.9486773325
0.9414564493
0.9425723778
0.946057433
0.9519936204
0.9614894971
0.9555309384
0.9550205892
0.9554533925
0.9555871661
0.9523508993
0.9463722397
0.9515362686
0.9543139128
0.9494417863
0.9455414013
0.9486443381
0.9608876117
0.9580943276
0.9580219431
0.9571178065
0.9525170716
0.951818762
0.9578745811
0.9542920847
0.9571088165
0.9519429025
0.9506505871
0.950957127
0.9541732283
0.9557549992
0.9562961798
0.9508402701
0.9531299151
0.9545454545
0.9602503912
0.9612621056
0.9678733741
0.9697397303
0.9736390579
0.9709465792
0.9868503444
0.9901160966
0.9862090581
0.9759736181
0.9802600658
0.979273804
0.9743470149
0.9652485585
0.9764907364
0.9731032338
0.9769955226
0.9777949113
0.9743353312
0.9765553172
0.9731182796
0.9672080907
0.96887935
0.9724433558
0.9782074893
0.9825072886
0.9744843392
0.9766269478
0.9785572063
0.9791570881
0.9852828453
0.9829937184
0.9870689655
0.9874078624
0.9806540765
0.9852216749
0.9913379737
0.989638107
0.9972183588
1.0029271299
1.0025966091
1.0060818002
1.0057794677
1.0116684346
1.0161020811
1.0155636144
1.0256682868
1.0230477635
1.0271838729
1.0255742726
1.0218520782
1.0102025278
1.0263558806
1.0202661827
1.0228032837
1.0280658938
1.0340490798
1.0523157409
1.061058136
1.0584975369
1.0672126082
1.0705355765
1.0844806008
1.0774346793
1.0720537668
1.0900250941
1.082685288
1.0578616352
1.062214522
1.0662020906
1.0801781737
1.0792141952
1.0767879949
1.050412175
1.0547404953
1.044549763
1.0462336845
1.0535096003
1.0531998122
1.0465989054
1.0463049579
1.047247778
1.047056972
1.0453191156
1.0379058568
1.0261927035
1.0292652553
1.0269051322
1.0408702409
1.0370832035
1.0433359314
1.0402119701
1.0409529742
1.0557539991
1.0620495143
1.0676206951
1.0505381376
1.050046919
1.0496777236
1.0524486572
1.0609620575
1.0491050214
1.0433338605
1.0490273604
1.0514601421
1.0620179443
1.0548828432
1.0566366081
1.0650483897
1.0530638029
1.0478589421
1.0565203663
1.0761662964
1.0632811264
1.0748569612
1.0778414518
1.0678668154
1.0724313976
1.0663045215
1.0793549417
1.0712354905
1.0702839917
1.0708961142
1.0622321003
1.0593824228
1.0383045526
1.0407553108
1.0347146208
1.0446918614
1.0402127992
1.043369344
1.0426332288
1.0464102165
1.0491085393
1.0513462743
1.0551745636
1.0620227521
1.0612943373
1.0643302181
1.0652173913
1.0733188045
1.0851730077
1.0842749529
1.093133386
1.0842005676
1.0779527559
1.091110759
1.0929604322
1.0822243346
1.0818138576
1.0750551876
1.0678340432
1.0591287938
1.0618995117
1.0560012585
1.0593047035
1.0555642511
1.0549758605
1.0546303502
1.0610460578
1.0636534251
1.0733729662
1.07234375
1.0670617592
1.0650482415
1.0714951818
1.0818110851
1.0819416263
1.0837331682
1.0915022526
1.0908103074
1.0893577412
1.0914454277
1.0989317232
1.0992413686
1.1082257814
1.1230600408
1.1371094983
1.1409205549
1.1365209185
1.1218513854
1.1202819107
1.1193075483
1.1139378804
1.1270908238
1.1150085364
1.1190218232
1.1151056936
1.1117438818
1.1100706171
1.1135806254
1.1210865562
1.1225241824
1.124520779
1.1235249042
1.1221595242
1.124429571
1.124562205
1.1306748466
1.1238587949
1.1241389867
1.1134805788
1.1129643669
1.1258720049
1.1156773212
1.122873633
1.1204562738
1.1220520674
1.1204468932
1.1161546691
1.1209408194
1.1143900213
1.1109251369
1.1004241139
1.1052950076
1.1097230584
1.1055246124
1.1009105837
1.1042413381
1.1031081889
1.098848512
1.0981704596
1.1059032928
1.10436068
1.1066961001
1.1055498307
1.0972996771
1.1056874817
1.1077059084
1.1078648369
1.0991551801
1.0791494389
1.0724981468
1.0697158082
1.0647023986
1.0661242604
1.0643571749
1.0685012576
1.0689043324
1.0646443823
1.0604815032
1.0741338814
1.0855002204
1.0883912787
1.0702790492
1.0690672963
1.0624355765
1.0609611391
1.0552372558
1.0638578978
1.0515208849
1.0422167416
1.0459035445
1.0404113557
1.0579246107
1.0512262371
1.0500507761
1.0472796043
1.0550246163
1.053701016
1.0705865231
1.0667925076
1.0581412208
1.0582454112
1.057507529
1.0573374965
1.0565581924
1.0513616481
1.0559391292
1.0568946188
1.0593149541
1.0608889508
1.0600333519
1.0560877412
1.0492074431
1.0433163195
1.0450499795
1.0510273507
1.0434079267
1.044417443
1.0565366188
1.0669421488
1.0676009893
1.0705850041
1.0673582296
1.0692783505
1.0538799013
1.0546126471
1.0473445862
1.0340847366
1.0346122887
1.0235548937
1.0349327171
1.0379159847
1.0346507851
1.0299554716
1.0264670499
1.0274725275
1.0265379976
1.01042502
1.018921095
1.0210798314
1.0256584306
1.0228695889
1.0134120172
1.003650622
0.9971686666
1.0004060639
1.0071563597
0.9938412103
0.9922470258
0.9945069668
0.9836795252
0.9990412272
1.0074186015
1.0163231429
1.00330351
1.0002748008
1.0055687039
1.0090202609
1.0195585359
1.0353770261
1.0352231266
1.0364046846
1.0369801842
1.0329103333
1.0280193237
1.0296193772
1.0288288288
1.0291602411
1.0283377978
1.0233501119
1.041848055
1.0377226195
1.0422693442
1.0330543933
1.0223922114
1.0168252655
1.0137081141
1.013427464
1.0156315422
1.0105379922
1.0026480836
1.0053169162
1.0108100519
0.9981695297
0.993940248
0.9879568688
0.9896907216
0.9938271605
0.9892352859
0.9875294444
0.9845431962
0.9831944444
0.9766960838
0.9739118495
0.9886207842
0.9901315789
0.9903124574
0.9846952719
0.9892960066
0.9910081744
0.9909885309
0.9830299713
0.9882529709
0.9856811673
0.9863807983
0.9951567335
1.0020336226
0.9982420554
1.0021566249
1.0086685629
1.0162337662
1.0232150088
1.025074144
1.0166041778
1.0068649886
1.0166331321
1.0113031915
1.0140037343
1.0144927536
1.0067362304
0.9964337604
1.0050277851
0.9964228935
0.9882786777
0.9858193277
0.9915478077
0.990521327
0.9915243187
0.9971170227
0.9998695198
0.9969824193
0.985442623
0.9862295082
0.9831063384
0.9851139507
0.979997333
0.9783244681
0.9732321215
0.9735258724
0.9707865169
0.9584316811
0.9639060244
0.9668011978
0.9668615984
0.9780993352
0.9911946379
0.9976586889
1.0003912363
0.9990885417
1.0043002346
1
0.9972440945
1.0061301683
1.0052314936
1.0036316472
1.002995962
1.0086933956
1.0070193683
1.0210139217
1.0220540258
1.0247858811
1.0336740042
1.0311070448
1.0399310162
1.0427575319
1.0394547123
1.0519205298
1.0583322286
1.0642543568
1.0674262735
1.0613766476
1.0504168321
1.0487836777
1.0503144654
1.0430121585
1.0473636007
1.0402641119
1.042357513
1.0439901669
1.0417418191
1.0402254676
1.0435953327
1.0405614216
1.0434782609
1.0416878495
1.0415392457
1.0382116928
1.0485012222
1.0433372259
1.02416212
1.0256376887
1.0321708918
1.0475262953
1.0500648508
1.0600474058
1.0515314842
1.0517241379
1.0621618055
1.0570742766
1.0535809019
1.059383378
1.0700441117
1.0664177114
1.0706855161
1.0776789271
1.0756648936
1.0775678552
1.0712965408
1.0730485232
1.0616780642
1.066675434
1.0689474374
1.0729483283
1.0694186355
1.0655186331
1.0644945921
1.0736506248
1.0595381124
1.0588866533
1.0581550802
1.0537576892
1.0356182796
1.0291677816
1.0306789382
1.0349327709
1.0341224706
1.0385275102
1.0278035218
1.0334434898
1.0403527525
1.0447701532
1.0435941874
1.0477211796
1.0537819579
1.047897818
1.0568393094
1.0589801624
1.0543944266
1.0438713108
1.0256984713
1.017408377
1.0226232509
1.0340715503
1.0378668763
1.0164279143
1.0076245563
1.013734467
1.0291185729
1.034267499
1.0366972477
1.0428322848
1.0252302763
1.0338755209
1.0368924196
1.0388754372
1.0429456112
1.0344734352
1.0358306189
1.0339305103
1.0326441785
1.0334416464
1.0415538711
1.045535348
1.0563997262
1.056621881
1.0556624519
1.0683187295
1.0759632524
1.0741251033
1.0629235237
1.0704637237
1.0654646325
1.0762394112
1.0706210747
1.0737647878
1.0841522491
1.0853285078
1.0781938326
1.0617808219
1.0723205709
1.0692622951
1.0815232334
1.0771549952
1.0879120879
1.0900655022
1.0869802318
1.0975376197
1.0901907357
1.085998095
1.0873904248
1.0887454619
1.0876885776
1.0820338983
1.0911189571
1.0835152838
1.0922950144
1.0949384405
1.0871900826
1.0978963289
1.0969854044
1.0931660074
1.0850861718
1.0863172226
1.0809722036
1.0772757923
1.0753498385
1.06637049
1.0665686406
1.0670756101
1.0748974461
1.0734358431
1.0734807361
1.0757955896
1.0747958915
1.077034692
1.0775827946
1.0711258278
1.0766790058
1.0696504237
1.0665098654
1.0651406148
1.0572064406
1.0546513167
1.0555336228
1.0458085809
1.0532056398
1.0451578527
1.0418437832
1.0371500597
1.0357285164
1.0422160075
1.0305584826
1.0287477028
1.032789044
1.0472822528
1.0491177245
1.0487901105
1.0493582109
1.0596776342
1.056690233
1.0505287897
1.0493923951
1.0479237399
1.0419906687
1.0357837417
1.0332243296
1.0249412379
1.0241325333
1.02762865
1.0211147541
1.0325771564
1.0391795951
1.0375212446
1.0295111804
1.0241746816
1.0218125162
1.0132544074
1.0220502901
1.0183993824
1.0266821346
1.0329955833
1.0269990957
1.022213562
1.0157216495
1.0212876428
1.0152612519
1.0241010439
1.0164186762
1.01659857
1.0086679414
1.0103079664
1.0109526235
1.0082613116
1.0113407258
1.01009846
1.003429878
0.999873833
0.9954654239
0.9947209653
1.0017517518
1.0025094103
1.0002515407
1.002019947
1.0069000125
1.0147832623
1.0190810947
1.0200752823
1.0199178389
1.0207427649
1.0167037862
1.0195098159
1.0195044161
1.0168015698
1.0160759956
1.018283764
1.0165016502
1.0145922747
1.0118816683
1.0158002653
1.0157244028
1.0099045346
1.0108786611
1.0122141061
1.0169978453
1.0182686567
1.0183960563
1.0157574311
1.0244659267
1.0291777188
1.0290149254
1.0195590327
1.0261127596
1.0278236265
1.0334787222
1.0333137139
1.03992891
1.0426517762
1.0355239787
1.0349058852
1.0541771545
1.0571703099
1.059292356
1.0598290598
1.0601273573
1.0543584721
1.0648967552
1.0708096063
1.0732394366
1.0683083777
1.0579230958
1.0690672238
1.0660110633
1.0797759801
1.0758042648
1.0758637649
1.0718803211
1.0733755172
1.0681569676
1.0623420388
1.0533461492
1.0547895501
1.0467643468
1.0491361353
1.0542012127
1.0395354584
1.0331012581
1.0299124514
1.0275548101
1.0243756004
1.0314826113
1.0294475541
1.0307805057
1.0360304968
1.0362873365
1.0287804878
1.0333292489
1.0342440351
1.0415897625
1.0452460642
1.046358439
1.0433705081
1.0374768089
1.0393349051
1.0330475836
1.0320929071
1.0265141995
1.021560319
1.0272738646
1.0291201983
1.0217687075
1.0302357152
1.0348436346
1.0432680387
1.0376640903
1.0408615385
1.0446858413
1.0588958564
1.0647000496
1.0618799603
1.0637321761
1.0630319477
1.0656634747
1.0548047117
1.0549956451
1.0537581498
1.0459685349
1.0465653495
1.0382119683
1.0423535074
1.0459853136
1.0388748038
1.0355764592
1.0430806258
1.0387531592
1.0312199808
1.0261437908
1.0210260723
1.0144435004
1.01460387
1.0153564899
1.0146771037
1.0072736089
1.0186199343
1.0117333978
1.0086259264
1.0083007813
1.010738255
1.0140346595
1.0156230929
1.0225407326
1.0374258893
1.030490828
1.0301980198
1.0228429547
1.0346842367
1.0521587222
1.0480625931
1.0512884044
1.0459670425
1.0446450655
1.0418835192
1.047245076
1.047595253
1.0495867769
1.0534974256
1.0455229496
1.0482940291
1.0480060008
1.0420450305
1.0285076847
1.025990099
1.0303142786
1.0354424061
1.0273715786
1.0315696426
1.040025413
1.0368168016
1.0355746184
1.0312775886
1.0233674372
1.0217884131
1.0257478228
1.0314990512
1.0248415716
1.0194430507
1.0131876413
1.0062648791
0.9958822061
0.9975046787
0.9955016869
0.9970138111
1.0002495633
0.9971318119
1.0011289513
0.9843828086
0.9857968829
0.9807065898
0.973993808
0.971538176
0.9760877604
0.9697866568
0.9697305279
0.9708137522
0.9622246832
0.9661079615
0.9693839911
0.9599311701
0.958041958
0.956420329
0.9571800918
0.9514948518
0.9528665589
0.9486957597
0.9464175986
0.9354484442
0.9427912061
0.9445916647
0.9362395846
0.9375982586
0.94255397
0.9405471125
0.9371038518
0.9431929481
0.9458474988
0.9392500609
0.9402730375
0.9465339233
0.9505304713
0.958713335
0.9496024465
0.9499029597
0.9518891994
0.9623466537
0.9642380895
0.9623446259
0.9627517593
0.9627065112
0.9613614341
0.9628337744
0.957118968
0.9541097532
0.953117506
0.9566267971
0.9606001464
0.9504962479
0.9487117746
0.9420428691
0.9436283292
0.9457852812
0.9541262427
0.9448036398
0.9379918912
0.9444312796
0.9547013601
0.9673241445
0.9636060894
0.9609170824
0.9571615047
0.9489240955
0.9464831804
0.9435215947
0.9357733176
0.9398274028
0.9357667694
0.9303864791
0.9141089975
0.916374269
0.9192190788
0.9131044149
0.906772722
0.906546434
0.9081476241
0.9105040038
0.9040646597
0.8980610705
0.8944055944
0.9001757469
0.9118063754
0.9285714286
0.9177824759
0.914561053
0.9114534337
0.9103464419
0.9149414409
0.9251571581
0.9151822579
0.9062684453
0.9066102094
0.9119207641
0.9160549372
0.9238265003
0.9216470588
0.9126361401
0.9183530237
0.9206648591
0.9162823696
0.9126956112
0.9213999529
0.9159375739
0.907613852
0.9082688876
0.9066286529
0.9028469751
0.906888361
0.9054246966
0.9056603774
0.9028987236
0.8998808105
0.8985404058
0.9019258203
0.8957570027
0.8921972461
0.8913756738
0.8899297424
0.8846962617
0.8904828551
0.8897325079
0.8878122811
0.8853838065
0.8809938465
0.8869343826
0.885215582
0.8811949977
0.8912942811
0.8877834336
0.8947489636
0.8901301394
0.8985490557
0.8974863894
0.8964599722
0.9009554882
0.8968515038
0.8877598692
0.88855211
0.8877098881
0.8888370465
0.892710412
0.8839701771
0.8847004072
0.8838642176
0.8854615295
0.8937326549
0.8989447121
0.9113334885
0.9183269253
0.915371128
0.9085408424
0.9104183567
0.9035220272
0.9085846868
0.905561993
0.9077353215
0.9138133208
0.9077370564
0.8996539792
0.9136384545
0.9176389049
0.9101459267
0.9069366157
0.8971855256
0.8901237397
0.8958738142
0.8855092276
0.8897907854
0.8858028234
0.8794090701
0.8869184708
0.8836593786
0.8801373784
0.8853709267
0.8837531777
0.880595293
0.8836401528
0.884209305
0.8776356723
0.8778249398
0.8766337996
0.8758034894
0.8799078872
0.8752447875
0.8649822796
0.8672505972
0.8633166969
0.8697079466
0.8726324147
0.8773391146
0.8742398164
0.8858003243
0.8829058837
0.8803994426
0.8821822403
0.8876819968
0.8899167438
0.8954896759
0.8984465569
0.8995465644
0.8939217513
0.8929777571
0.8860006994
0.8907945397
0.8924856842
0.8996138996
0.8954401594
0.8951162791
0.894742977
0.8997185081
0.9030529014
0.9058249041
0.8940023068
0.8813267531
0.8786140431
0.8813831005
0.883467279
0.8882868342
0.8867142528
0.8950920947
0.8959808175
0.8971357127
0.8925393566
0.8923164485
0.8957528958
0.891466727
0.8882253521
0.8921315524
0.9019695613
0.8995545657
0.8951684397
0.8958955637
0.899911426
0.9036397832
0.9054715302
0.9023583866
0.9026860414
0.909160893
0.9229746204
0.9198439242
0.9163059163
0.9156934712
0.9267473118
0.9215488215
0.9280197022
0.9266301309
0.9221435794
0.9098069669
0.9016502381
0.9018567639
0.9081621443
0.9057061027
0.9032720062
0.9112894361
0.9154743562
0.9174659826
0.9105157848
0.9123890823
0.89914757
0.8905735003
0.8982561368
0.9057044368
0.9078402863
0.9114706213
0.9040188595
0.9017308766
0.8965059708
0.9002463054
0.9008199483
0.9014922024
0.9029725182
0.8992369838
0.892964656
0.9098808065
0.9057231588
0.9033650653
0.9015008338
0.9050428587
0.911175423
0.9139482565
0.9220131489
0.9198091776
0.9183073093
0.9128129935
0.90861678
0.9052428507
0.9099569063
0.9103479542
0.9195219124
0.9159721429
0.9110832097
0.9131127033
0.9173281923
0.9164594167
0.9188730482
0.9219457014
0.9160468785
0.91429215
0.9241348213
0.9139917235
0.9144331053
0.915258032
0.9110985915
0.9035008977
0.9075762693
0.9084063835
0.9103509949
0.909233352
0.9130042822
0.9137140941
0.9037045302
0.8985217295
0.8974672295
0.8956184138
0.8987454202
0.8985008329
0.9025743453
0.8975096846
0.8991262029
0.9015830842
0.9002111346
0.8929085076
0.8943161634
0.89731243
0.9006726457
0.8954138702
0.896783593
0.8933318441
0.8903435157
0.8928371885
0.8995830046
0.9012164902
0.8974301676
0.9054642977
0.9024226862
0.8967439786
0.8956870612
0.8901342803
0.8929329016
0.8980707037
0.899988788
0.902009483
0.900135257
0.8928772364
0.8908988764
0.8927276846
0.8949641923
0.8937088349
0.8926945835
0.8951383354
0.8992830318
0.89452725
0.8982110507
0.8934877966
0.8901929805
0.8905792202
0.8886138614
0.8954453668
0.8954255676
0.9012040059
0.9033995288
0.9112446157
0.9115476326
0.8995707185
0.899378882
0.9052774019
0.9025050779
0.9093270099
0.9113395076
0.914881495
0.9149590164
0.9139797197
0.9140999316
0.9202152015
0.922115164
0.9227152849
0.9300148419
0.9328613839
0.9378261856
0.9379177524
0.9373444922
0.9399658897
0.9530875471
0.9592397527
0.9574516756
0.9572308394
0.9609733701
0.9604960955
0.955527465
0.9560477393
0.9593861775
0.9564665127
0.9521331946
0.9477707006
0.9452356142
0.9513912943
0.9421088904
0.9477146814
0.9475451598
0.9501500115
0.9491525424
0.9479674797
0.9511430892
0.9553665074
0.955164784
0.9616460713
0.9533957845
0.9551500883
0.9507348618
0.9512281114
0.9479068674
0.9442156055
0.942816802
0.9362647644
0.9354914105
0.9421584764
0.9412247771
0.9402161146
0.9385317878
0.9428874235
0.9522740697
0.9459874719
0.9474304573
0.940455135
0.9432422845
0.9436370082
0.9467846608
0.9467797009
0.9492890995
0.9465910434
0.952375325
0.9549923013
0.9497868309
0.9396925965
0.9386171214
0.935864486
0.9406690756
0.9416899441
0.9427507563
0.9443474211
0.9467587175
0.9367309032
0.9375217745
0.9408901252
0.9419818984
0.9546142209
0.9603183893
0.9593992021
0.9661495063
0.9658876298
0.9603436103
0.9658059191
0.9618654073
0.9485828063
0.9554125219
0.9631455399
0.9695150659
0.9672555948
0.9733129556
0.9699788086
0.9591078067
0.952739488
0.9521769338
0.9522041763
0.9572093023
0.9533618794
0.9537498551
0.9512562232
0.9512110727
0.9524910415
0.950196896
0.9508519764
0.9475319296
0.9421107147
0.9382346163
0.9429849719
0.9368926489
0.9329621634
0.9366742597
0.9318104716
0.9346966444
0.9364774907
0.9365760072
0.9296296296
0.928082576
0.9332061069
0.9264837126
0.9275151244
0.924754025
0.9184939092
0.913714603
0.9126245847
0.9121621622
0.9135966368
0.9113756614
0.9072928177
0.9087692138
0.9112347052
0.9132420091
0.9073910157
0.9041501976
0.903782349
0.8948408342
0.8882352941
0.8807021346
0.8838548457
0.8817227573
0.8824677437
0.8799697494
0.8789547565
0.876984127
0.8767874422
0.8729802033
0.8634047973
0.8649592549
0.8718030351
0.8692755156
0.8658950945
0.8591609134
0.8568244534
0.8563371289
0.8580128205
0.8569902809
0.8596903364
0.8643577096
0.8573251116
0.8604131175
0.8652131887
0.8688542112
0.8706638116
0.8712542808
0.8722537777
0.8636073932
0.8684350133
0.8722685527
0.8730242919
0.8691470246
0.8686185393
0.8609479866
0.8619387327
0.8712392173
0.8772170608
0.8699246547
0.8712414877
0.8675013041
0.867940286
0.8696650318
0.8675703858
0.8734920801
0.8673501412
0.8582970789
0.8579462612
0.8717733473
0.8773735016
0.8888058107
0.8841366103
0.8792045695
0.8735003157
0.8827368421
0.8838675775
0.8836644125
0.8786351706
0.883192389
0.8799451419
0.872501578
0.879268163
0.8830749354
0.8863905325
0.8803355277
0.8777648428
0.8815090329
0.8807095815
0.8764389059
0.8760391455
0.8739619468
0.8835260422
0.8851501964
0.8774132292
0.8738529691
0.8703430857
0.8669397185
0.8746975276
0.8765145928
0.8878583474
0.8888303477
0.8786929742
0.8752850923
0.8699556198
0.8652657602
0.8670579755
0.8613841114
0.8567658106
0.8548952801
0.8498055251
0.8535510368
0.8584159407
0.858349251
0.8550942639
0.853899014
0.8500347602
0.8488778055
0.8450802512
0.8496158068
0.8337259521
0.8328891521
0.8306467466
0.8306665358
0.8231226259
0.8228242861
0.8274245532
0.8276537407
0.8254509995
0.8334958081
0.8221686747
0.8323688082
0.823921872
0.828313253
0.8279060779
0.8281972265
0.8174890455
0.8208940997
0.8197624703
0.8190611664
0.8108411215
0.8103110115
0.8074539906
0.810044069
0.829161218
0.8362133734
0.8535222126
0.8571152918
0.8558800922
0.8735170115
0.8707952557
0.8798388681
0.8879259405
0.8966676555
0.8949650212
0.8942905039
0.8980136377
0.9009664242
0.8840536807
0.8937062937
0.8882994695
0.8863545418
0.9058418548
0.9016526412
0.8957049015
0.8895699357
0.8938981341
0.891010101
0.8958608766
0.8949412366
0.8814747105
0.8736164218
0.8759079903
0.8700241255
0.8626844834
0.8582489577
0.850492126
0.8494729583
0.8544471744
0.8620047077
0.8697058824
0.8717923313
0.8816892971
0.8874801902
0.8880213481
0.904185022
0.8984429935
0.896882494
0.9033460996
0.9150867285
0.9258429255
0.9331226425
0.9324448062
0.9322329301
0.9354374422
0.9332511809
0.9308422791
0.932356257
0.9453833471
0.9293000707
0.9174468942
0.9210156564
0.9139688249
0.9105100925
0.9266506121
0.9181094527
0.914893617
0.9149471565
0.914741916
0.9129074579
0.9040822437
0.9076984683
0.9068651944
0.9019392243
0.9084745763
0.9238220159
0.914248287
0.9275715155
0.923640061
0.9268415742
0.9366046937
0.9181963288
0.908974737
0.9191780822
0.9253571776
0.9392156863
0.9474619791
0.9616801035
0.9531465772
0.9603706625
0.9674764502
0.9787552364
0.964495276
0.9724561577
0.9679669844
0.9834352199
1.0125025005
0.9999008723
1.0112846348
1.0167981153
1.016497592
0.9966412214
1.0059941075
1.0282307379
1.0216046252
1.0234454638
1.0356592334
1.0143619204
1.0052920822
0.9990918264
1.0009078987
0.995548361
1.0003042288
1.0180986274
1.0102746694
1.0213745142
1.0202102684
1.0145621181
1.0034064723
1.0080955272
0.9854765507
0.9942684766
1.0037219596
1.0045894952
0.9794840544
0.9814946619
0.9795297933
0.9795131846
0.9694433239
0.9723525811
0.9643402955
0.9615852422
0.952671603
0.9486510882
0.9659125495
0.9658610272
0.9618627057
0.9543859649
0.9501654467
0.9471785106
0.9549450549
0.9405812915
0.9572081017
0.9537674602
0.9554240631
0.9655172414
0.9687251787
0.9652398451
0.9537000396
0.940130409
0.952560915
0.9685496795
0.9642569472
0.9748606183
0.9809378186
0.9947019868
0.9960151221
0.9828062634
0.9859441842
0.9783231084
0.9819847643
0.9783673469
0.9790880343
0.9793384224
0.9696816062
0.9838118509
0.9713501981
0.9747720365
0.9727401702
0.9849358002
0.9930091185
0.9970480456
1.004906972
0.9954494893
0.9944864203
0.9927735369
0.9917599186
0.9886653732
0.980592338
0.9835237036
0.99273021
0.9899477282
0.9911938357
0.9856756486
0.9828640144
0.9849109748
0.9805689103
0.979196122
0.9731475873
0.9758694109
0.9815644734
0.9900797709
0.9801046047
0.9755673686
0.9777618364
0.9773472735
0.9881926463
0.9888448707
0.988173731
0.989897927
0.98900395
0.9854716376
0.9764843584
0.9818994889
0.9712613092
0.9672113752
0.9692209722
0.9730217738
0.9659502022
0.9615424809
0.9534616189
0.960088226
0.9522910769
0.9521661597
0.9573080967
0.9642515161
0.9678693424
0.9663101604
0.9600467538
0.9602296895
0.9557710753
0.9450149765
0.9480533333
0.9456649877
0.946692565
0.9369961816
0.9543223052
0.9567874759
0.9650048455
0.9785003744
0.9459941275
0.9590503836
0.956147626
0.9519021457
0.9480331263
0.9486464145
0.9477348296
0.9446799491
0.9444562222
0.9486515642
0.9538926682
0.9674886653
0.97197297
0.9950628366
1.012031626
1.0503383593
1.0174276751
1.0194242109
1.0375575765
1.0467356404
1.0391832881
1.0370281892
1.0553186304
1.0773846731
1.0797484277
1.0930143784
1.1150283067
1.1178075075
1.0821179066
1.0673158856
1.0337253961
1.0112612613
0.9912432308
0.9973327148
1.0092537668
1.0034266808
1.0142225409
1.0161504158
1.0395966552
1.037456446
1.0349280531
1.0170171387
1.0268142681
1.0243236535
1.0458258872
1.0501092124
1.0291142364
1.0362987572
1.0233961335
1.0256220744
1.021453373
1.0280836323
1.0318764786
1.0368599824
1.0547062539
1.0575055045
1.0449226123
1.0453859693
1.0511499309
1.0335243204
1.0539868143
1.0689142291
1.0693105552
1.1119124895
1.1060370592
1.1080516288
1.1179268293
1.1188913202
1.1214173419
1.1241053015
1.1447255837
1.1649622596
1.1541275454
1.1394640682
1.1463087248
1.1274616407
1.0757864633
1.0549061282
1.0839866952
1.0833530665
1.0703236554
1.090710912
1.0957812117
1.113378967
1.1193597177
1.1216672925
1.10625
1.1025123091
1.0953647416
1.0917685617
1.0712866369
1.0721371709
1.0752846126
1.0571808511
1.0608355729
1.0630708467
1.0694358338
1.0789147671
1.0587874325
1.0514390692
1.0581840642
1.0487953273
1.0668063602
1.0715352078
1.0731951037
1.0723250901
1.0696171059
1.0752715332
1.0701400278
1.0695892476
1.0813997241
1.0743243243
1.069967573
1.0763147985
1.069201995
1.0872704243
1.0937741189
1.102056655
1.0905017921
1.096188514
1.1147667395
1.1189056017
1.1103262266
1.1117110168
1.0788057406
1.072620716
1.0697438499
1.0736453829
1.0902389426
1.0977657079
1.1006953067
1.0943720816
1.0857563489
1.0982032981
1.092364532
1.0853809878
1.094439541
1.1040010097
1.1033696478
1.0931038752
1.0885435935
1.0922752111
1.0814585909
1.0778627838
1.0608962554
1.0613474305
1.0788701394
1.0644535983
1.0523088023
1.0532673028
1.0408163265
1.0565501914
1.058758178
1.0644361834
1.0617784328
1.0656412741
1.0580308365
1.0651032124
1.0605478136
1.0470320728
1.0453843412
1.0455081349
1.0407154625
1.0337671474
1.0365125805
1.038746241
1.0470110273
1.0535464302
1.0554776921
1.0605954055
1.0532077693
1.0417102359
1.0402684564
1.0377272208
1.0400363967
1.0359348681
1.039387801
1.0336209795
1.0234600845
1.0288332588
1.0219624126
1.0178454842
1.0192536506
1.0286124613
1.0279305036
1.0263626251
1.0265844083
1.0208609272
1.0280955025
1.024047436
1.0400850969
1.038474634
1.043246311
1.0454235748
1.0420993228
1.0504535147
1.0621325648
1.0792865362
1.0490804598
1.0591030247
1.0643268124
1.0668981481
1.0702508128
1.0690842323
1.0715613383
1.0695864312
1.0687209302
1.0717530577
1.071654373
1.0788251683
1.0714866907
1.0658502773
1.0455062571
1.038827347
1.0399373532
1.0388783376
1.036069927
1.0388327971
1.030951597
1.0156182213
1.0138843692
1.0095217485
1.0117531832
1.0013080445
0.9945875731
1.0100421121
1.0072579784
1.0089695675
1.0085579803
1.01045146
1.0015181089
1.0023941669
1.018722467
1.0121911397
1.0144470997
1.0235668092
1.0266799513
1.0262896277
1.0311335234
1.0214386767
1.0224962146
1.0136397809
1.0205449827
1.0271398747
1.024158286
1.0306434024
1.037764848
1.034843974
1.042719947
1.0407554672
1.0225400954
1.0161585694
1.0295730724
1.0354487663
1.0413875081
1.0380305969
1.0488440247
1.0380727038
1.0358020733
1.0341925863
1.0425828596
1.0448904716
1.0444040231
1.0454155955
1.0608174387
1.0629370629
1.0527173913
1.0465545307
1.0310997114
1.0355756792
1.048465792
1.0398196844
1.0321999788
1.0266482641
1.0277923992
1.0109591901
1.0083790214
1.0087683103
1.0102764361
1.0171505321
1.0185684647
1.0173106646
1.0336477987
1.0340022876
1.0417497115
1.0441408303
1.0450527213
1.0420042644
1.0496660203
1.0478172697
1.0553513514
1.0565038894
1.0382274426
1.0448649798
1.0459672271
1.0553109226
1.0481571444
1.0431624382
1.036835496
1.0354438368
1.0369011427
1.0384615385
1.0372874195
1.0422283067
1.0494944119
1.0516447016
1.0456847436
1.0489614243
1.0483583342
1.0580741055
1.0555732653
1.0505338831
1.0454213219
1.047334173
1.054017058
1.0375591794
1.0312893742
1.0349405268
1.0272583201
1.0260246549
1.0239330721
1.02538608
1.0193329084
1.0212968849
1.0218579235
1.0215328856
1.0169797304
1.0084459459
1.0094250707
1.0104975856
1.0137576139
1.0085541415
1.003540929
1.0178288849
1.0178007162
1.0159865377
1.0099802474
1.0052926526
1.0049617532
1.0021743632
1.0048458604
1.0173751164
1.0219380329
1.01278746
1.0065647759
1.0029838461
1.0013326499
0.9989687532
1.0032464132
1.005034085
1.0161631101
1.0178835979
1.0167657046
1.018036286
1.0127877238
1.0051183621
1.0048899756
1.0039194915
1.0028656336
1.0065429583
0.9961394102
1.0007493042
1.0045969639
0.9974438172
0.9800378231
0.9775813072
0.972851153
0.9786012526
0.970093067
0.9675297557
0.9649068
0.9669791667
0.9749656702
0.9766729998
0.9835978272
0.9809112002
0.964040025
0.9593924365
0.9661995054
0.9571222428
0.95748842
0.9568788501
0.9520737327
0.95773492
0.9601519975
0.9607004683
0.9612870276
0.9593867398
0.958199033
0.9607247697
0.9573387506
0.9647010814
0.9636345116
0.9569628036
0.9522787656
0.9646090535
0.9580398162
0.9554808476
0.9660810399
0.9556183175
0.9507832239
0.9443276259
0.9348413572
0.934235589
0.9342897271
0.943052621
0.9445614035
0.9499699218
0.9483549352
0.9466680008
0.9566585465
0.9566368078
0.9343051118
0.9331470764
0.9288430745
0.934002006
0.9300580348
0.9373794783
0.9299524243
0.92794694
0.9416429443
0.93238182
0.9307700174
0.9235191459
0.9420728525
0.9395552772
0.9253103519
0.9185290532
0.9182883342
0.9112035722
0.9155743627
0.9158771473
0.9096547447
0.9071376166
0.9276386213
0.9240076417
0.9150015858
0.9291644205
0.9176057835
0.9105417892
0.908766029
0.9066233494
0.9087572103
0.8990349694
0.9025255688
0.9065853145
0.9057040623
0.9130297944
0.90814522
0.901590252
0.8993573798
0.9022734287
0.91125296
0.9097151056
0.9236704043
0.9227538162
0.9204046184
0.9240351235
0.9400791997
0.947851481
0.9475158179
0.9506517691
0.9722397476
0.9854518424
0.9942669073
0.9995740149
1
0.9957841484
0.9981084489
0.9937310626
0.9755291688
0.9772915803
0.9803617571
0.9783393502
0.9979177512
1.0013692859
1.0022149562
1.002310439
0.9923863162
0.9949191207
0.9851536545
0.9844185327
0.9757638529
0.9795981773
0.9978211247
0.9881748072
0.9849585593
0.9861793612
0.9673049501
0.9696169089
0.9920781893
0.9791581109
0.9821761658
0.988910974
0.9927007299
0.9887792208
1.0051142887
0.9900877646
0.9887860082
1.006234414
1.0135362015
1.0104068117
1.0273305085
1.0344351153
1.0295514512
1.0283208285
1.0299894403
1.0490614334
1.0341565949
1.0401263823
1.0215243839
1.0229766094
1.0333054918
1.023383342
1.0175728757
1.0182534744
1.0195412938
1.0296227962
1.0255988486
1.0126374191
1.0209299928
1.0219825372
1.0244204019
1.0461920017
1.0470794272
1.0434559277
1.0434202423
1.0578768183
1.0570338284
1.0490892251
1.0456588355
1.0526908124
1.051261188
1.049989901
1.0503611761
1.0542156465
1.0507598784
1.0564434554
1.0452493228
1.0556951845
1.0567296997
1.0620619604
1.062570869
1.064469914
1.0620569198
1.048650313
1.0508111417
1.0397174736
1.0434872431
1.0373993682
1.0344932845
1.0223236936
1.0307707829
1.0349848332
1.0465629704
1.0426914617
1.0388660723
1.0384307446
1.0281563126
1.0302999799
1.0336066403
1.0237544036
1.0285714286
1.0317833418
1.0205786471
1.020376974
1.0304298989
1.0305421748
1.0171717172
1.0084754313
1.0167176351
1.018675375
1.0245253976
1.0121876904
1.0129596142
1.0300744317
1.0233329981
1.0247150207
1.0216358306
1.0269588045
1.029061554
1.0411675893
1.0490304431
1.0381190595
1.0418511066
1.0428311057
1.0538258038
1.0615713413
1.0653144016
1.0498184752
1.0450658887
1.047806354
1.0523581135
1.0533213285
1.0682751026
1.0636372676
1.0608971185
1.0581872809
1.0313121272
1.0324507267
1.0308549816
1.0257429679
1.0148529557
1.0167818361
1.024758335
1.0254203759
1.0231961307
1.0299900695
1.0419322709
1.0339355225
1.0390049751
1.0474249354
1.0570915261
1.0564025909
1.0486690505
1.0601218416
1.0649233544
1.0583283819
1.04965872
1.049000198
1.0342438638
1.0334355525
1.0352112676
1.0362750944
1.029499701
1.0144425759
1.0184746098
1.023922499
1.0247534517
1.0354470264
1.0396653543
1.0389150943
1.0514263153
1.0642056168
1.062493849
1.0564001962
1.0470072993
1.0486997175
1.0548798287
1.0445785478
1.0490815434
1.0518987342
1.0393433068
1.0417514288
1.0451311044
1.0478231226
1.0558969857
1.0725576829
1.0929955291
1.0965258587
1.0934975369
1.0810017609
1.0835779996
1.0796980688
1.0779296875
1.0670199195
1.0639773393
1.0593344393
1.0570235088
1.05886346
1.0405744025
1.0486837011
1.041622507
1.0445169337
1.0453673509
1.0494736842
1.0550458716
1.0722660004
1.0767598843
1.0762288786
1.0736791547
1.0786799574
1.0640252656
1.0716739836
1.0777872989
1.076761705
1.0834526879
1.0835869152
1.0879488159
1.0887917102
1.0948136911
1.0981303976
1.1037234043
1.1152555374
1.1110788863
1.1016621569
1.1042974408
1.0902364021
1.0839738663
1.0897349398
1.0861884888
1.101088647
1.1049394768
1.1042557326
1.0990598042
1.1068895151
1.1087084149
1.1127091283
1.1213720317
1.1308649231
1.1447406973
1.1452983107
1.135025184
1.1580280592
1.1611420749
1.1675448868
1.169602662
1.1621042377
1.170350088
1.1576690704
1.1620220984
1.1686239969
1.1459281495
1.150343474
1.1577082103
1.1590619174
1.1596943274
1.1552378173
1.1624538207
1.1705905435
1.179558011
1.1785079929
1.1842778434
1.1622172605
1.1453230473
1.1323020753
1.1327314637
1.1371192467
1.1495949074
1.1368562386
1.1484187254
1.1592097618
1.1582504586
1.1697986577
1.1759961594
1.1697681076
1.1747526179
1.162578437
1.155770324
1.154180444
1.1632168629
1.1722279989
1.1761706949
1.1806451613
1.1811711113
1.2137528692
1.2265722217
1.2547323917
1.2558789514
1.2740220466
1.2764895803
1.3119683482
1.3576099881
1.3555731538
1.3037637064
1.2831551861
1.2518183605
1.2394726486
1.2438665358
1.2502227943
1.2536739323
1.252915596
1.2526700949
1.2447123938
1.2374015748
1.2244191794
1.1977677697
1.1986664052
1.2147323173
1.2284655156
1.2493858701
1.2609557803
1.1507826432
1.1484297847
1.1295985797
1.1272672912
1.1253237697
1.1269668481
1.1308744795
1.1347461804
1.1199529596
1.1211971063
1.1172441179
1.1213971177
1.1326279022
1.1361062494
1.1422511897
1.1370630796
1.1404029042
1.1532808942
1.1499272198
1.1453116815
1.1487059822
1.131576195
1.1277105922
1.1235453034
1.1371804087
1.1344312918
1.1364927948
1.1379486655
1.1349431818
1.1334079577
1.1305275999
1.1227981373
1.1367809058
1.1417895375
1.1396025692
1.1526369168
1.1404766714
1.1564984102
1.1516145057
1.141108568
1.1512990321
1.149349329
1.1472962066
1.1499643911
1.1286222674
1.1285425101
1.1226731767
1.1236012208
1.1235568159
1.1211072664
1.1156518186
1.1140028577
1.1175020542
1.1198563366
1.1339220779
1.1339341206
1.1381475667
1.1391012884
1.1284499948
1.1214160025
1.1195013907
1.1175511867
1.1076142132
1.1046310433
1.1041265335
1.090771099
1.0927533306
1.1023702493
1.10254842
1.0981418746
1.0923868313
1.0911923556
1.099100031
1.1081193471
1.1055193124
1.10621655
1.099938373
1.0902593425
1.0874745418
1.089509634
1.0925226971
1.0852522771
1.0847977115
1.082731985
1.0834182114
1.0831145223
1.0757943736
1.0694501018
1.072900646
1.0769546481
1.0717192269
1.0676323574
1.0811086203
1.0746773202
1.0657921497
1.0668964119
1.0774448269
1.0816491512
1.0846426761
1.0866451483
1.0876236624
1.0889851859
1.0887290168
1.0937687838
1.0937374548
1.0900692841
1.0913715711
1.0905637745
1.0811723795
1.0833333333
1.0904387623
1.0916782799
1.0916865553
1.0924016418
1.0922446532
1.0863
1.0807707668
1.08173029
1.085218778
1.0899244833
1.0914883026
1.0980705788
1.102966144
1.1165368484
1.1109114505
1.1117641199
1.0931425752
1.0876588201
1.0820401305
1.0901590457
1.090499098
1.0898460923
1.0902874133
1.0761772853
1.0828202582
1.0762376238
1.0668388122
1.0756269204
1.0829282809
1.0835882759
1.0874132805
1.087306317
1.0928628549
1.1002498751
1.0980937252
1.0989174695
1.1021467798
1.0993311371
1.1061513881
1.0977689638
1.0977205154
1.0870691373
1.0794596742
1.0872295883
1.0888977477
1.0921488018
1.0949563822
1.0907191883
1.085286783
1.0906631937
1.0788303862
1.08148295
1.0848737825
1.0899990088
1.0862737302
1.0856154226
1.0809055118
1.0838500148
1.0821890938
1.0874074074
1.0825706131
1.0815238847
1.0802725118
1.0838889442
1.0805088957
1.0835417709
1.0803607214
1.0794397199
1.0742845747
1.0712210758
1.0669342699
1.0715079285
1.0761410999
1.0818283849
1.0855014794
1.0806073576
1.073613963
1.0734265734
1.0728844966
1.068004916
1.0659554826
1.0617867791
1.0634297521
1.0713692084
1.0843071786
1.0773871437
1.0756968014
1.0718237705
1.0726147499
1.0697100555
1.0684551341
1.0752180605
1.074912892
1.0775376421
1.0728279824
1.0759364821
1.0773542601
1.0726955808
1.073804147
1.0714506332
1.0657854288
1.0650123052
1.0701282582
1.072723569
1.0675152749
1.0637155592
1.0578462162
1.0461273317
1.0418789484
1.0458163265
1.041003672
1.0398410434
1.0373812685
1.0334855403
1.0362510154
1.0335597688
1.0320331447
1.0299244332
1.0259056871
1.0277693012
1.0248136424
1.0275798901
1.0329292929
1.0354231659
1.0238740094
1.0270676692
1.0250350491
1.0195347901
1.028560016
1.0323773359
1.0302003389
1.0237645421
1.0145847802
1.0152702033
1.0201568861
1.0183458945
1.0116704579
1.0159936815
1.0145400593
1.0157161214
1.0252689764
1.0313959265
1.0402264601
1.035204284
1.0310798773
1.0329616106
1.0303239826
1.0333531864
1.0321499014
1.0340069
1.0311575626
1.0366445479
1.0297642436
1.0339165282
1.0330990041
1.0354920264
1.0403863038
1.0350126435
1.0462702493
1.0484341568
1.0485143692
1.0514469453
1.0468505477
1.0473494094
1.0446402349
1.0464774951
1.0463400236
1.0456997156
1.047703354
1.0481761872
1.0511988994
1.0510848126
1.0547541949
1.0521433454
1.0458536585
1.0409082012
1.0437126335
1.0463433711
1.0499803998
1.0478520403
1.063670412
1.0620284174
1.0641075987
1.0701231625
1.0726567936
1.0641318376
1.0645193359
1.0643879173
1.0667731311
1.0674067407
1.0728
1.0741777467
1.0696839797
1.0568418961
1.0556386479
1.053441939
1.0548354935
1.0544020763
1.0546945305
1.0542782887
1.0574090772
1.0614597955
1.064199017
1.0576807531
1.0599321899
1.0603611693
1.0622071578
1.0652434158
1.0693246058
1.0701719511
1.0666269487
1.0671826933
1.0698967434
1.0714001986
1.073544027
1.070734127
1.0700763207
1.0621838738
1.0596439169
1.0574474386
1.0572104952
1.0628380372
1.0651895618
1.074807806
1.0721527709
1.0790225638
1.0823378418
1.0825515947
1.0821999404
1.0821768438
1.083796664
1.0885950085
1.0869565217
1.089534421
1.0877437326
1.0847912525
1.0743189893
1.0690912675
1.0643793749
1.0692239424
1.0672194255
1.067443468
1.0783405597
1.0782694199
1.0723282818
1.0588524752
1.0586842884
1.0540567152
1.0649260399
1.0647532029
1.0686264773
1.0751549071
1.0796309297
1.0874609099
1.0864533011
1.088182183
1.1004008016
1.0973177784
1.103534345
1.0975634112
1.0984244116
1.0953757225
1.0885848397
1.09179374
1.0959235028
1.0938345865
1.0915281394
1.0851788756
1.0910647728
1.0954982296
1.0978227848
1.1005694529
1.094301152
1.0996728685
1.1031477494
1.1021372791
1.0997437212
1.1023160062
1.0909838594
1.0939237899
1.090432638
1.0889393314
1.0907594155
1.0793830334
1.0812307692
1.0831110199
1.0795151017
1.0804868071
1.0851085516
1.081501176
1.083967112
1.0860159934
1.0825819672
1.0851564097
1.07792871
1.0721188079
1.0658871378
1.0708549354
1.072039072
1.0739987802
1.0690809495
1.0720510742
1.0722317901
1.0905760228
1.0911407891
1.0902530745
1.0880949964
1.0867852091
1.0903657178
1.0973641193
1.1079533838
1.1015921931
1.1027481542
1.101026694
1.0975159105
1.0881568144
1.0844636252
1.0783193963
1.0785031523
1.0805961071
1.0821075962
1.0882412263
1.0785203105
1.078016329
1.0734434818
1.068636318
1.0731902948
1.0653503057
1.0586985123
1.054152354
1.0533685065
1.0515012723
1.0571312392
1.0560862866
1.0611031372
1.0593785253
1.0563496996
1.0653608247
1.0742042166
1.0723003724
1.0648744032
1.0765882475
1.0792620078
1.0796396023
1.0884682646
1.0913138006
1.0986032074
1.1028688525
1.0927308046
1.0900377282
1.0993782489
1.1067427175
1.1022380468
1.1023501882
1.1002547122
1.1088442314
1.1091854419
1.1165440796
1.1191893868
1.1258020406
1.1194876102
1.1106922191
1.1084450964
1.1126315789
1.10847671
1.1094260137
1.1112864205
1.0993481918
1.1006775355
1.097831835
1.0818688835
1.0872306884
1.0933277905
1.0995014541
1.0967271211
1.1024390244
1.1077115204
1.0984100592
1.1007663629
1.1033557047
1.0991250643
1.0998351535
1.100874036
1.108163685
1.1026799466
1.1066721582
1.1080246914
1.1052141527
1.1182639394
1.1163538318
1.1203319502
1.1296604874
1.1224595069
1.1147675854
1.113938395
1.1074012818
1.10377943
1.1060731254
1.1158820486
1.117866005
1.1307732226
1.135067377
1.1393097643
1.1414300736
1.1387574898
1.1427371956
1.1379274177
1.1307506053
1.1308421053
1.1291547958
1.1257510277
1.1210531837
1.1133284319
1.1083610649
1.1129199502
1.1069950331
1.1098140496
1.1107670073
1.1110421836
1.1139789387
1.1115230151
1.1151427688
1.1239881135
1.1308016878
1.1294069277
1.1294275124
1.1333333333
1.1321981424
1.1377924353
1.1382683002
1.1396838516
1.1445247934
1.1474868407
1.1361434608
1.1410745591
1.1436698386
1.1420850223
1.1390302149
1.1377127439
1.1396335783
1.1334923763
1.1298862461
1.1400782215
1.1409320029
1.1419892916
1.1500720016
1.1640722291
1.1683519233
1.1692613102
1.1668233574
1.1641369203
1.1677122543
1.1526908636
1.1441394426
1.1445695226
1.1451275617
1.1439291298
1.1392894462
1.1382710869
1.1389500157
1.1435762979
1.1421250784
1.1448622604
1.1419611123
1.1424697539
1.1500261917
1.1396029258
1.1487907466
1.1608516918
1.1572891375
1.1622705212
1.1667726213
1.1673542791
1.1725640208
1.1709365366
1.1801023672
1.1850940975
1.1863558961
1.1929263876
1.1932978723
1.1965821038
1.1978161773
1.1943853679
1.191218581
1.1913227513
1.1969648732
1.198019802
1.1905473168
1.1902324589
1.1867968584
1.18492569
1.18635059
1.1876729828
1.2025018711
1.1998722181
1.1944946328
1.192221868
1.1829981913
1.1730136841
1.1792141412
1.1844962907
1.1857575103
1.1933383964
1.2062731431
1.2049972841
1.2132312739
1.202952433
1.20517863
1.2033991228
1.2049315068
1.2051113305
1.2152585539
1.2404017857
1.2365829368
1.2388241819
1.2415216421
1.2471283595
1.2354320161
1.2275049989
1.2297792078
1.2238211202
1.2267287234
1.2297566372
1.2279346867
1.2306757951
1.2282441066
1.2184993958
1.2269884805
1.2296718973
1.2290913077
1.2321584939
1.2480070859
1.2476941882
1.2534490432
1.2457364341
1.2498891844
1.2469410456
1.2543996436
1.2557753952
1.2576850516
1.2519151771
1.2447807357
1.2472008782
1.2636131751
1.2641509434
1.2639875666
1.2708888889
1.2637459896
1.2722832723
1.2664971814
1.2739619281
1.2762776166
1.2713884205
1.2687870982
1.2725746895
1.2655272565
1.255330964
1.2472357364
1.2472630764
1.2485925599
1.2482363316
1.2434399118
1.2391208306
1.231927049
1.2342618995
1.2363993882
1.2338086426
1.2459606987
1.2529592284
1.2470136986
1.2486272787
1.2488448845
1.2475236628
1.2482636975
1.2446574135
1.2455076618
1.2496139422
1.2506066623
1.2528976708
1.2531436135
1.2398071021
1.24362203
1.2454525531
1.2498078401
1.2483839159
1.2453733943
1.244822324
1.2330696717
1.2290259316
1.2266143962
1.2252153997
1.2221255303
1.2217386574
1.2199869508
1.2185631997
1.2211444142
1.2225382932
1.2182016349
1.2130434783
1.2133087277
1.2105663659
1.210331702
1.2085862966
1.2133246528
1.212580399
1.2180508567
1.220678337
1.2248468941
1.2234251969
1.2157825802
1.2135138085
1.2083242773
1.2067057292
1.2066492829
1.2092013889
1.2064474113
1.2114360257
1.2115571908
1.2000860585
1.1996350757
1.1995703545
1.2022303238
1.196707291
1.1969276723
1.2023466667
1.2003404618
1.1990405117
1.1885890353
1.1905674438
1.1941333333
1.1953667129
1.1937373522
1.1936687274
1.201866352
1.2005356186
1.2013343377
1.1957455952
1.1970771545
1.194888865
1.1949125255
1.1906961753
1.1899699313
1.1909725954
1.1951773356
1.195311656
1.1967657912
1.1990180033
1.1984749455
1.2054779572
1.203776468
1.204647594
1.2027528949
1.2016173096
1.2133918771
1.2048705908
1.204595186
1.2034509119
1.2032937071
1.2071747901
1.2015900675
1.2039185639
1.2018609743
1.2012048193
1.1979200876
1.1998243303
1.1946786379
1.1904813766
1.1858445506
1.183813145
1.1816404128
1.1878754779
1.1840817658
1.1667210086
1.1688438929
1.1745944761
1.1785950231
1.1679631862
1.1809954751
1.1879707576
1.1801612725
1.1784223248
1.1690541279
1.1731127424
1.1664837577
1.1711106214
1.1790780142
1.1721120833
1.1720537599
1.174073247
1.1728711547
1.1739715279
1.1680644079
1.1696388765
1.1635708657
1.1624524502
1.1659217877
1.1692772432
1.1693080357
1.1686975964
1.1750336172
1.180150782
1.1970448906
1.1960364824
1.1897637795
1.1960762205
1.1835819222
1.1769058296
1.1768867925
1.1791329739
1.1850893962
1.1825610029
1.177572177
1.170846395
1.1724021212
1.1747220331
1.1868945869
1.181083542
1.1780116691
1.1721516114
1.1726994213
1.1748497562
1.1686243506
1.1786972832
1.1762049893
1.1712444897
1.1793625678
1.1853868845
1.1788498475
1.1584625759
1.1665349441
1.1646238615
1.1687640449
1.177084515
1.1835544373
1.1771836411
1.1714708898
1.1628382988
1.1711619438
1.1676564641
1.1751950436
1.1789594054
1.1848749139
1.1887249251
1.1985676331
1.2057282571
1.2109974425
1.1994196169
1.1836639981
1.1825894933
1.1850127996
1.1756850906
1.1786793769
1.1819027681
1.1764090645
1.1780183956
1.172989906
1.1663189615
1.1678671004
1.1728105189
1.1693177801
1.1721776098
1.1669826973
1.1623537753
1.1681290017
1.1753401767
1.172520908
1.1745841809
1.3393368321
1.3926689027
1.3618751495
1.3814993954
1.4316466658
1.4228769497
1.4123263889
1.3828862394
1.3728582071
1.3750933998
1.3694799443
1.3832845694
1.3561902365
1.346287559
1.3614321608
1.3467992542
1.3531914894
1.3501620544
1.3556532663
1.3600404398
1.3428678491
1.3372758964
1.3389471058
1.3272997768
1.3172825681
1.3175059353
1.3309136421
1.3217117684
1.3286686838
1.3116527795
1.3103275819
1.3126094571
1.3077115987
1.2971962617
1.2895489002
1.2831438211
1.2837138892
1.2791635173
1.2688607595
1.2656449553
1.26317795
1.2726575483
1.2681899413
1.269918284
1.282276547
1.2851497769
1.2879206429
1.2931314901
1.3051461404
1.3019647103
1.2942425378
1.3102189781
1.3101040873
1.3032838849
1.3045448823
1.3123191141
1.3106674984
1.3051163949
1.2960789211
1.2980985739
1.2874921433
1.2856423174
1.2902128732
1.2851255152
1.273053152
1.2736597875
1.2847171198
1.2798826693
1.2889598428
1.2650189649
1.2716573647
1.2743211981
1.2714510468
1.2591390091
1.2767664671
1.2887196228
1.302679659
1.2947801865
1.3016732876
1.3117852414
1.3179829891
1.3005200145
1.2951355276
1.2917565301
1.3021368032
1.3129725189
1.3102369782
1.3149969642
1.3055861142
1.3023312584
1.3059282752
1.3047595622
1.3020192071
1.30917454
1.3136005995
1.3192921236
1.3229867863
1.3251757028
1.327883067
1.3323371934
1.3373674361
1.328007988
1.3339552239
1.3244143033
1.3183102051
1.3159581023
1.3285327425
1.3183161004
1.3225169648
1.3294334975
1.3245292247
1.3339882122
1.3377662849
1.3193142575
1.3244951059
1.3185578466
1.319387881
1.3381259296
1.3347896642
1.3281387458
1.3282308657
1.3339622642
1.3406163173
1.3428972201
1.3455310468
1.3419412289
1.3508459484
1.3429336052
1.347648783
1.3590009059
1.3515928516
1.3529946732
1.3482270425
1.3513513514
1.3544649831
1.3615164148
1.3601728201
1.357012513
1.3421699211
1.3399535723
1.3397919376
1.3502412309
1.3592003157
1.3498293515
1.3441044579
1.3397242285
1.3370978332
1.3243102551
1.3276428102
1.3363164721
1.3375179809
1.3383851581
1.3397016488
1.3378643315
1.3581775086
1.3611001965
1.3891813635
1.4070258848
1.406287465
1.4038077486
1.3676645127
1.3730022454
1.3661822985
1.3688232969
1.3691613588
1.3524525316
1.3625878298
1.3638057219
1.3492000529
1.3533456757
1.3587100185
1.3602756062
1.3719139899
1.3608165429
1.361085496
1.3573502243
1.3673066807
1.368323393
1.3637812002
1.3643762508
1.3713446388
1.3611777245
1.3716459752
1.3862505045
1.3735101112
1.3578723969
1.3606124604
1.3428084883
1.3464597731
1.3406837161
1.3467899466
1.3466907963
1.3497147303
1.3574772432
1.3631647211
1.3535613268
1.3596638655
1.3588143526
1.3581159984
1.3700498295
1.3490504257
1.3458448571
1.3369250986
1.3442470838
1.3329402516
1.3286823746
1.3241830065
1.3282682735
1.3183481443
1.3242033184
1.3194736842
1.323130157
1.3245683931
1.3153153153
1.3206745452
1.3285429142
1.3213333333
1.3213285314
1.311276794
1.3110220441
1.3087551481
1.3080922544
1.3096541594
1.309739223
1.3026473327
1.2986046512
1.2976222282
1.2993324433
1.2992241841
1.3053588133
1.3403344482
1.3378848728
1.3500540833
1.3698872129
1.380304679
1.3769911504
1.3975539371
1.395467033
1.3820224719
1.3986486486
1.4005023723
1.3990257481
1.4080234834
1.4126254181
1.3932973272
1.4028258762
1.3998616874
1.4069233977
1.3949916989
1.4035282678
1.3831581858
1.3829639889
1.3914560938
1.3879865584
1.3951521984
1.4045275591
1.4149026249
1.4239749431
1.4246105474
1.41978839
1.4287356322
1.4524742418
1.4456395349
1.4509148998
1.4548899577
1.4143796455
1.3938879457
1.4012811388
1.3798340599
1.3811331365
1.3851123596
1.3730002807
1.3737218098
1.3776125684
1.3756569848
1.3792724777
1.3986120749
1.4046725073
1.42406639
1.4267782427
1.4346915992
1.4168511345
1.4009955752
1.4013577168
1.3801177598
1.3818605928
1.3930492346
1.3709787817
1.3911245865
1.3942810008
1.3722855592
1.3560606061
1.3579645419
1.3430451128
1.3483931693
1.351782364
1.3413301346
1.3343505373
1.3450675947
1.3311696913
1.3617619494
1.3461945032
1.3455559984
1.3539385848
1.3501467841
1.3452984783
1.3452272431
1.3488037652
1.342689295
1.3529489379
1.3580034423
1.358204992
1.3537325244
1.3518615627
1.3467930408
1.3533610174
1.3612415232
1.3605894627
1.3788198103
1.3717243187
1.3782431187
1.3624318005
1.3522507416
1.338024565
1.3260368664
1.3271723784
1.3288831836
1.3295774648
1.3196908262
1.3036616162
1.3078488742
1.2993387589
1.3004057824
1.2971710028
1.3012383119
1.2969887077
1.3084745763
1.3127896781
1.3326142132
1.3461637487
1.3269131998
1.3337210805
1.3395735829
1.3283678756
1.3230116921
1.3234577402
1.324754268
1.318943299
1.3209032258
1.3147765435
1.3246787307
1.3245798319
1.3266780507
1.3220472441
1.3196860693
1.3122401247
1.3115244537
1.3135438413
1.3189259987
1.3247314645
1.3216014654
1.3237922549
1.3244701349
1.3238229273
1.32511752
1.3198421789
1.3252167262
1.3232026561
1.3349190023
1.3392810965
1.3413717101
1.3411431514
1.3315405302
1.3325646938
1.3349110912
1.3332054724
1.3353642728
1.3390473698
1.3334205363
1.3258835759
1.3280986372
1.3264014467
1.3233517543
1.3255693582
1.33
1.3289148798
1.3276356994
1.3360903243
1.3183058334
1.3192013484
1.3129023951
1.3184589441
1.3203165542
1.3219079891
1.3217221135
1.323103043
1.3324993416
1.3398071079
1.330735702
1.3303382664
1.3440094899
1.3469681129
1.3534573075
1.3588096487
1.3450934274
1.3356306892
1.3450138322
1.3382449678
1.3356524022
1.3364644488
1.3330306175
1.3285436893
1.3277354347
1.3347898728
1.3364233295
1.3351233858
1.3410613086
1.3460194175
1.3409442724
1.3377278015
1.3354021205
1.3325119959
1.331118061
1.3294563513
1.3358708492
1.3385764845
1.3252792933
1.3190691661
1.3216486903
1.3290339224
1.327604032
1.3342890656
1.3439665316
1.3507708525
1.3564643799
1.3522682446
1.3495902723
1.3468848997
1.3519057702
1.350699024
1.3492623058
1.3566258718
1.3631801373
1.3609936575
1.3601638911
1.3587655942
1.3494228751
1.3470163934
1.3475964078
1.3501909654
1.3483027341
1.3552369574
1.3402292792
1.3390682901
1.3389830508
1.3382216938
1.3286428196
1.3288696337
1.3252064491
1.3258132214
1.3315296291
1.3395522388
1.3473021824
1.341687775
1.3450487772
1.3467666354
1.3483672377
1.3533905119
1.3720058879
1.3750668807
1.3757535164
1.3827475181
1.3723233405
1.3654179443
1.3650878841
1.361253025
1.3693803159
1.3608359343
1.3458585859
1.3392354125
1.3391726182
1.3352234373
1.3277412428
1.3325703514
1.3265911543
1.3270346875
1.3336487765
1.320734486
1.3259468171
1.3172432287
1.315565032
1.3154888417
1.3148001059
1.3145589798
1.3143046358
1.3003701745
1.2929785272
1.2955768474
1.2952518363
1.3006965436
1.2962864013
1.3008672448
1.3092686847
1.3002272423
1.3076304144
1.316286601
1.3178987273
1.3153627888
1.3185084746
1.3165467626
1.3195945946
1.3208714363
1.3125083972
1.3097891768
1.3003058917
1.3087807458
1.3028858883
1.3014929317
1.2992999604
1.2980883322
1.3014831343
1.3012206326
1.3011049724
1.3020887728
1.3178632818
1.3205333333
1.3287488316
1.3271834351
1.3152016818
1.3059438276
1.3096765746
1.3136739787
1.3156929526
1.3159473204
1.3180091683
1.3143154878
1.3111428943
1.3211803279
1.3216497562
1.3235952099
1.3098111228
1.303295841
1.299986923
1.2977109222
1.2994372464
1.3055736849
1.3078133193
1.3053045187
1.3038674033
1.3031781617
1.3012063992
1.3011527378
1.3027282267
1.3235528412
1.3236
1.3214142226
1.3262268705
1.3257718121
1.3242119383
1.3291053839
1.3338738008
1.3331986532
1.3346324419
1.337604532
1.3334230355
1.3363987738
1.3378666667
1.3369391026
1.3440128154
1.3461794906
1.3431581755
1.3500467977
1.3566368133
1.353428686
1.3409546731
1.3308520537
1.330317946
1.33552015
1.3382964453
1.3332885906
1.3354795439
1.3294480171
1.323682455
1.3219616205
1.3216234198
1.3222591362
1.3258756159
1.3254021002
1.3428418374
1.3485929716
1.3525208951
1.3531955141
1.3558588999
1.3709194777
1.3668163876
1.3714558342
1.3737883959
1.3728651455
1.3819854456
1.3829378686
1.3901098901
1.3881047006
1.3735088441
1.3640736668
1.3540499932
1.3609208002
1.3700247049
1.3694050218
1.3762739503
1.3870440936
1.3908077237
1.3897616468
1.3883560719
1.3861947859
1.3783164983
1.3851123974
1.381580719
1.3769323834
1.3804201454
1.3958108108
1.3894438445
1.398246797
1.3959568733
1.3978740581
1.4013513514
1.394491697
1.3863727994
1.3891207755
1.3660312417
1.3660147992
1.36260962
1.3580312252
1.356198784
1.3597399151
1.3692492332
1.3617950755
1.3676743569
1.3628658456
1.3707613142
1.3592587759
1.3615524876
1.3545076643
1.3484592381
1.3400595007
1.3456693936
1.3448097334
1.3341049383
1.3330757342
1.3387638997
1.3195062985
1.3153738377
1.3117803366
1.3171040953
1.326458307
1.3194759385
1.3228079004
1.3265152466
1.3226937038
1.316618732
1.3055173277
1.297608614
1.2842746952
1.2918331668
1.2983709273
1.2946932631