82.8037808906
81.8395172105
81.3847012842
81.0700982052
80.745272525
79.4812105088
77.787456446
81.2253632166
83.2539142274
83.6382229292
82.8538812785
82.7984009138
82.3429349059
81.2866817156
82.2270294888
82.8731813495
82.0904019128
81.9382758228
82.0441669557
82.437150838
82.1544904607
80.9058512473
79.2763526381
79.8190045249
79.3076406005
79.6470188935
80.8820160367
80.4992021883
81.159917639
80.3851885819
80.6923340569
81.2774820643
83.2067410396
83.7236951611
83.6663874596
83.8975852445
83.5130224107
83.4682779456
83.9587128112
83.2554237085
82.4174514245
81.9085249042
82.418638165
83.2968103238
83.9135802469
83.4560628375
83.2683402388
82.570251938
82.0359281437
82.0521987844
81.0326409496
80.4786042674
80.9126190756
81.5257244234
80.6038533835
79.8992620358
80.8306709265
81.0165484634
80.6093528578
80.3569318048
81.3522617902
80.9644059644
80.7673803223
80.1973136812
81.6215563074
81.4413111593
81.7506695885
81.8094089264
81.8534691897
81.593306657
81.5948693127
80.9770184093
80.3304202083
80.0047494657
79.4664125774
78.7532406316
78.3017758438
78.9010466223
79.2958927075
79.4553272814
79.0088158208
78.8073941562
79.7835237523
78.8138620936
78.4710645392
78.1659909373
78.8979788258
79.9444243083
80.6770268642
80.8921036769
80.7534411978
80.8874954781
80.5320435308
80.3359922649
81.0370009737
81.5392168897
82.264244222
82.1608968831
82.6643469616
82.4253731343
81.8114143921
81.5471791082
81.56929846
80.1345565749
78.8612013964
79.5205646143
79.5893573077
79.2345768441
79.1180758017
78.865541115
79.8386110771
78.376419425
78.3220116792
78.1186823641
78.1145981931
77.8721396556
78.8306208559
78.6685927531
77.8232602938
77.4447761194
78.3116570328
79.358864554
78.7322058645
78.9293988538
79.419653743
79.2638483965
78.3852588193
78.0599903241
78.251392589
77.0717564629
77.168784029
78.0048959608
77.9404587604
77.8728606357
78.0514705882
77.5777614499
77.237757968
76.8512907526
76.6779333655
76.7574107683
76.7816091954
75.9985818955
77.2094683002
77.4559640619
76.3929447494
76.1926980054
77.576536574
77.358490566
77.4463145676
77.576457011
76.8208886853
76.6105961781
77.0588235294
77.020692809
76.8825818265
77.096255456
77.005409138
76.74285058
76.7482114009
76.8272999769
76.3724808895
75.6874427131
74.7237726393
73.6011638317
74.3718592965
74.4046294235
73.1108382632
73.0419347681
73.1038312049
72.7749275039
72.8579387187
72.483667368
72.4410312671
72.1603320227
73.0765033286
73.0303697183
72.6116046945
73.4413135123
73.5853251807
71.0912227733
70.0913242009
69.2307692308
68.3709114004
67.9367737883
68.1856451273
69.5582243191
68.4076433121
68.6733088621
67.767819925
68.0323617882
67.9341598083
69.1615498624
69.9787007455
71.2160137016
71.1111111111
70.8626668068
71.5848735925
71.8237922962
72.1905581245
72.0917765627
71.5515386271
71.2590850791
71.789428996
72.3345392637
72.7848781012
72.4443506699
71.7040784066
71.7900063251
71.9189765458
71.8451749735
70.743836631
70.386763621
69.3960998113
68.5693415423
68.8905232192
68.4396794004
68.1643265731
68.1581685744
68.3553597651
67.3514306676
68.4729586426
67.8616484441
67.8912564291
67.9430843273
67.9605539236
67.6634726756
67.4701320478
68.0571731075
68.5672051526
68.0787968651
68.3936170213
67.4309045226
66.9864442127
66.6457220651
66.4300626305
64.5920342263
64.5508613618
64.3988149964
64.6111225118
64.3282662284
64.5379876797
65.7989505093
65.5853458862
66.0800658639
65.4066789592
64.7341513292
65.2850809362
65.0517598344
65.2665422112
65.4980408332
64.8670925201
64.9656727124
64.3250969982
64.1056910569
64.6043899949
64.9341292713
64.4821592884
64.2747309072
63.9893725731
64.3369542939
64.4490005126
64.7458658821
66.298399587
67.2324031653
67.7470272546
67.3232908459
66.9749842338
67.9983045459
67.7282827214
67.5262655205
66.3984755452
65.7331655129
66.4130205031
66.1120471778
66.5436524673
65.5677655678
65.9736147757
65.818490246
65.665961945
64.4126616889
64.8848419925
64.7804144744
65.1024811219
65.5560363479
66.2935858803
65.5697288027
66.3082437276
67.0715692712
67.2106179286
66.9650655022
66.9532100109
66.2165105641
66.7139892978
67.2830725462
68.0597014925
68.1722339363
68.5246995995
69.0987599646
69.146219607
68.6206896552
66.924180554
66.257399693
66.2291827506
64.8949849979
64.7096843693
64.3504531722
64.1006343404
63.3361647908
64.0882794086
64.0340606706
63.6818036797
63.1173490924
63.6479186527
63.3520025362
63.4092346616
64.386339381
64.1581632653
63.7218245914
63.9644463483
65.1898734177
65.8437533397
65.018686599
63.9077053345
63.0733460156
63.6574562329
61.7290296053
63.3371763966
64.0273396425
64.121657053
63.9078051336
64.102834264
65.1516764236
65.1797175866
64.0211640212
64.1435528266
64.121097842
63.4110634738
62.8745024094
62.7765544721
63.0420985826
63.122818153
63.1122395007
62.2872340426
62.4017003188
61.6310018099
63.0423022828
63.6432843937
63.2794707732
63.2130003272
62.0946822309
62.6737619461
63.1171662125
63.7019230769
63.703054856
62.8459785086
64.1423456656
64.0389241198
63.6921727691
63.0123510766
62.5149440278
61.8339396533
62.2267466781
61.821086262
63.6593129185
62.6570722801
63.6451301832
63.2356088166
63.1046239079
64.0757885671
64.3190450353
64.9098174749
64.5815450644
64.3204911092
64.6507217364
64.5875251509
65.130453379
65.2526979378
65.6296771435
65.2414969613
65.1155361516
65.7799531815
64.9126521969
64.8331925676
64.379222973
63.2140615191
63.1507279774
63.9619651347
64.4512323573
64.0097128378
64.3917851501
64.9109792285
64.5635172268
64.9586250796
65.8536585366
66.0934981193
66.3213553469
65.9531199829
65.7920102817
65.4557249432
65.3476051465
65.2590757298
65.3484602917
64.4896193772
64.616051121
64.7749300022
65.6100217865
65.3427638738
65.9611608117
66.2444031888
65.5823600044
65.3808219178
65.5251641138
64.7219490877
64.5706190061
63.5290294627
63.7084510102
63.975561859
63.5267275098
62.936610608
63.7529897804
63.0203816132
63.6343732895
63.758316065
63.6551199913
63.6324136433
62.9770164788
62.7866536246
62.2508665511
62.1991656862
62.3784592371
62.5093512878
62.1299254526
61.1664899258
61.5745179504
61.2355953905
61.9510631478
61.1428571429
60.6330051868
59.5447326628
59.1401240408
59.4821182214
59.7687738651
60.4892117069
60.4843030108
60.6973740852
60
59.9379878114
60.2118326736
59.948870899
60.419997868
62.2922512411
62.1697401057
62.4421732114
62.2744845361
62.0856650882
62.7014166757
62.6210950256
62.8456346614
62.990490764
62.2762985596
62.1777439356
62.1218715996
61.8103448276
61.8027137627
61.7770597738
61.8426724138
60.8949416342
61.0691144708
60.2844521065
60.7348000434
61.0464483846
60.2164502165
59.9310270503
59.434881455
59.5405786109
60.1760295556
60.2156392943
60.6671754061
61.0281385281
60.8874458874
60.9309791332
60.8424672254
60.5609677765
60.4032604033
61.2806188225
60.8653431161
60.704286022
60.8977825852
61.1449717022
60.9851787271
60.4942303505
61.2796833773
60.9943900561
61.2195390892
60.8498896247
61.5898463594
62.3228520815
62.4008810573
63.1461923291
63.8260293631
64.601179219
65.3149650039
64.8176967541
64.8964301454
65.0198938992
65.2787030868
64.7462884999
65.0584958217
65.4839434089
66.3717805151
66.910523354
66.8125701459
66.809036754
67.5126903553
67.601840422
68.6420589231
68.6166007905
69.671851936
69.8104590089
69.9668457757
71.0101819014
71.0345616846
71.5576395242
69.6081771721
72.1675731975
72.9200652529
72.1267703738
72.3968680612
71.4817832616
73.0325164939
73.2045508414
72.7835296918
72.0574387947
72.2921615202
72.9065784812
71.5373798922
71.3171980451
71.2934858744
71.041470311
70.7077785564
70.9749238341
70.4378283713
70.3219082909
71.2787038116
70.7615855773
70.3656560981
69.9346405229
69.3402180149
70.2394791909
69.8646125117
70.7437433909
70.9991781144
70.0163589624
69.6648824761
68.2563510393
69.0241926149
69.5521002553
68.6639676113
69.118675682
69.0219934488
69.1639647985
69.0076869322
69.2781587818
70.3356019714
71.1366838891
72.3637229231
72.1129781909
72.036113091
72.4055188962
72.5736879942
72.2819593787
72.7228915663
71.1685823755
71.6775599129
71.3464595818
71.9734251969
72.0801573642
72.3586173201
72.1618953603
71.673872761
71.3356248466
71.5528863831
71.156196529
70.834352826
71.5751730959
72.486104093
73.0764355432
73.7449799197
73.872745491
72.8174603175
73.1592624675
73.4392593519
72.4322307884
73.0097329673
72.3924864063
72.4913065077
72.6017170586
71.3228948342
70.460373672
71.0484943766
72.2950618797
71.0216943401
71.3447432763
71.5978499878
72.35982748
71.830462263
71.2909203212
70.6549579217
70.2778114764
70.0327709674
70.1941747573
69.9200775006
69.5841920233
70.2138057422
70.3999018646
69.9497733676
70.4119388259
70.7551826259
71.2132443786
70.4311611955
70.881699185
70.1496198185
69.5171396978
67.5279413532
67.4382345886
68.0019305019
68.1399854686
67.4720519293
67.6654632972
66.3487900823
66.443993797
66.5354800239
67.7171036805
67.0111765413
67.0913461538
67.4609894762
67.5646026329
68.0087580586
68.2661782662
68.5308746815
69.1210817455
69.3749229442
68.6440677966
69.3688118812
70.0460829493
70.2440239044
70.011148272
70.1708766716
70.3680676449
69.2825951341
69.542451066
69.1410129096
69.2786069652
69.2518361758
69.1350264018
70.1814058957
69.8359012902
70.4776231666
70.4426759513
69.9059173063
70.6235161814
70.8458835341
71.2573354976
71.9578686493
71.3739516527
71.2247909493
71.7894474863
72.0133978415
72.1048078111
71.9589159757
71.7920217364
72.484984985
72.4306076519
72.7408699988
72.3562152134
72.449610486
72.4637681159
71.986648535
72.3327976264
72.1531333821
72.1523623489
72.3297403234
72.5246620387
71.9306634788
72.2697170379
72.4930781269
72.7206859075
72.3259152907
72.384735765
72.2182254197
72.1321321321
71.9477092828
72.1762093386
71.9365689572
72.1771305801
71.5015443098
71.072319202
70.0023854962
70.7166988417
71.6185180708
71.7268690748
71.6896635197
72.7793696275
72.0329867336
72.1178987402
72.3421731988
73.4087694484
73.4514312529
73.7504410208
73.3372093023
73.828398228
73.5574098014
74.0275002938
73.6457842675
74.239885085
73.7924438068
74.3389423077
74.5531400966
74.3515502473
74.3194410985
74.5691213692
74.5504675138
73.901032909
73.9496809919
73.8222438077
74.515503876
74.3292240754
74.1751576904
74.0237691002
73.961487223
73.7939393939
73.8550085721
73.8276454702
74.1800761577
74.3303022856
74.3190184049
74.935967801
75.0701305037
74.9357169095
74.7804878049
74.7048082775
74.1605839416
73.6274390983
73.9803945298
73.2548359966
73.4119345525
73.5567072436
72.8467153285
73.0156800778
73.6236848544
74.1345445617
74.2177876324
74.3410567611
74.3905442009
74.6281606346
74.5590062112
74.5380131465
74.8387896825
74.7845358286
74.7708694575
75.2284514695
74.9875930521
75.1241310824
74.8665093754
75.6386292835
75.7123132923
75.7686491935
76.1904761905
76.7427202824
76.3808322825
78.1114787478
78.1022828721
78.2975460123
78.226323209
78.8728769943
78.4112997279
76.6683978187
77.413026419
77.5988478659
78.5036880927
78.379441458
79.3021724819
79.1260858121
80.3302509908
79.773505399
79.2583857442
79.501965924
80.2788844622
80.1570401916
79.703429101
80.0158604282
79.712249208
78.4244330843
79.6090861067
79.604826946
79.8488664987
79.8116461069
80.5890227577
80.5275198493
80.4605440345
78.9027833804
78.1825460368
78.498065893
77.6448697501
78.3569023569
77.6373553279
77.9439005028
78.834561286
78.7890938252
79.0346302982
79.6470905172
79.1411042945
78.6709112614
78.4266666667
77.8306249174
78.1726561464
78.0889183809
79.1844919786
78.6306499064
78.934657185
79.3399517038
78.8036932959
78.7935909519
78.7536932581
78.5914365746
78.1425140112
77.7469258231
78.0274986779
77.6993464052
76.2735608762
76.3411810112
76.5023112481
76.9220846233
77.3086387774
78.0821917808
77.8895768834
79.2066202548
79.6274276655
79.4272201787
79.725267468
79.7236247675
80.1387221555
79.752560862
78.8999337309
78.8474306201
78.948765596
80.349753037
80.1305970149
79.9814151069
79.4600317628
78.9418267965
78.4896724115
78.6144578313
78.3472803347
79.2554590897
79.202955925
79.1727236686
78.8638152716
79.1819132253
78.933680104
79.3089960887
78.6949174574
78.9268038552
78.9064524488
78.9907312049
78.6755305548
79.0882315277
79.5191565955
79.597041571
79.5189970577
80.0304684525
80.2211770688
80.5143295803
80.1005284186
80.331236359
80.1735136514
80.1406649616
79.6143958869
80.0510529675
80.1819113502
79.7178130511
79.5109717868
78.7284241897
79.1185599007
79.2271135568
78.7425149701
78.8521522146
79.1329263735
79.2786069652
78.9519112207
79.2298136646
79.0625772941
79.3171942893
79.5245207867
79.7592454703
79.7712296407
80
80.556251566
80.2790346908
79.9200799201
79.5556107249
79.5598657217
80.2312569937
80.6291800842
81.0470428448
80.2546998181
80.5284948855
81.0292511227
80.3097610758
80.4235969846
80.7485352146
80.7347134139
80.6281467274
80.1939887439
80.2857485893
79.8892100193
79.7561264354
79.6928529238
79.1529411765
78.9042378834
78.8169277531
79.6158323632
79.9235403151
79.9813888566
80.4824050338
80.3428703811
80.5765430664
79.9623927606
80.0350058343
80.908032596
81.0502554354
80.5073591002
81.0966810967
80.7000719252
81.0069195896
80.9699274932
80.7301017355
80.0241545894
80.3509193607
80.0290486565
79.9447248258
79.6430696014
79.6850953001
78.5747828129
78.7676056338
79.0117647059
78.9205219454
79.2251010221
79.1775302204
78.9208633094
79.0814495874
79.0778443114
79.1725768322
79.1156543445
79.1134751773
79.057095475
79.0002363507
79.6111956904
79.9858390371
80.3051809794
79.8364153627
79.8620197455
80.0311638499
80.1491819057
80.2569953164
80.7781436761
80.6972477064
80.8902439024
80.9061095591
81.9705989552
82.7535159141
82.7530665345
82.7947705969
81.9567354966
81.2599194238
81.9897084048
82.5562994522
82.3651960784
83.1039567461
83.0491843493
82.6408580939
83.5653903531
82.9789879398
83.3641632754
83.2859438744
83.7284349013
83.9383391348
83.4185263683
83.2607342875
82.7163581791
82.996611871
82.6608369769
83.3896607836
82.8307999003
82.906195571
82.6746209297
83.0531520396
82.62101244
82.5771548014
82.9453565303
83.2824147623
83.357771261
83.2784887264
83.5464620631
83.5352556336
83.0457704289
82.6534274435
82.8250209305
82.5648414986
82.4400818981
82.9838515305
83.2687651332
83.5391953039
83.6767230807
83.6051502146
83.1368214198
82.2444742948
81.9995135004
82.1363024593
82.3328035212
82.6470588235
84.3376494024
84.4256167456
84.6431685141
84.9594003748
84.7141622423
84.6656797434
84.6677391412
84.566909675
84.6097201767
83.4919869864
84.1568532233
84.9654168183
85.0399419027
84.7341131074
84.5412954491
84.8009650181
85.3740678374
85.4495125767
85.5684956177
85.9095814846
85.3909952607
85.9313783688
85.8194774347
85.5667627281
85.7159976034
85.5321177452
85.9154929577
85.690515807
85.7893479818
86.3180515759
85.9129814551
85.2673828356
85.2913422977
85.5410337925
86.1337106473
86.3367973547
86.6989832112
86.7573964497
86.6973017556
87.0261360961
87.6453833373
87.5534441805
87.304964539
87.6790830946
87.6709042936
88.3166887258
88.8782473363
88.0903737532
88.5813563384
88.6415593791
88.8228876227
88.7071367987
88.6286407767
88.9785593833
88.169454808
87.7313145878
86.4160818366
86.7078091621
87.1409998818
87.2312626203
86.9385830484
86.5605244673
86.5111918434
86.4063969897
87.248877334
87.8623615366
88.1221986318
88.1491032704
88.0215658697
87.114062682
87.9240004663
88.0224798033
87.9156908665
87.7840909091
86.5364120782
85.8533111797
85.923195815
86.5238840091
86.6225961538
86.736432222
87.2116894095
86.9079105554
86.8259877507
86.6498740554
87.7969762419
87.216713881
87.3699148534
86.400476758
86.5885727946
86.5730741541
86.0977371208
86.1891048716
87.1557426338
86.3511413888
86.6168314444
86.6530268384
86.3548930031
87.2733821587
86.7025733094
86.6411299976
86.7976850735
87.3516364944
87.564829333
88.1485919712
88.3583884546
87.9065285473
87.9202689721
87.9637361326
88.3538899431
88.4908355154
88.323850166
88.4247787611
87.7691143954
88.8992755317
89.2509670613
89.2059408256
88.6700081595
88.2857805614
87.8091257402
88.5382830626
90.0863074411
90.3361344538
90.6916764361
90.5443453778
90.5964912281
90.7710280374
91.2239644278
91.5529718828
91.9720974226
91.8399044205
91.3672477173
90.9220872051
90.3643052094
90.761445216
89.7980997625
89.9255934806
89.7088294236
90.045941807
89.8422787194
90.1608547611
90.2424670433
90.5105176081
89.3511405271
89.9111900533
88.9046773239
88.8509937669
88.5667138142
88.8105312647
88.5376908397
88.5642438031
88.7594571875
89.0307949391
88.0650136434
87.6801322939
87.6180358829
86.1445783133
86.2991008045
86.3722025913
86.4658114629
85.8034137728
85.5062250411
84.7769953052
85.9151601087
86.674584323
87.0276033645
87.4052132701
87.6596252536
88.2646395059
88.1995713265
88.529656484
88.823880597
88.8875583762
88.3287209722
87.868931454
87.7999040307
89.3424855491
88.6971113508
89.2281798509
88.0632505053
87.4910735539
87.2544378698
86.7211561241
87.2586412396
86.785927251
86.844613918
85.9190254389
85.3426772776
84.895649098
83.4196281478
82.9667097988
82.9024676851
83.390069257
83.3706013887
83.0029325513
83.1330922664
83.1565450519
82.2470082491
82.1503131524
82.8331192339
84.3885313049
84.2547235829
84.6611454567
84.4486112739
84.3947553266
85.3555503403
85.1877934272
83.5038363171
83.9327146172
83.2718894009
83.2858932028
82.7682667562
82.5902335456
82.2781988408
83.3800605585
83.3090949771
83.4295868503
84.5810554502
84.198870557
84.0380783706
82.9268292683
84.0896482858
83.5438866308
83.2749178532
82.5147347741
82.8208192981
82.1696982899
82.7631292221
82.412886259
82.1995837441
82.180385289
82.8423259406
82.3915900131
82.9497109196
83.4503180522
83.6389434621
82.4186550976
81.4614050304
81.3412655489
81.6155686019
82.4022038567
81.637413908
80.6688596491
80.3695150115
80.2579365079
80.2359882006
78.9991353221
79.8868704449
80.7437207785
80.57179987
81.3068920676
82.3003055434
83.0536004331
83.7811271298
83.5565719264
83.9085465433
82.8102788409
83.1764448336
84.1864018335
83.9449541284
84.7535596933
84.3835616438
84.5919477693
83.823847652
84.0614186851
84.414744557
84.640943194
84.5823951967
85.5083459788
84.7459459459
85.3726841879
85.2413200043
85.3519613111
85.6361295859
86.1419188112
85.9563903282
85.6835769561
85.2723171125
86.0407725322
85.9809074332
85.5091103966
85.5966638152
85.991010274
86.5641135972
86.7168189146
86.4535443173
86.126431905
86.4196220004
85.7946703472
86.6517999363
87.2564675822
87.012987013
86.6574526898
86.3988126789
85.3065987694
84.2397692061
84.5510138397
85.9976412566
86.1766905245
85.890091237
85.4383358098
84.91507431
85.0533431921
84.9572469123
84.1507430998
84.0545973971
83.4530095037
84.4765723934
84.3370952431
84.7550675676
85.5847305705
85.4622292657
85.5227032735
85.5907172996
85.7534246575
85.1492458601
85.5139694254
86.2597842183
86.4091102597
86.3003427592
86.4440078585
86.3424672371
87.298670414
86.5068119891
86.4906321902
86.4366058753
85.8387799564
84.8474837573
84.7229871131
85.6651884701
87.7402771569
87.6667787869
87.4652739193
86.0356865787
86.8087941372
86.2619100377
85.8534983029
85.2444734836
84.5338524767
84.9530115335
84.1632827527
85.0213675214
84.8517175165
83.5633892546
83.1515408239
82.4645051918
81.9850226769
82.594000845
82.1807956676
82.1510060153
80.8319397993
80.6417674908
82.2542984504
82.5286630904
82.7787817583
83.0528334043
82.0796460177
82.0775889708
83.5433412992
83.4706264904
83.4377700951
84.0147489426
82.9395187514
83.5102308787
83.6407553799
82.8820960699
82.8143647608
84.2180146656
83.9481774264
85.0451840423
85.0756154101
84.9668141593
85.7378310076
85.2286303899
85.4543461581
86.3789615644
87.6211102246
87.1469086784
87.7192982456
87.8191184888
88.1714285714
89.4995429616
89.0475102787
88.2280049566
87.6611626329
87.6205427226
88.2910321489
88.4131265453
87.8506762043
88.9418811003
88.1775030357
87.2605888147
88.5443107825
88.2638429296
88.5498724065
89.5789356738
88.7245233399
88.658322354
87.7019452687
87.7854255435
87.4353044819
88.5141903172
87.5711159737
86.8794716566
87.4589266156
87.3940447729
87.1276364427
87.3497924405
86.6340933768
86.197665703
86.0961414098
86.4186851211
85.6880138468
87.2498633133
86.611105098
88.016036407
88.2231179867
88.6507762956
88.333514041
88.7752882315
88.3275638252
88.4544568396
88.3342435827
88.7145969499
88.7692307692
88.7559808612
88.1181690293
87.3553272039
87.6594808623
87.9688528186
87.1794871795
87.1450583315
87.0713572301
87.7194944637
87.5854341737
86.9439179396
86.7435158501
86.4625925517
87.2814344582
87.4846625767
88.1684860514
88.1402810045
88.424437299
87.8183831672
88.3201954036
89.2809734513
89.0438247012
88.3401165988
87.8200919238
87.9072818719
87.3210186906
86.4885579766
86.0164383562
86.5982792852
86.0998354361
85.2886405959
85.9951669596
86.0533478498
86.9984652488
86.7835616438
87.1585001659
86.6835554576
86.0828687001
86.5945591609
86.882546652
87.1444201313
87.5481669052
87.0755750274
86.7681111479
86.3875493205
86.5852316496
86.2826994944
87.3666849918
87.5773651636
87.9196113074
87.6107174491
88.3780474229
88.435828877
87.9197606118
88.236587511
88.3613074205
87.5914836993
88.0457726919
88.0360922357
87.9528784174
87.640941434
87.3128619823
87.2517827756
87.1431708388
87.9850909888
88.5245901639
88.7892376682
88.0918842778
88.7360554533
88.2611964343
88.2788998711
89.2411143132
88.6412116041
88.4467676552
88.5668789809
88.5332768122
88.5151676424
87.9744816587
88.6269512584
89.3675721562
89.4786930316
89.3569844789
89.349112426
90.5807972568
90.614334471
89.9957788096
89.2330383481
89.6533558108
89.2678868552
88.9351948323
88.64431187
88.8257771352
89.3817204301
89.7375193001
89.9456242947
90.0307692308
90.1592193118
90.4649005257
89.8581997534
89.6306231944
90.0481212245
90.4160246533
90.1448977495
90.5109489051
90.7632627385
90.7385944579
90.7320138234
91.379674625
91.3383364603
90.2089864159
89.9895833333
90.5014565127
90.5408227187
90.3091495784
90.5676040261
90.7017725718
90.7247271979
90.985043837
91.5547224826
90.95311695
89.8626486265
89.6484375
89.3858825983
88.9650872818
89.3913955929
88.4102133025
88.1500781657
87.4367709301
87.7711829718
87.5064109139
86.2551020408
86.3265306122
86.4740239779
86.3305666564
86.7893322307
86.656394453
86.625577812
87.227609217
87.1332990221
86.9995872885
87.1171357616
87.1996685998
86.9763583575
87.0595572186
86.967890388
85.843373494
85.6558666247
86.5666913085
86.8888888889
87.6517150396
87.2794506075
87.6982876353
87.670804214
88.7377412211
89.1629770188
89.369121843
89.3004115226
89.7550807712
90.1458705006
90.2413320687
90.2103049422
90.0334308399
89.4561018896
89.0971931295
89.1119285339
89.5744013385
89.5035759361
90.0795311846
89.6358543417
90.1738315811
90.3222453222
90.4456590288
89.6159465665
90.3481342506
90.3013182674
89.9643829876
89.223321406
89.3022278268
88.6696371738
88.6254916552
88.637089052
89.0128755365
89.3825301205
89.8357840507
89.6655231561
89.3360593995
89.4617134193
89.7399783315
90.1975683891
90.2494577007
90.4431682739
90.4869640164
89.9686181149
89.4284486463
89.147370699
89.6392030156
90.5692803437
90.314640411
90.584970111
90.3467465753
89.4619783944
88.8231565603
89.1163678795
88.9289501591
88.7923728814
87.8889470927
87.5735294118
87.8205128205
87.8352891869
87.4243372991
86.9446772842
87.5673391782
87.9210220674
87.6320236586
87.7361511367
87.7443609023
87.5775732934
87.7973001928
87.8155755242
87.9531031516
87.7314564158
87.4622682191
87.3589164786
87.8663793103
87.3123852716
87.7077487589
87.1072238419
86.7465975373
86.5618221258
86.591573703
85.9995682211
85.6730460815
85.4584221748
85.5370132649
85.7618740597
85.5297438124
85.9978070175
85.6267775104
85.8999563128
85.5881391039
86.1978883205
86.0393873085
85.4216345112
85.5679093089
85.0739773716
85.4852780807
86.1639344262
85.8336080888
86.1920529801
86.4130434783
86.0906452333
85.5740265536
85.637643903
86.0603341931
86.2953832362
86.1154796675
86.8913019143
87.0559502664
86.946282382
87.0145903479
86.72427337
86.4454128953
86.7818038153
87.3667498299
85.9728506787
85.951426025
86.0553324409
86.4212770733
86.495285137
87.2476446837
87.1757439641
87.7816388297
87.2688794832
88.0333333333
88.3777777778
88.5512446737
88.7981199642
88.8154208226
87.7598407784
87.9863706309
87.7175697865
87.055865311
87.1123287671
86.982313523
87.0261907393
86.6872723259
86.4603906079
86.3461749534
87.0441775917
87.484878478
87.5
87.2898230088
87.6532204145
88.2431086018
88.849752339
89.3437225637
88.5270979021
88.6951754386
88.7934830471
88.6948834125
88.3606017349
87.6156897312
87.7838077306
87.6226165546
87.2679045093
87.7396344182
87.2757660167
87.5125656205
87.5905090788
87.2642035942
87.032670933
86.9286917462
87.3440689499
87.4561701165
87.2879439041
87.8278641989
87.6928351046
87.8157503715
87.9813169287
89.0653357532
89.0179995443
88.9168190128
88.704509041
88.9219160855
88.7842957181
88.8888888889
89.0700344432
88.8438838097
89.0583477759
89.3794059864
89.6939485277
89.6758565002
90.0045955882
90.3431486204
90.5745269958
90.2785805109
90.2095459837
90.4500932836
91.2901342674
90.8952246861
90.5144884684
89.7589653145
89.4200351494
89.5727903966
90.1322001889
89.8159074817
90.0926585887
90.0856938824
89.8274836407
89.9073854191
90.4830053667
90.269175798
90.4114490161
90.3551490676
90.3793554525
90.6078009093
90.9578270193
90.9818442427
91.0669380912
91.3232104121
91.5209263056
92.5380342912
92.5326244563
92.063876119
92.5027033522
92.5024108004
92.9314675278
92.8073967339
91.2845109967
90.3767642599
89.7914252607
89.6983758701
89.3911007026
89.1822128359
88.9796871352
88.4821013482
88.5531667635
89.1141317085
89.4178647184
89.5852968897
89.6791696155
89.6100836376
89.9767171129
90.8953839016
90.8268584019
90.1315037164
89.630307886
89.4694625874
89.6189824321
88.7835522559
89.4472361809
89.8069409331
90.2687673772
89.8328530259
89.9262332872
89.9965385947
91.1019378512
91.0069882003
91.6040245172
91.6850796604
91.5914155037
91.3462669018
91.5868193503
91.7168141593
92.1719564188
91.9137787305
91.340549542
90.9649226408
91.1021473484
91.3172585818
90.0352526439
90.0188323917
89.7894365369
90.0212314225
89.9020880028
90.1100201112
90.4705604162
90.839966734
90.4242711543
89.4847775176
88.8447146866
87.8745644599
88.3020616169
88.3561643836
89.2023685127
89.6005589845
90.4588235294
89.7408716137
90.0930616091
89.9503428707
90.2726515061
90.530077427
90.2172636524
90.3286384977
90.7847035434
89.8446556921
90.0279264603
89.968358139
89.5375992527
89.4551018006
89.7074374339
89.0612244898
90.151248681
89.976442874
90.3839380063
90.1891669604
90.4172560113
91.0693301998
91.5403595347
91.2311676083
90.8327418973
90.8422301305
91.1545293073
91.1513859275
91.3022870008
91.3533388685
92.1446237192
92.3285092364
92.6734765763
91.9713177383
91.6949350801
90.3344021988
90.5402298851
90.4013761468
90.5548592913
91.7159763314
91.3697545527
91.6808534786
91.9078424696
92.2902236857
91.8475205218
90.9111210362
91.0891089109
90.6277630416
91.1466372657
91.9509771448
91.0806932332
90.8440629471
90.8920291455
91.6279069767
91.7532685216
92.6360487205
92.1989761852
92.5262089956
91.815942678
91.7812852311
91.9022412434
92.5859558741
92.3820224719
92.2583549004
92.4913533415
92.8141039946
93.1491337334
92.8579526131
92.7283105023
92.5373134328
92.5976696367
93.1252878858
93.6099298931
93.4169639774
93.4139320668
92.8513778393
92.7414723785
93.0349971314
93.489129171
93.2558139535
93.4954619502
93.6046511628
93.3053906159
93.0521668409
93.5088723526
93.7543053961
93.5465382852
93.7781889673
93.6204514049
93.2664919676
92.7617307912
92.9706252143
93.5427977359
93.6641661858
94.1593949971
93.906726037
93.7588152327
93.6289381564
93.8646721982
93.9630103524
93.6391223156
93.6085375865
93.7200887125
93.5360777058
93.0341978426
93.0880330124
93.4633027523
93.1477025324
93.4499827328
93.6058460836
93.920239053
93.8104003682
94.150161216
93.4365611278
93.6061381074
93.9736566033
93.8029476616
94.2592592593
94.060437652
93.8491833662
94.7716206817
94.482034531
94.1423081402
94.1169617894
94.7096774194
94.8447568834
94.642648263
95.3799249531
95.176056338
95.1985009954
94.5108506441
93.935528757
94.3314633006
93.8162338419
93.6864258155
94.4287729196
94.4097181271
94.0195041711
93.9725061685
93.8657543942
94.2216981132
93.9611536198
93.8313592119
93.6021442722
94.3086592179
94.1525917298
94.2458689793
94.4640338505
94.520386519
94.3828180316
94.6854791299
94.6468576819
94.366363529
93.9418891895
94.3183168905
94.415336985
94.3493355681
94.0733659935
94.0487571702
93.9520958084
93.6398284898
93.8368364802
93.5395597858
93.803949391
94.2572377788
94.1064185159
94.206699249
94.1022280472
94.4615384615
94.1660785697
94.0354584948
93.9775910364
94.0894194757
94.0928270042
94.0919295758
94.2039271351
94.2696101456
94.2271442036
94.9646226415
94.7955827068
94.9278789312
94.5751941633
94.6436998584
94.7163120567
94.5764705882
94.9450809023
94.9722648413
95.1524354631
94.9006853293
95.7932553019
96.1444663802
96.2937144185
96.0943856794
96.6435185185
96.542982254
96.5958919917
96.4823542936
96.3517090574
96.3150621833
96.6972903826
97.290669158
97.3539398197
97.3325499412
96.9622041681
96.657611905
96.5125901407
97.1812713763
97.1685819216
97.2061086776
97.3239771646
97.7909738717
97.4377309022
96.8898385565
97.4322396576
97.6184805906
97.5847709697
98.0156844106
97.4273064497
96.8026723932
96.0560703255
95.9686981266
96.0786650775
95.9230033477
96.5072865229
96.3765498977
96.4109358063
96.6823501025
96.7559093102
97.1009218826
97.2225591267
97.3850644612
97.9465370595
96.8421052632
97.2064336679
96.9137302552
97.2093590056
97.1414669748
97.0136621932
97.0314951128
97.0680881997
96.3555448641
96.9795427196
97.3909892499
97.1532404603
97.3738601824
97.1873858517
97.150133398
97.4755405242
96.6782172303
96.6134032912
97.0912137898
97.165846043
97.6167432857
98.0208839242
98.25708061
98.031638691
97.318780401
97.1232390198
96.1429915334
95.9159859977
94.9303944316
95.083304206
95.3439646141
95.50996483
95.823473734
96.0470588235
95.641025641
95.9575955266
96.6345022358
96.7059922906
96.9522240527
96.5501110981
96.9357690041
97.1641261964
96.8609865471
97.0983722576
97.1118708004
96.2451748743
96.8182889465
96.9664902998
96.9982342554
97.5041597338
97.4343746288
97.7564102564
97.6733086744
97.1946997732
97.892104323
97.8507462687
97.7267317305
98.1150083512
98.7062769526
98.4763718605
98.2364776897
98.2246419695
98.3378843642
98.0675755779
98.6004032736
98.5522724576
98.9127837515
99.0538922156
99.0091918348
98.5743380855
98.9315726291
99.0736284889
99.2190315992
99.2080633549
98.4532374101
98.4663311766
98.3905837137
98.5458478548
98.7477423239
99.0378833434
98.6718184014
98.8360814743
98.7645348837
98.7966451927
98.8817308861
99.0879241153
98.8102464489
99.1479001826
99.0388125076
99.501095157
99.1007412808
99.3666260658
99.2920786037
99.5372061868
99.636143117
99.4434361766
98.6929686555
98.4302750061
98.3432817639
97.9907452509
98.2866234243
98.7204724409
99.4441699605
99.6661721068
99.4941394201
99.9134520277
99.6413110699
100.7435865659
100.7183552143
100.4813626265
99.7059904447
100.0369139904
100.8999013807
100.9652981427
100.6604696673
100.8462104489
100.8714864367
101.2455296584
101.3070283601
101.2717045732
101.3910921293
101.8001469508
101.5012815818
101.3529985373
101.7003058104
101.4732740777
101.4881678458
100.8477655323
100.5945158942
100.0482975127
99.0858792398
98.9165376831
98.2070767039
98.6718842642
99.0701001431
98.5534740337
98.8801524899
99.3955197345
99.503076195
99.1229109873
100.2155430487
99.1338395823
98.6516853933
98.1770833333
97.5569455919
96.2450129078
92.3965459235
94.7867840402
94.8102423411
94.8216735254
95.3098057248
96.0199004975
96.6562173459
96.5172974228
95.6366976691
96.2044300877
96.4513510379
96.0468351495
95.761926818
95.8657531065
95.8496656675
95.9958458343
95.5427015992
95.6566114765
96.0844748858
96.392282224
97.1866712787
96.7853439336
96.9599263012
97.4180849832
98.0255516841
97.6533882784
98.4631384331
97.9425287356
98.1791113147
98.7394472071
98.6921296296
98.4272758581
99.1083835109
98.5409911996
98.811050239
99.1960852849
99.3334112969
99.0491841765
98.8536670956
99.2028135991
99.4937603014
99.2360131641
99.3549900317
98.6231038506
98.5907290939
98.8896599584
98.1927017382
96.9939421648
97.7290973736
97.1620697515
97.7078344167
98.2071485669
98.4513020535
98.9430147059
99.3780234969
99.116364471
99.5639201285
99.3359285551
100
99.8302783435
99.8425373974
98.7249140703
97.3510661684
97.9708866343
99.297737153
98.7146814404
99.257535461
98.5582214396
99.1968313346
98.5009776233
98.4927347647
98.1493506494
98.3974011911
98.2187466058
98.7652959982
98.1243830207
98.3924611973
97.8789217852
98.2970775654
98.4392295772
98.4996665926
98.8830559589
98.994750363
98.5917067173
98.7113402062
98.1836528759
98.4013605442
98.3127618616
98.3461712732
98.1292517007
97.6962168267
98.5973315087
98.9125457875
98.4360730594
99.2692395524
99.840963308
100.0563952177
98.3898020798
98.6373282699
97.9877515311
98.4441766188
98.0351715154
97.6312629626
98.1734660396
98.1171319102
99.1260651081
99.0410809633
98.9941596366
98.1053307643
97.5539105246
97.409270956
97.2290574516
95.651251591
97.2109425091
96.5277777778
98.227821074
97.4131480492
97.9506884406
97.8184151428
98.2089232089
98.2969664715
97.9615670453
98.1965638673
97.1465213209
97.1937686726
97.1434707904
97.3350526542
96.8903611883
97.4444325137
97.5459459459
98.3486238532
98.568198945
98.1501514496
98.3437298344
98.2585181179
98.5832349469
98.5251683232
99.3308871142
99.4087293055
100.0532538076
100.3795466526
99.8436685774
99.3270524899
99.3011305242
100.3843756493
100.2985689282
100.2054020746
99.9083689676
100.0103124678
100.1632819675
99.6056622851
99.5210536819
98.3292860612
99.4871289082
99.2779426311
98.3650416171
98.6868284918
98.6897802862
99.3079931802
100.1687847498
100.3987240829
99.8607519395
100.6391052526
100.641221374
101.3128205128
101.3927291347
101.2345679012
101.0785824345
101.1484823626
101.7995119967
101.0685935274
100.9093664747
101.0514609241
101.1369404121
101.7164330693
101.9860769861
102.0043845913
102.1382088627
102.5172094935
101.8403639371
100.6785677002
100.7304601899
100.9082367679
100.1036484245
100.3025876461
99.4989038522
99.5896464646
99.6952501051
99.7381102032
99.5684210526
98.8578548437
98.8253477589
99.4190871369
99.5295347622
99.7263733951
99.1709518313
99.3246051538
99.0908140872
99.9792595665
100.2481389578
100.7906783188
100.7526549129
100.9623344371
101.1552872606
100.8051866569
100.5175874089
101.0657381028
100.7816571131
100.7999157983
100.8811496905
101.8953833122
102.8875540099
103.4929398025
102.981233244
103.4962044264
103.3149767844
103.0018356549
103.6652611093
103.6053540587
103.819594303
103.2498380479
103.7470474554
103.1280336533
103.786407767
103.9527831926
104.1702309666
104.1772959184
104.0029730304
103.8892411752
104.3459826161
103.9155019738
104.1426436045
104.2673796791
104.0180489901
103.9095972579
104.1644363559
104.3515177245
104.5546236331
103.8804404824
103.1230350031
103.8323099725
104.4707639778
104.594017094
104.0231734792
103.8569273863
103.572581513
103.9814415192
103.9737944367
103.3524386287
103.2010381745
103.0234315949
102.5930707984
103.1794095382
102.68485439
103.3380759549
103.0904109589
102.093894644
101.652892562
100.7354555434
100.4575163399
100.2967685206
100.6737353656
100.4730993509
100.5598243688
99.8350379413
99.7722836695
100.153795452
99.7599039616
99.7145366711
99.703427065
99.7043040193
98.5644371941
98.0640276876
98.2813009899
97.8979304367
96.9820642251
96.0274119285
95.4407951599
95.5390734172
95.1374663073
93.6186106072
94.8974111075
94.6143265263
93.7093047679
93.7251621
95.1529020179
96.5225765033
98.331207483
97.6805761491
97.3497296724
97.7374599787
97.4214770798
95.8994848071
94.6585961559
94.3855932203
92.7832876134
93.6400254399
88.3202099738
89.5123444195
88.1949278966
88.7370642017
88.1350866707
88.6784810127
90.0888934301
89.1606617274
88.5780416625
89.4271785497
88.2675884506
86.9665629079
84.9985205642
83.3398058252
80.9842556802
81.3250750751
82.9813904156
85.6685425965
86.1381275174
84.6320133635
84.5239274745
86.2196833033
85.0895419017
83.393784923
83.2630650064
82.935887412
82.3983580923
81.1013046815
79.4302591463
81.3751087903
81.1542192047
80.9542280838
79.7487922705
78.6276391555
77.9345856775
80.4591049383
80.1484583175
79.3640183346
79.47689958
78.7250310618
77.4319791278
77.5428090203
76.6626360339
77.4253385272
75.1772396649
77.0172509738
76.7420396862
77.6745913819
77.6444729371
77.3719295042
78.1938525705
78.9317240137
81.2044596611
82.9478214094
80.8430493274
82.52610731
83.505715841
84.1088435374
84.1598546776
84.9433106576
86.2227428365
85.4936320116
84.9219317357
85.1986214402
85.2626770215
84.2321328606
84.0293453725
84.5063900722
83.3409235814
81.1237373737
80.2316258352
79.9910474485
79.8251093067
79.3938852137
80.9997288258
80.0542740841
78.7111311402
76.1422660445
77.1306438686
76.6278759883
77.986636971
78.0591842175
78.465679677
77.8205932431
77.4550359712
77.479338843
77.6895628903
77.3444504214
78.6676440942
78.8403129314
78.9791991203
78.5318936576
77.9457013575
77.8754645155
79.2087387553
79.0010100083
78.6876155268
79.5181852268
80.2544769086
80.7757166948
81.2606473595
82.8808810743
83.3252356428
84.5327287066
84.0744368266
82.8026097965
83.8005311301
84.5474394601
83.7811239051
84.8312958435
85.2836528958
85.2816415113
84.2884990253
82.3535165803
82.5392156863
82.8683693517
83.2774269929
84.0403644558
84.0707128002
84.9056603774
86.098221191
86.7987446057
87.0974038649
87.3117432818
85.7198863079
84.5674201091
86.8964832108
85.8128078818
87.6936829559
88.208254222
88.5878323932
87.9208119787
87.1408619314
86.7831676208
86.6419108792
88.291804263
86.9470559129
86.9189511323
86.5508684864
84.9662832209
83.8264106583
84.5941414341
84.0837901331
84.59731872
85.3360488798
84.1703689395
84.1211653483
85.5758045754
86.5124097696
87.4565152569
87.7324891175
87.3395220225
86.9098077871
87.7451951654
88.6837167967
87.8628482369
86.8950254979
86.5530121636
86.4691829909
84.8539453718
86.3277488927
86.4090734333
86.2177051672
86.3456090652
87.1104815864
87.4704043944
87.5379650721
87.4501235037
89.265974983
89.3997323647
90.3157284928
90.206777714
89.3655821096
90.2577966593
90.6296041646
90.0610116119
90.2341463415
90.9073055774
91.2613758685
91.2744423701
89.6882964125
88.6135750096
88.1209916723
88.9670456735
89.1208156983
88.3752158066
89.1116389549
87.23953355
87.8496587523
87.9767906402
88.4390290703
88.7701049793
89.8620623131
88.5900883596
88.3419689119
87.4334094368
87.2711751873
84.4762344255
86.4947877885
85.1154201293
85.3863951874
85.5998509687
87.5683833239
87.0249017038
87.4541521678
88.3479573545
87.5046728972
87.9741500421
88.9268755935
88.6475720789
88.8910060976
87.4847087607
87.3941585006
88.0160934955
88.546005301
89.8761904762
90.1450104942
89.5006645149
89.621559633
90.0897385876
89.2971400873
88.6694785276
89.4048649168
89.0785959557
88.4950720243
87.523593809
88.0413152658
88.2860897316
88.3554551445
89.3657245486
89.2060491493
88.9454339836
88.1471004243
87.7082943269
88.4262724551
87.7471456419
87.3592106488
87.0278238437
87.2015546918
87.6951672862
87.650994239
88.2477647709
88.335324938
88.4859057938
87.178791169
87.7975649646
87.7135587059
88.0290644868
88.5938498038
88.7023179412
89.1046286924
88.9871455921
89.1975872784
88.7480623689
87.3484780462
86.6201591986
87.0083002526
86.5136298422
86.1679224973
86.718679939
86.8411617067
86.5145596591
85.8792184725
86.2075055188
86.947935368
87.5437808711
87.7197703624
87.8787878788
89.2323030907
89.223080418
89.5510204082
89.5965836816
90.4822565969
90.7520789546
91.3647231929
90.4665314402
89.7520661157
88.3478418571
89.8581235698
87.8588785888
88.3378500452
87.7923250564
89.353577598
89.0479210073
88.2680560546
89.3419749752
88.9497307002
89.0686803308
89.0225155982
88.5893416928
88.4811143852
87.6707436836
88.4766672626
87.6366545196
87.3065290874
88.3175904473
87.6394545777
87.628233231
86.2259906558
86.2027073933
85.7673053685
86.7365502902
87.0388137811
88.2949633942
88.7828592006
87.8140366562
86.0257768362
85.4318601177
85.9108954566
86.31494376
85.8255865427
86.2329259526
86.4561844112
85.9576385759
86.786813983
87.1895186971
87.5928473177
88.1239714756
88.2228943268
88.179409884
88.5266916949
88.7129442092
89.1270207852
89.9804451066
89.868825007
90.0370713624
88.6925471525
89.9602109744
90.1714179244
90.2323858902
90.5550952775
89.2490692818
89.7222729764
89.3553086869
88.529652166
88.622754491
88.2160094709
87.3689010488
86.6455696203
86.5718657187
86.8297526629
85.9141038286
85.3067429798
85.3065254465
85.2800144757
85.7648339684
85.671668776
86.0956719818
83.6214578507
82.9819546185
83.5254176718
84.112065879
84.2630915962
83.7643678161
83.5552356963
83.5223182145
84.5966432052
84.2521115248
84.5992331568
85.1576141899
84.6294101559
83.3182884997
83.4054443844
82.14730475
82.63148543
82.4919728862
82.6655982906
82.8854314003
82.7334283678
84.0896763696
84.2371655821
83.6136343196
84.5345889171
84.6446355817
85.355042967
85.1751289709
85.5732657127
85.7567835572
85.6433856705
85.1630974971
85.0665707089
85.5025307303
85.9311740891
86.5193575341
86.7907062853
86.8808443663
87.0440835267
88.8816219751
88.8659600413
88.9813676345
88.8208702204
87.6995305164
87.1586232697
86.8668967447
87.3613570696
87.8917910448
88.2791391037
88.5248953001
88.0994506006
86.7304683905
86.7694580371
87.2866337095
87.2713699141
86.5522708197
87.7001318516
87.4905873494
85.9482598176
86.4333427416
86.8591854012
87.1061788771
87.2419018754
85.9084473808
84.71607496
83.2656826568
82.4931255729
84.1403115962
84.1586001489
83.9590125757
83.3317865429
81.7151805453
81.0260661324
81.428703618
79.1857273559
77.4649146331
78.2280528349
78.3116178067
77.4373259053
77.8690003609
78.7075694318
78.4929641398
78.8389683769
78.9809497767
79.8157531092
79.8596361622
79.0714744472
79.1429096928
79.5012332146
79.8280907096
79.5173041894
79.4815425483
80.4752729608
80.8532017904
81.1277645769
81.5161143895
81.6813276503
81.9803421915
81.9894908498
81.2849162011
81.1211282692
81.5843529517
82.1620171674
81.9172499336
82.1747985478
81.9980737238
82.2755960729
82.371007371
82.6090758066
82.8289875294
84.0862876846
83.6254204284
83.4292289988
83.7601554221
83.8786699682
83.8216003498
82.3544698545
82.5184541902
83.2591817151
83.0206788238
83.5219359331
82.8299581006
82.9204693611
82.7565003514
82.9445808488
83.3940339924
83.0811792167
83.2051171233
82.6228664551
81.8989306657
81.9900326517
82.2150225936
81.8907779495
81.3282992964
80.6363558816
81.8150567205
82.0360313766
82.1812596006
81.9993158885
82.0331171048
82.6209367801
82.753598355
81.9786780384
81.5643397813
82.2530212119
82.606486578
82.9794491345
82.6260059297
82.7319370847
83.1081081081
83.1873315364
82.972972973
83.2126620643
82.8616878768
83.0130088124
82.5008380825
82.6570129651
82.9331548565
83.3609958506
85.3378956373
84.4920702958
84.9373820552
85.3259005146
84.887295082
85.4706627269
85.721514717
85.6624778612
85.5567713155
85.8650142355
85.7011455807
85.0563204005
85.3723626053
85.7845589461
86.0472860473
86.1606032983
85.0131752306
85.2355591971
85.0779327317
85.4664484452
85.3025464669
85.5269587881
84.9800764414
84.9045879009
84.0303252629
84.288145207
84.0269874817
83.2206565122
83.1100710136
82.6780626781
82.4653061224
82.502633925
81.846723555
81.2107044978
82.4683186698
83.1113998051
84.1591349258
84.850703767
84.1870281679
84.2071092355
84.703648671
84.4054098631
84.3326726131
84.1970198675
83.8257386079
84.0213049268
83.7485370339
83.6535248914
84.1828647702
83.2988153426
83.9656466272
83.5492769372
83.8080833543
84.1581654161
83.4643036282
83.9312784234
84.4260236122
84.7203838518
84.146543169
84.5865600799
85.1592786112
85.2771023728
85.6039620583
86.3222899107
87.0954287621
87.2079341066
87.1717171717
86.6554480438
86.7565756408
87.3764449657
87.7893857083
86.3184079602
86.1085785329
86.144278607
86.4909255153
86.1549791343
87.2383911053
86.8474466185
87.3756320339
86.4294478528
86.3288400732
86.2392949198
85.9003068757
85.3951179148
85.4012165653
85.6620093147
85.9234141097
85.9903782349
85.7757550683
85.8396093685
85.703752253
85.8884006301
86.3688999173
86.8364655457
87.2477139797
87.4020941545
87.55286508
87.1796977661
87.1300926305
86.9710286458
86.6699338397
86.3158752138
86.1500412201
86.1111111111
85.5211406096
85.8966965977
85.9400998336
85.6653579484
85.8225108225
86.728627648
86.968530298
87.5822436912
87.8346915017
87.8876049547
88.0840155462
88.3506343714
88.2963932281
88.076545633
88.0576246214
88.1457224724
88.5196374622
88.4748557296
88.8541323675
88.7601676115
88.4580405126
89.0600414079
88.979253112
88.1153247604
88.3663972569
88.3675780618
88.0573120948
87.7775144189
89.8268047912
89.5244268006
89.6300493807
89.0236016812
89.2969824448
88.5072440176
89.0023694746
89.4741180349
90.0968783638
90.4265010352
90.8838383838
90.9968925842
91.4790996785
92.8845661633
92.6391840204
93.2092469828
93.3931139498
93.3958315895
93.5881317576
93.5491946925
92.9866888519
91.8500206016
91.6419386746
92.5645041629
92.5744193654
92.5118794036
92.9624774701
93.1649088382
93.931898755
93.3947647395
93.7941678174
93.9662173136
94.0433797345
93.6473429952
92.1356421356
91.6251406526
92.1137425487
91.5731697474
91.2709327724
91.3689995151
90.3374233129
91.4950327114
92.0992676973
92.5941013525
92.6994767822
92.972575906
92.6871165644
93.3207516206
94.0650873022
93.9534505208
94.7228058833
94.9332254148
95.3225412837
96.1572688294
96.0216705749
96.0658370132
95.8149603143
95.623246493
95.5681545955
95.1618071131
95.3772070626
95.7808614743
95.2894758032
94.7155785391
94.9152542373
94.6701931554
94.9923762138
95.1606441792
95.8323314899
96.0634358396
96.1015995499
96.6418514323
97.4498056995
96.7668929842
95.6819463466
95.2785188778
95.2665589661
96.0240181759
96.4710643464
96.2644144876
96.3623165027
96.1445783133
95.4259804312
96.3896350134
96.860419138
96.8629000395
96.7252017086
96.5343017289
96.0775047259
95.9098759617
96.1315128688
97.1484528006
97.2521467603
97.21875
96.8861902538
97.9470556456
98.5389111043
100.562187139
100.207628422
102.8751476959
102.4258125294
102.9653780469
105.6523750771
104.8224127373
101.25824766
99.661772619
97.8337686281
96.6845740599
96.9778117827
96.588127295
97.0972423803
97.3282149712
97.0874530543
96.683555965
97.3592503678
94.976993865
94.1511466831
93.7207697616
95.1557358231
96.7055751805
97.5974823457
97.7856373981
90.0814269097
89.9172659089
88.7210473313
87.5938976226
87.2682323857
87.5326671791
87.4961644676
88.356742651
87.880652107
86.5315487572
86.0924112607
85.5474118186
84.3147751606
84.3718938757
84.4113149847
85.4495328534
85.3186443271
85.4917907012
85.3197562293
83.8472158306
83.2180728446
83.1463264679
82.9588158601
83.004529055
84.9374952067
84.5428045413
86.6661507507
85.5342044581
86.5052973475
85.4862230409
85.4541263255
85.1777897243
85.7373644126
86.1869187376
86.4352591916
86.320826371
85.8913903255
88.2410917362
87.7906536393
89.3903960087
88.4609362768
88.2789317507
88.663651957
88.332291341
86.6578187212
86.7366783353
85.7575757576
85.7397919578
85.6282803334
84.8624913335
84.1035120148
84.0844310916
83.7631842328
83.9590706263
83.9796860572
84.2984752811
84.1327556862
83.8279503584
83.5573859663
84.4690472478
84.5944262806
85.0992863791
84.764198586
84.5710278189
84.6943537098
83.7789522773
84.0801428904
83.8709677419
83.9490841354
83.2969942377
82.7527082846
82.0332630593
82.7492211838
82.8978068129
83.2241970689
83.6029869322
83.4879550947
83.4609973425
83.3580516743
83.2839775561
83.3527901004
82.7145085803
82.5083534074
82.002925102
81.8293714901
82.2595490106
81.5135715381
81.0339506173
80.6536149222
80.6640024593
80.9326265653
80.4767397155
81.371270803
80.6565695395
80.4559760497
80.8821269402
81.7183660934
82.6691380908
82.3647140328
82.9138767028
83.7465993004
83.9692283783
84.3996901627
83.7526848727
83.1464103151
82.8259708553
83.4299222205
83.0795004569
83.342268515
83.3027101516
84.2493658237
84.4589911436
85.1073726645
84.6941943496
84.7866563227
85.1732789713
84.8154822534
85.6657984056
86.4813343924
87.2911029763
87.4113051104
88.2816267481
88.5432534274
90.4099619956
89.4318090493
89.8703599324
89.7521062865
89.5983772819
89.3049437102
89.2860050476
87.7783155857
88.3282034667
89.6723182263
89.7598811783
89.6931808834
89.8941448892
89.8461023754
90.4182636227
90.9598400267
91.5763135947
91.7621476959
91.369668642
90.079920903
90.7726560567
91.5942028986
91.99368141
91.3968700836
90.7382992749
91.5227629513
90.9770728901
90.9957279001
90.1967267317
89.5148669797
88.9704682656
88.9232522178
87.9450948728
88.4282128108
88.713592233
88.0757710678
87.5935312575
88.186369509
88.6415339617
88.9649551752
89.7055224733
88.6374695864
89.1387287929
89.4955586342
89.0299110752
88.7691069992
87.8901572603
88.225858197
87.8819472291
87.9289560395
87.0107045854
86.8915354488
86.4325618516
85.8918186888
86.2705901167
86.0405685993
85.3744212039
85.199134546
85.1444622793
84.0225414715
83.8977686343
84.3829314721
84.8252139829
83.0250099246
82.9663778714
83.0041414463
82.8868929338
82.561372845
81.5733354395
80.6992787708
80.6648416113
81.3846033362
81.5590551181
82.7648967318
83.281585861
82.6038605131
82.6829849797
82.513097317
83.1653305818
83.1866127369
82.8020464384
82.7714466603
83.4319993685
84.0569338422
83.8368459011
84.1389849594
82.8187171733
82.6328751887
82.8361780188
82.1371864084
84.0542697526
83.251270648
83.860405686
83.3559511455
82.4662351155
81.4092356688
81.6393181456
81.1094333625
81.2694114836
80.5535728448
80.6668778711
80.4303278689
80.6678800348
80.5187637969
80.3490017293
79.6073812328
79.2470588235
78.4614181847
78.9753617521
80.0595005089
80.8375235701
79.8419899875
80.0515705579
80.0437910541
79.2191534309
80.9748427673
80.7551004456
81.3537977174
80.7656102918
80.4689959081
80.1236403474
80.4730946973
80.8710033076
80.7658902487
81.5774871185
81.5860642698
81.5944100365
82.4365079365
82.2062084257
82.1991994349
82.1321793863
81.9977959698
82.15855573
82.1338582677
81.775333857
81.9705513784
82.1135029354
81.9978046103
82.0169252468
82.7648823622
82.672919109
82.8128668702
82.800715341
83.0348800997
82.5793435245
84.3908927314
84.8952590959
84.6081282918
84.582222919
83.8201895215
83.8321481597
83.0880635366
83.3008801309
82.717585751
82.8001242429
82.9918192443
83.1721017319
83.5050741608
83.723487824
84.2134127233
84.8224828781
83.8154808444
83.2107651385
83.3320291103
83.9109299043
83.9523585645
84.321600126
85.1641414141
85.3654694392
85.8874801902
85.4875823217
86.1292897047
85.5535158432
85.4588986433
85.9021651965
85.2244637589
85.1795690343
85.4276158624
85.8089762019
86.0051298493
85.5522484112
84.9610785651
85.2354926861
84.5317992969
84.147215805
83.8540424517
83.7994597171
83.8151207116
84.8521279154
86.0770791075
85.9957661619
86.281354006
86.8513524557
87.8545514512
88.05145543
88.8211549551
88.442582553
88.2662284306
88.0609236816
88.4438608011
89.0254971532
88.8322368421
88.3151951559
88.9291598023
88.2280253728
88.2091395636
88.2745550428
88.3667243796
89.8420615129
90.2921535893
91.0039222231
91.2457066265
92.1103541088
92.5616345829
92.4445568766
91.7438141727
92.5247902365
92.4849614505
93.6927685066
93.9138657268
94.2756305414
94.7240751971
94.656952034
94.8170731707
94.2316045522
95.3289183223
95.0890116636
94.3126308444
95.0663969748
96.5161404128
97.7623250423
97.3467929248
95.3812056738
95.016376029
96.0434236497
96.5787341316
96.2215042183
95.3985282383
95.2541172304
96.9295876103
98.1159552198
98.0205212022
98.2874229793
100.0182149362
100.502283105
102.2763023966
101.75909638
102.7231185303
102.6908343455
101.9072550486
100.9367464292
101.8426714059
101.7532406976
101.897728335
100.7911392405
101.2716222534
101.7189554762
101.3746025809
101.3294635334
99.7027679732
100.5139226313
100.5138266069
98.4036697248
98.5485945251
98.9192684279
99.400524541
99.1598207618
99.1033903054
99.1265145111
100.5978931385
100.488225158
101.5020219526
101.2857417003
100.912321137
101.2943432407
101.6615737204
100.8679065331
100.1139060275
101.3296345896
100.3037782419
100.2550056668
99.2570300009
99.5654638201
98.9802662638
99.0968955786
99.2464204974
98.6094260383
98.5413744741
98.2447994056
101.7985957488
104.1298221747
105.7713212768
106.334258525
106.9319768602
107.1414342629
106.5221694378
105.3245734458
105.7159578619
104.4715051145
105.5037771019
106.3466878223
106.2189548977
105.2929493545
104.9209662988
105.0571286637
103.8582060321
104.5204942146
104.7595825612
104.9708171206
104.8916772865
106.0065417782
105.8408661965
105.3079817786
105.8334981214
105.6035767511
106.2785736056
106.3283399572
106.1662746702
105.8938089381
106.2206332993
105.9023485785
106.0233558697
105.7643083854
105.6240290005
105.3092836034
105.0111133562
104.7912665521
104.8227240217
104.886914378
105.6396287328
105.1861567955
104.9702380952
105.5472113748
105.1599484996
104.0100492801
104.1816941222
105.5698202647
104.5256323287
103.821899484
102.3811773599
102.0917742391
102.5546058879
103.6027449485
103.5500142762
105.5631733595
104.8131481119
104.6134297723
104.1821379715
103.5135662698
103.909242707
104.986094557
105.3439680957
106.0185185185
105.7557557558
104.6537229784
105.0095949904
104.6581972172
103.8589756541
103.6884835121
104.2823156225
105.1032565528
105.1569058565
105.3665310981
105.8156874441
106.2738789463
106.503006012
106.3389391979
106.4606181456
107.0712136409
106.6759665205
105.6977542414
105.2018025078
105.4242275625
105.8788832088
106.129545003
106.5809005443
106.2056037885
105.6028160751
104.7918075548
104.7261526615
104.4919992288
104.3524416136
105.1221666176
104.9381504025
104.7847358121
105.3016988869
105.9273047908
106.0134280432
106.0614934114
106.6798029557
107.1781200632
106.9081219777
105.8732010891
105.9576130482
105.6457165339
105.4890023566
106.3083647924
106.1419200954
106.507873231
106.0318095429
105.556105774
106.9023904382
107.323434992
107.5052536776
106.6931085771
106.7236071109
106.8634247796
107.0939577339
107.1195167838
109.0791567224
109.2137958453
108.5985372603
108.4429065744
108.4820988263
108.6560364465
108.5972850679
108.605108055
108.1470588235
107.961411031
108.1201983857
107.3208722741
107.2189922481
107.1726277019
106.8663684108
107.622878446
107.9992119003
108.238301219
107.7393276151
107.9750963534
108.4491873899
108.5118872909
108.8740551684
109.6283949407
109.0935615639
109.1227728556
109.0740740741
109.1246580696
109.1899852725
109.5438940657
108.6618818209
108.2880569001
108.3259346947
107.9652996845
108.276610437
107.3975571316
107.3938434128
107.870186582
108.5299094257
108.5047193244
109.2126298961
109.5247643874
109.6606266894
109.890879968
109.1691691692
110.3758335017
111.5579416532
111.4692425013
111.565728175
112.4361854196
112.8784779051
113.0287821366
113.5215912604
113.2985257985
113.1264672859
113.4208384208
115.1820613043
115.8302354399
115.8939035674
115.7091653866
115.793814433
115.9731543624
115.9423274974
115.8246046416
116.082112647
116.1911703457
116.125676238
116.3216477686
116.3799395266
116.5170181666
116.8149931944
118.1655810044
118.4110970996
118.3052631579
118.2546374368
116.5758020549
115.5365165604
115.1981691459
115.1081391704
115.1416579224
115.2451802179
115.254942768
114.4094894275
115.3566229985
115.0611860684
115.1461377871
114.4898810766
114.4954701656
114.4598395666
114.5974731127
115.0041390728
114.3339472069
114.3325143325
114.4958847737
114.1938119065
113.752698119
112.9741335242
112.152180512
112.3577235772
112.2718052738
113.2654100866
113.8153185397
113.8988247317
114.417650077
113.6941369414
114.2973939704
114.1140529532
114.2667889534
115.2436527437
115.2909890559
114.9467649468
115.6317356051
115.3388700913
115.2329382918
114.9743589744
114.9770290965
115.95223515
114.939148073
115.2140594666
115.3665028665
116.9772469886
117.7187726005
117.5438596491
117.2847136382
117.4212093214
116.311984523
116.200324412
116.4430894309
116.076681205
116.2752871811
115.8946505431
115.8384458078
116.1932979158
115.8502914408
115.3720526692
115.2313821637
116.0032911653
116.5842094414
117.2620896759
117.0281207845
116.5973810019
115.8726878165
116.0565123234
115.3603098563
115.4982677807
115.7974837662
116.1552529974
115.8521686011
115.4314720812
116.0854893138
116.0659430678
115.9668168783
115.8990665709
115.9482758621
115.8621394968
116.0610093152
115.9464705281
116.4394793482
116.0562224274
116.0163432074
116.2405399877
116.4756446991
116.2890385793
116.2129215766
116.1159125572
115.6386546083
114.8559209856
115.0326797386
114.8670756646
114.3395074293
114.0810728436
113.8291396104
113.5622404538
113.4582278481
113.3955754009
113.7608142494
113.807872731
113.8999286661
113.7138772593
113.272264631
113.2696606381
113.800122125
113.8834852053
114.4013940139
114.5717806531
114.7423419732
114.7149302707
114.2110119963
113.8104013104
113.366639478
113.3061640346
113.3034074679
113.5058056631
113.5458167331
113.8420676269
114.0470612203
113.9413747319
113.9115368936
114.0289973453
114.1170483461
113.7717247688
113.7354282818
114.1699584726
114.5497004772
114.4965896366
114.3397383483
114.158840343
114.0020366599
113.6982128351
114.0067134574
113.4420583468
113.5373391428
113.8575637509
113.4898851276
113.1902776365
112.8901499797
112.8257122579
112.8306476133
112.4720925512
112.4517962249
112.8398330109
112.5560081466
112.6782077393
112.6238382188
113.1253860408
113.1427396133
113.1864754098
113.025210084
112.8800328677
112.4387254902
112.2728200939
112.6005908119
112.7311740063
112.5766871166
112.9098360656
113.1009738596
113.2467266776
113.158974359
113.158436214
113.4780361757
113.8482300426
113.7644245764
113.6202952797
113.5497970653
113.6278586279
113.354778458
113.3687057844
113.4084037118
114.3172500788
114.1868512111
113.047598989
112.8310214376
113.4674430916
113.8965737391
113.8280832888
114.3758016246
114.939449148
114.5368782161
114.8271063055
115.0188273265
116.3551401869
115.8221641059
115.7843137255
115.9167665323
115.2204681546
114.7705025016
114.98086386
115.0557620818
114.8481193113
114.1639344262
113.5591386214
113.4701943133
113.1685001634
112.9695788676
113.3268271525
113.0692855601
112.760220041
112.6799914034
112.2791992292
112.2118841193
112.6763551501
112.8093003413
113.3091219825
112.551988909
112.6032393007
113.4090909091
113.4536416685
113.4934309714
114.1298476828
114.2795326698
114.4326512748
116.5171563131
118.0212014134
118.244777475
118.9613665024
118.3427192277
118.4518348624
118.5750344195
119.9328625998
119.4527822674
120.0393609632
121.1909746453
120.7129543336
121.8472676319
123.0189567879
123.2313688437
121.399128489
122.3300970874
122.1632460486
122.4052718287
122.1855864343
122.8367952522
122.8105424891
122.5944914749
122.5257608435
123.2898047203
124.2435289829
123.6927907258
122.9869974949
122.3921289711
123.0870239943
122.8801515869
122.367954626
122.1792165142
121.5218158297
121.4090205879
121.5796391445
122.0956719818
122.1498371336
122.1271982655
122.0220941403
121.8904274533
122.0359425883
120.7741010632
120.5582844136
120.3952095808
120.1154262354
118.6797416886
117.5648466185
117.6744741874
117.5690211545
116.8406072106
116.491186561
115.7584335928
114.8876404494
131.0115505775
136.6639238274
133.8190364277
135.5922145739
136.5750029505
135.7986767486
134.1934723695
131.806344697
130.3276756247
130.0742136883
128.1131628788
127.6740636374
126.4695529743
127.2055373064
127.3592666588
127.0818672297
128.8676996424
128.5578635015
128.8169989256
129.4754571704
127.7903244978
127.5047483381
127.032784945
127.4979159224
126.2611806798
125.404376784
126.3095379499
124.8484127928
125.2853067047
125.4400570885
125.1642183208
125.6496227997
125.2883229217
124.47686237
124.2754491018
123.3661701105
123.0471584039
123.1833070484
121.3265553135
120.3254006799
120.7210487983
120.7373271889
120.5850224542
120.7185338026
121.8511796733
121.9252630306
123.0151115375
123.7992573961
125.0329065454
124.3307839388
123.7225405922
124.0586272641
123.916436547
123.2937507497
123.8288718929
124.8533461032
125.0446375432
124.9136184916
124.8526404427
124.4692335372
123.3084517216
122.7365636648
123.1573884814
122.7923627685
122.6801667659
124.3887895051
124.7888664208
125.0238777459
125.4751942618
123.9539623546
125.4608570745
124.5952380952
124.9524262607
124.5361560419
126.5550807217
127.5305096913
128.6384411835
128.466714732
129.6056574374
130.3313000837
129.9508805559
128.7441637735
128.487394958
129.1911324146
129.9035369775
130.3431022159
130.0537313433
129.7974349754
128.8109020743
129.3490120015
129.5969011016
128.8751214772
128.4933171324
129.4370698132
130.3022794846
131.0959752322
131.723966737
131.8721119021
132.9529951631
133.0680263649
133.4703025775
133.550897452
134.1295647824
133.4783149
131.7824699239
132.0351137488
133.1482852208
132.2059005061
132.2680157947
134.099378882
133.2677165354
133.2188841202
133.9745961278
132.5034064165
132.5809252139
131.9861574589
132.4126826852
132.2229026332
130.5616605617
130.0356835241
130.3534047531
130.2505526898
130.0857843137
128.756571708
127.420912823
127.9752517287
130.4385210662
130.0185070944
130.4428271864
130.0755605103
129.4913151365
129.1739022575
129.0082028337
129.3797201931
129.094292804
129.3760831889
128.5608216805
128.2774765895
128.2783339513
128.636870125
128.1148967918
128.362464361
128.0069367026
127.4857426234
127.2761333833
127.1277258567
126.5159045726
126.772144014
126.5173319985
127.7020327219
127.2614159512
127.2388523165
127.3224723293
127.3134328358
127.9652605459
128.2804592026
128.6253960517
126.9996423888
126.6130966659
125.8534256386
125.7090909091
126.1682242991
125.4031769128
124.4518988858
123.9697224558
123.0889235569
122.226186229
122.3031026253
122.2475140769
123.9133066957
123.9749155813
123.8807771208
123.977449922
123.5676456428
124.6772052613
124.4073536526
124.604506232
124.1910261037
123.2541396688
122.9234282967
122.8175077733
123.3490281299
123.11286844
123.3273488929
122.7381522259
122.5841216621
123.4786775276
123.4911456451
124.1852074564
123.2309906452
124.0196666267
125.3067115708
124.8380906692
125.0179640719
125.2532475271
124.6507222354
125.576119403
124.8596344523
125.4434324065
125.3358925144
124.2760617761
123.9267523648
123.0973986691
122.0777657397
122.5958062184
122.2329861952
122.2839208112
122.4046354418
122.11596659
122.2465353756
122.143727162
122.4685883222
122.8173870213
122.250954316
122.2918972089
122.5933202358
121.7743917424
122.0251293422
121.5325765054
121.1930344572
121.0196560197
120.5109309752
120.5358240138
120.5190989226
120.1324990799
119.7842608482
119.3219506203
119.8374584411
119.3829891839
120.6670784435
122.9928799411
123.1091401823
123.058910525
123.9365625768
123.2001942455
122.8321593393
122.8557622614
122.6191913096
122.7903579255
123.6348122867
123.065603924
122.049538611
122.0082364341
122.6645692159
121.6565900846
121.821243835
121.8810211946
121.7809867629
121.4234104046
121.8523878437
120.2428176464
120.1853635051
119.0231669453
117.9417013682
117.4237931443
117.8364987614
118.1196983977
117.3805891327
117.3258003766
117.2373081464
117.4441951104
116.8866051617
116.7233892736
117.3616821332
116.2725684333
116.425461819
116.75752548
116.7042086544
116.3386293574
116.8133174792
117.1398028269
118.3500665296
118.6857073702
118.0266794856
117.1219971738
117.3694661839
117.8183093651
116.8015726179
118.2361047313
116.7541657156
115.1674694746
115.9139784946
116.1660169686
115.1918915841
115.1227869789
114.3003064351
113.5837175306
113.215012435
113.2249018508
112.9776094464
113.9267605634
114.1815696549
113.3145115754
114.0332877337
114.0712091912
114.494892168
114.6502620187
114.1932553651
113.1007315701
113.6379056881
114.7709320695
115.8648925281
115.2349527819
114.6005198328
115.0426378624
115.1893095768
115.2387327086
115.3252850436
115.5877725332
115.3950033761
115.6109107304
115.7370743297
116.3454998866
116.5066094227
116.7473269555
117.3379837984
116.6517657577
115.9866592551
115.4261770868
114.8672372175
113.184079602
113.6664137856
113.2426009937
113.7480965847
113.1265698373
112.9314110965
112.4972831993
113.0292805051
113.6512439983
113.2375520948
112.5821287779
114.0783744557
114.0711902113
114.4273618538
114.6260017809
111.9934994583
111.3342591603
111.548696115
111.6533758639
111.9593147752
110.8560394765
110.0575938567
111.7085862966
112.0642552726
111.7417254476
112.4319023752
111.50664054
111.5166702985
111.6235961182
111.685319289
110.9134826526
111.4572975362
110.4549431321
110.8007039155
111.1858055984
110.8805445762
110.8265552869
111.8804178706
111.4554510238
110.9003180173
109.8292921605
109.11711327
110.2780748663
111.162440911
111.3959201111
110.5308036666
111.355115158
109.9766503927
110.0476947536
109.7362008687
107.9732832394
108.5773840542
108.3802376485
108.8302992258
109.0272698778
110.2569525219
105.3056634635
104.2057026477
104.6719375706
104.8176682075
105.6037151703
105.258302583
105.5453054531
104
103.8746323157
102.9394000403
102.2818657016
104.5725441841
106.4631203441
106.1222361285
107.38283307
107.1247892074
108.0246258359
107.6180371353
108.0870585725
107.2063492064
107.4546033769
107.3576116875
105.5747668448
106.3933213569
106.9204152249
105.4964176049
105.6640425314
104.4332493703
104.3169841913
103.8523761375
103.9185750636
104.3389065545
103.7312672036
103.810295906
104.4101209227
103.8344799676
104.0494027131
104.1934189406
104.1227806199
104.4722361181
104.3286573146
104.3242700913
104.1791942273
103.9783001808
103.840739996
104.0717107262
104.3624846751
104.8114568308
105.12290849
105.4740756042
106.0609210937
105.4246745195
105.1378958121
104.9287169043
105.256147541
105.1993423757
104.7589931723
104.773098937
105.3807522804
105.1533742331
104.4710456313
103.8152406145
103.8743136059
103.1526994359
104.1733870968
104.1102807514
103.572145294
103.3825153066
103.5103600885
104.6525740872
104.3619395415
104.2846989542
105.0550808195
106.1283643892
106.1122661123
105.1931993818
105.5192447349
104.6761845645
105.5422189751
104.9637305699
105.0754030161
105.1854930895
104.9953266175
104.3783560512
104.8752598753
104.4689253793
104.8994058167
104.9207673061
105.2604057729
105.895357406
106.1531977663
106.0262467192
106.8354694175
106.2202934491
105.7999381889
106.3454395378
107.0802005013
107.6292559899
107.2301854975
107.9769649142
108.0652034946
108.3756619475
108.7851077727
109.0194365582
109.1728001758
109.5480726628
109.9100099989
109.8934043971
110.7134818816
111.4739229025
111.6581777023
110.7066621728
111.220006759
112.1333181144
113.0165998855
112.5724678868
112.6971519346
112.7235448229
112.9153390988
112.3343992691
113.1803505535
113.4858588181
113.8459764814
113.9682174113
114.406979486
114.7058823529
114.0873015873
114.5700824499
114.6906610209
114.6972369195
114.0747685456
114.0196767393
114.2118863049
114.0119901258
113.7714085984
114.6224763683
114.6596244131
114.5507927187
114.7804648979
114.218118869
115.0303880318
114.4400557621
113.9596848934
113.5378228782
113.0801687764
113.7840009182
112.8723040055
112.6496498758
113.0429851423
114.2857142857
114.3267463235
113.0597014925
113.6724960254
113.6280972948
114.6361031519
115.2321696048
114.1104294479
114.0467849475
114.1965501589
113.7670537828
113.4946539111
112.8992491315
112.2677412133
112.4175701352
112.9765810612
112.9818594104
113.0944254835
113.4995995881
113.409480297
113.3885047047
112.5705258407
112.7630685676
112.5468377427
112.1552604699
111.8588659678
111.4564631957
111.5078028517
111.597447666
112.8324619232
112.9722921914
113.1952391852
112.6354202304
112.5270716973
112.893982808
113.3019625846
113.6770785485
113.9660316732
113.7140236211
113.5166093929
113.6203966006
113.0336825504
112.6857271499
112.4916201117
111.8187859991
111.8254497002
111.9401330377
112.2304544952
112.0393936041
111.3714602998
111.5170416574
111.3089937667
110.7349023091
110.4383440337
110.550918197
110.3891784012
110.3045798133
110.086551265
108.8793765778
108.8676970295
108.5415075815
108.146860743
108.2040151926
108.740917471
109.0354887873
109.6862359243
109.1434176112
110.132835657
111.8521806681
112.1885822813
111.9505953043
112.1225626741
112.2932498882
112.8489741002
113.2921348315
113.8998311761
114.1939120631
113.1736526946
113.3249600365
113.0717463214
113.0306134062
113.2131110355
113.9952288992
114.6998867497
113.5472370766
113.4931202841
114.3653181768
114.2253834185
114.5824028584
114.6409768119
114.9720670391
114.2523104331
114.0138023152
113.5719033902
114.3094289509
114.6341463415
114.5255716337
114.4151110129
113.6776452566
113.4449184991
113.7179346031
113.9763562037
113.1746379991
113.5953324527
112.7740809425
113.7800954177
113.7537404411
114.3286908078
114.2236094081
114.3429844098
114.5163085829
114.8024485253
114.94471127
116.7565745111
116.9023569024
117.0529615944
117.1573033708
117.6250425315
117.2741679873
117.334692029
117.7337110482
118.3301015171
118.1641739925
117.9808568824
117.4006566286
117.0198300283
116.7323499606
117.1006650885
117.4565826331
117.0017873101
117.4860335196
117.42946012
117.502501946
117.5373967403
117.0236626668
115.3734832461
114.4203059189
114.2336572438
114.2589325099
113.9575971731