1.18
1.1821
1.1766
1.1617
1.1682
1.1572
1.1537
1.1562
1.1661
1.1687
1.159
1.16
1.1608
1.1575
1.1606
1.1592
1.1566
1.1574
1.1452
1.1403
1.1355
1.1295
1.1313
1.1335
1.129
1.1259
1.1319
1.1295
1.1346
1.1287
1.1282
1.124
1.1187
1.1244
1.1203
1.1082
1.1027
1.1004
1.097
1.1071
1.1015
1.0903
1.0923
1.0886
1.081
1.0839
1.0887
1.0883
1.0941
1.1011
1.093
1.0937
1.0971
1.1023
1.1002
1.0891
1.0907
1.0924
1.09
1.0866
1.0752
1.0716
1.0736
1.0807
1.078
1.0783
1.0717
1.0842
1.0774
1.0788
1.0788
1.0848
1.0777
1.0783
1.0722
1.0704
1.0625
1.062
1.062
1.0607
1.0614
1.0581
1.0651
1.0612
1.0593
1.0581
1.0569
1.0622
1.0753
1.0817
1.0784
1.077
1.0713
1.0656
1.0643
1.0662
1.0671
1.0678
1.0647
1.0622
1.0575
1.0588
1.0591
1.0468
1.0455
1.0403
1.0444
1.0452
1.0347
1.0333
1.035
1.0287
1.0439
1.0464
1.0474
1.0548
1.0424
1.0406
1.03
1.0342
1.0372
1.0336
1.0325
1.0317
1.0395
1.0449
1.0375
1.0332
1.0306
1.0253
1.0247
1.0225
1.0242
1.0216
1.0209
1.0185
1.0148
1.0173
1.0207
1.0209
1.0204
1.0297
1.0423
1.0528
1.0563
1.0504
1.0665
1.0621
1.065
1.0723
1.07
1.0686
1.0698
1.0775
1.0794
1.0737
1.0713
1.0748
1.0645
1.0634
1.0571
1.0567
1.0519
1.0515
1.0626
1.066
1.0504
1.0527
1.0431
1.0445
1.0458
1.0456
1.0589
1.0582
1.0688
1.0613
1.0589
1.0581
1.0581
1.0545
1.041
1.0407
1.0337
1.0395
1.0412
1.0402
1.0387
1.0456
1.0466
1.04
1.044
1.0462
1.0529
1.0637
1.0667
1.0729
1.0712
1.0693
1.0688
1.0713
1.0611
1.0634
1.0749
1.078
1.0778
1.0859
1.0846
1.083
1.0756
1.0809
1.0668
1.0678
1.0583
1.0539
1.0517
1.0526
1.0497
1.0526
1.0493
1.0363
1.0406
1.0361
1.0397
1.0434
1.0414
1.032
1.0316
1.0313
1.0414
1.0302
1.0315
1.0322
1.0272
1.0167
1.0203
1.0163
1.0097
1.0071
1.0062
1.0034
1.0013
1.0226
1.0223
1.0274
1.0212
1.0147
1.0117
1.0069
1.0066
1.0146
1.0083
1.0077
1.0097
1.0077
1.0146
1.011
1.0141
1.0062
1.0053
1.0038
1.0056
1.02
1.0306
1.0344
1.0286
1.0299
1.0261
1.0316
1.0293
1.0264
1.0143
1.0102
1.0122
1.0122
1.0171
1.0091
1.002
1.0041
1.0007
0.9895
0.9758
0.9715
0.9708
0.9762
0.9894
0.9777
0.9794
0.9879
0.9922
0.9875
0.9852
0.9799
0.984
0.9862
0.9866
0.9847
0.9867
1.0071
1.0021
0.9946
0.9737
0.9699
0.9668
0.9743
0.9664
0.9635
0.9587
0.9542
0.9596
0.9672
0.9642
0.9632
0.9647
0.9704
0.9682
0.9709
0.9715
0.9654
0.9621
0.9701
0.9758
0.9645
0.9614
0.9524
0.9596
0.9574
0.954
0.9672
0.9625
0.9586
0.9586
0.9611
0.9569
0.9533
0.9524
0.9539
0.9545
0.9495
0.938
0.9367
0.9383
0.9403
0.9242
0.9225
0.9076
0.9107
0.9146
0.9043
0.8936
0.8917
0.8972
0.8963
0.9066
0.9105
0.9014
0.9109
0.9126
0.9052
0.8925
0.8931
0.8956
0.9042
0.9043
0.9114
0.9094
0.9312
0.9273
0.9327
0.9352
0.929
0.9438
0.9466
0.9538
0.9614
0.9567
0.9534
0.955
0.9609
0.9593
0.9528
0.9642
0.9596
0.9553
0.9438
0.9363
0.9366
0.9383
0.9434
0.9437
0.9501
0.9553
0.9507
0.9513
0.9536
0.9518
0.9477
0.9524
0.951
0.9412
0.9365
0.9372
0.9354
0.9333
0.9207
0.9297
0.9369
0.933
0.9384
0.9421
0.9337
0.9238
0.9277
0.9224
0.914
0.9049
0.9069
0.9081
0.9015
0.8996
0.9074
0.9039
0.9063
0.9128
0.9147
0.9148
0.9066
0.9019
0.8977
0.8979
0.9018
0.9025
0.9007
0.8921
0.892
0.886
0.8997
0.8978
0.8885
0.8692
0.8742
0.8652
0.8604
0.8607
0.8645
0.8627
0.8597
0.8526
0.8493
0.8475
0.8577
0.8779
0.8737
0.8802
0.8813
0.8834
0.8831
0.8795
0.8755
0.8734
0.8693
0.868
0.8669
0.8695
0.8685
0.8645
0.8569
0.8487
0.8512
0.8365
0.8411
0.8435
0.8362
0.8375
0.8255
0.8313
0.8398
0.8425
0.8489
0.8582
0.8579
0.8638
0.8568
0.8587
0.8533
0.8569
0.8625
0.8614
0.8568
0.8574
0.8541
0.8517
0.8475
0.8434
0.8446
0.8404
0.8402
0.8522
0.8565
0.8589
0.8715
0.8746
0.8882
0.8815
0.8896
0.8873
0.8846
0.8761
0.8774
0.8751
0.8891
0.8982
0.8928
0.8895
0.9074
0.9133
0.9235
0.9252
0.9292
0.9315
0.9266
0.9395
0.9395
0.9462
0.945
0.9477
0.9538
0.9485
0.9417
0.9413
0.9535
0.9503
0.9422
0.9396
0.9317
0.9426
0.9369
0.9373
0.9379
0.9263
0.9226
0.9222
0.9189
0.9272
0.9302
0.9414
0.9358
0.94
0.9297
0.9337
0.9184
0.9265
0.9292
0.9185
0.9192
0.9057
0.9161
0.9212
0.9094
0.9089
0.9039
0.9144
0.9103
0.9137
0.9226
0.9309
0.9333
0.9294
0.9324
0.927
0.9306
0.9311
0.9276
0.9139
0.9111
0.9028
0.8941
0.8992
0.9042
0.895
0.8872
0.8921
0.8956
0.891
0.8882
0.8808
0.8798
0.8806
0.8928
0.9006
0.8964
0.9048
0.9017
0.8876
0.8877
0.8918
0.8886
0.886
0.8805
0.8872
0.8916
0.9042
0.896
0.8957
0.8974
0.9008
0.8889
0.886
0.8931
0.8946
0.8894
0.8945
0.8904
0.884
0.8844
0.8808
0.8766
0.8743
0.8787
0.8846
0.8823
0.8773
0.8766
0.8637
0.8602
0.8586
0.8582
0.8594
0.8567
0.8576
0.8457
0.8461
0.8452
0.8496
0.8472
0.8488
0.8498
0.8432
0.8482
0.8526
0.8619
0.8631
0.8618
0.8533
0.8527
0.8564
0.8552
0.8613
0.8631
0.8622
0.8436
0.8473
0.8462
0.8483
0.8455
0.8359
0.8463
0.8469
0.854
0.8602
0.8517
0.853
0.855
0.8577
0.8721
0.8709
0.8723
0.8698
0.8762
0.8799
0.8777
0.875
0.8744
0.8736
0.8795
0.8828
0.8835
0.8813
0.878
0.8795
0.8929
0.8939
0.8981
0.9029
0.9117
0.9158
0.9169
0.9129
0.9108
0.9171
0.9138
0.9116
0.9114
0.911
0.9093
0.9155
0.91
0.9076
0.8858
0.8891
0.8952
0.9054
0.8994
0.9147
0.9065
0.9094
0.9202
0.9209
0.9237
0.9313
0.9263
0.9103
0.9147
0.9225
0.9229
0.9183
0.9105
0.9173
0.9164
0.9156
0.9153
0.9171
0.9191
0.914
0.9122
0.9008
0.9107
0.909
0.9085
0.9036
0.9031
0.8994
0.8911
0.8902
0.893
0.8952
0.8922
0.9043
0.9065
0.9023
0.9037
0.901
0.8971
0.8971
0.8963
0.892
0.8935
0.8944
0.8811
0.8835
0.8823
0.8841
0.8814
0.8831
0.8783
0.8785
0.8785
0.8809
0.8821
0.8874
0.887
0.8961
0.8918
0.8896
0.8859
0.8943
0.8892
0.8888
0.8905
0.8961
0.8935
0.9037
0.9044
0.9017
0.9017
0.8974
0.8866
0.8766
0.8767
0.8785
0.8846
0.8837
0.8903
0.8899
0.9042
0.8983
0.896
0.8936
0.8917
0.889
0.892
0.8903
0.8938
0.8896
0.8826
0.881
0.8848
0.8838
0.8845
0.8807
0.8777
0.8637
0.8616
0.8647
0.8641
0.8593
0.8615
0.8703
0.8685
0.8688
0.8684
0.8732
0.8778
0.8771
0.8727
0.8737
0.8732
0.8721
0.8779
0.8709
0.8706
0.8773
0.8695
0.8626
0.8634
0.8672
0.8657
0.8706
0.8702
0.8755
0.8808
0.8756
0.876
0.8757
0.8756
0.8821
0.8821
0.8826
0.8814
0.8838
0.8833
0.8755
0.8771
0.8764
0.8726
0.8713
0.8712
0.8804
0.8783
0.8804
0.8777
0.8805
0.8743
0.8792
0.8805
0.8842
0.8796
0.8803
0.8831
0.8883
0.8888
0.8904
0.8885
0.8892
0.8922
0.8985
0.8997
0.902
0.9017
0.9067
0.9023
0.9167
0.9162
0.9143
0.9053
0.9087
0.9123
0.9119
0.9028
0.9086
0.9114
0.9211
0.9216
0.9195
0.9261
0.9233
0.9211
0.9215
0.9289
0.9341
0.9395
0.9305
0.9383
0.9441
0.9382
0.9451
0.9437
0.9424
0.9463
0.9457
0.9426
0.9463
0.944
0.9502
0.9548
0.9638
0.9715
0.9768
0.9722
0.9847
0.9874
0.9895
0.9879
0.9839
0.9811
0.9787
0.9731
0.9862
0.9927
0.9877
0.9907
0.9893
1.0071
1.0064
1.0104
1.0069
1.0145
1.009
0.9926
0.9962
1.0007
0.9891
0.979
0.9858
0.9794
0.9834
0.9875
0.9838
0.9632
0.974
0.9662
0.9707
0.9778
0.9806
0.985
0.9837
0.9846
0.9783
0.9782
0.9789
0.9688
0.9723
0.9728
0.9832
0.9801
0.9833
0.9805
0.9849
0.9951
0.9914
0.9916
0.9835
0.9809
0.9733
0.9738
0.9803
0.9721
0.971
0.9696
0.9789
0.9832
0.9799
0.9765
0.9819
0.9788
0.9756
0.9778
0.9879
0.9856
0.9843
0.9875
0.9787
0.9821
0.9778
0.9881
0.987
0.9858
0.9862
0.9801
0.9821
0.9709
0.9718
0.9737
0.9796
0.9771
0.9748
0.9765
0.9834
0.9848
0.9833
0.9895
0.9973
0.9957
1
0.9966
1.0088
1.0131
1.0113
1.0096
1.007
1.0043
1.0087
1.0077
1.005
1.0032
0.999
0.9974
0.9929
0.9913
0.9908
0.994
0.9942
0.9947
0.9969
1.0014
0.9998
1.0078
1.0085
1.0092
1.0084
1.0183
1.0185
1.0216
1.0267
1.0241
1.0236
1.0266
1.0247
1.0304
1.0308
1.0358
1.041
1.0477
1.0504
1.0504
1.0351
1.0412
1.0465
1.0405
1.0512
1.0487
1.0558
1.0562
1.0564
1.0569
1.0608
1.0656
1.0685
1.0718
1.0722
1.0765
1.0835
1.0849
1.0828
1.084
1.0779
1.0732
1.077
1.0887
1.0767
1.0842
1.0805
1.0742
1.0741
1.0725
1.0845
1.0774
1.0742
1.069
1.0745
1.0828
1.0794
1.0799
1.0794
1.0798
1.0753
1.0787
1.0875
1.0895
1.0973
1.0993
1.099
1.1056
1.1035
1.1024
1.0874
1.0736
1.062
1.0632
1.0587
1.0622
1.052
1.0644
1.0651
1.0676
1.0683
1.0786
1.0902
1.0907
1.0765
1.0737
1.0713
1.0628
1.0673
1.0769
1.0802
1.0759
1.0773
1.0799
1.0883
1.0879
1.0883
1.0865
1.0961
1.0937
1.1036
1.1037
1.0993
1.1036
1.1164
1.1244
1.1224
1.1295
1.134
1.1341
1.1487
1.1486
1.1558
1.1512
1.1517
1.1397
1.1536
1.1682
1.1702
1.1703
1.1688
1.1804
1.1869
1.187
1.1768
1.1887
1.1767
1.1748
1.1731
1.1703
1.1873
1.1711
1.1736
1.1693
1.1755
1.1765
1.1837
1.184
1.1819
1.1688
1.1733
1.1596
1.1558
1.1485
1.1597
1.1449
1.1414
1.1483
1.1582
1.1518
1.1485
1.1495
1.1325
1.1293
1.1329
1.1387
1.1307
1.1286
1.1188
1.1219
1.1212
1.1286
1.1337
1.1334
1.1479
1.1452
1.1511
1.1506
1.1484
1.1378
1.1236
1.1252
1.1367
1.1338
1.1374
1.1384
1.1304
1.1373
1.1304
1.131
1.1235
1.1254
1.1142
1.1128
1.1113
1.0941
1.0884
1.0871
1.0897
1.0903
1.0889
1.0968
1.0963
1.0859
1.085
1.0911
1.1095
1.1125
1.1224
1.1184
1.1193
1.132
1.1304
1.1167
1.1242
1.1261
1.1372
1.1493
1.1488
1.1473
1.1492
1.1481
1.158
1.1667
1.1695
1.1693
1.1572
1.171
1.1778
1.1794
1.17
1.1806
1.1685
1.1742
1.1644
1.1623
1.1624
1.1653
1.1677
1.1798
1.1779
1.1845
1.1765
1.1673
1.1678
1.1634
1.1595
1.1456
1.1503
1.1457
1.1416
1.1523
1.1499
1.1508
1.1652
1.1699
1.1754
1.174
1.1903
1.1901
1.1895
1.1916
1.1767
1.1795
1.1923
1.1898
1.199
1.1963
1.2087
1.2085
1.2115
1.2152
1.2227
1.2214
1.222
1.216
1.2294
1.2314
1.2328
1.2409
1.2419
1.2392
1.2409
1.2394
1.2452
1.2452
1.2434
1.2497
1.2537
1.2564
1.2563
1.2603
1.2683
1.277
1.2668
1.2771
1.2847
1.2791
1.2733
1.2718
1.2596
1.2376
1.237
1.2585
1.2643
1.2706
1.2613
1.2534
1.2624
1.2636
1.2386
1.2462
1.2402
1.2552
1.2544
1.2587
1.2713
1.2681
1.2704
1.2807
1.2823
1.2739
1.2773
1.2854
1.2788
1.2708
1.2498
1.2578
1.269
1.2499
1.2447
1.2481
1.2444
1.2208
1.2136
1.2181
1.2392
1.2357
1.243
1.2247
1.2279
1.2209
1.2264
1.2272
1.2225
1.2387
1.2285
1.2373
1.2345
1.2186
1.2183
1.2133
1.2143
1.2203
1.2295
1.2358
1.2111
1.2011
1.2102
1.2188
1.2073
1.2085
1.2068
1.1927
1.1941
1.195
1.1996
1.2021
1.1915
1.1864
1.1868
1.1827
1.1856
1.1911
1.184
1.1931
1.1977
1.1931
1.2076
1.2169
1.2089
1.1895
1.1845
1.1835
1.1908
1.1817
1.1875
1.2028
1.1963
1.2028
1.1913
1.2009
1.2015
1.2107
1.2106
1.226
1.2216
1.2189
1.2239
1.2222
1.2199
1.228
1.233
1.2259
1.208
1.2109
1.2016
1.2063
1.2145
1.2007
1.2062
1.2129
1.2102
1.2093
1.2097
1.2176
1.2141
1.216
1.2118
1.2169
1.2163
1.2323
1.2285
1.2307
1.2376
1.2395
1.2392
1.241
1.2317
1.2396
1.2352
1.2442
1.2426
1.2379
1.2232
1.2268
1.2129
1.215
1.2071
1.2057
1.2048
1.2004
1.2039
1.2057
1.2046
1.2059
1.2279
1.226
1.2297
1.222
1.224
1.2363
1.2345
1.2339
1.2324
1.2354
1.2308
1.2184
1.2073
1.2085
1.2091
1.2016
1.2063
1.2185
1.2192
1.2157
1.2068
1.2068
1.209
1.2175
1.2189
1.2284
1.2261
1.2268
1.2146
1.2169
1.2175
1.2165
1.2271
1.2249
1.2321
1.226
1.2302
1.2318
1.2327
1.2428
1.2398
1.2277
1.232
1.2288
1.2295
1.2417
1.2379
1.2315
1.2272
1.2385
1.2463
1.2496
1.2516
1.2601
1.2629
1.263
1.2813
1.2739
1.2719
1.2746
1.2759
1.2748
1.2701
1.2784
1.2875
1.2923
1.2925
1.2912
1.288
1.2909
1.2971
1.292
1.2979
1.3026
1.2961
1.3042
1.3043
1.3097
1.3168
1.3246
1.3292
1.3297
1.3278
1.3314
1.3268
1.3412
1.3443
1.3425
1.3319
1.3273
1.3228
1.3306
1.3284
1.3414
1.3261
1.33
1.3388
1.3374
1.3387
1.3485
1.3535
1.3634
1.3621
1.3575
1.3637
1.3556
1.348
1.3303
1.3282
1.3182
1.3032
1.309
1.3136
1.3275
1.3216
1.3097
1.3079
1.3037
1.3011
1.2948
1.3055
1.3045
1.2965
1.3098
1.3032
1.3032
1.3046
1.3034
1.3022
1.2964
1.2887
1.2759
1.2787
1.2788
1.2905
1.2867
1.2976
1.3024
1.302
1.3084
1.3073
1.3071
1.3234
1.3207
1.3214
1.3228
1.3254
1.3174
1.3125
1.3125
1.3245
1.3215
1.3331
1.3408
1.3417
1.3462
1.3353
1.3317
1.3412
1.336
1.3316
1.3158
1.3196
1.2992
1.2954
1.2953
1.2884
1.2914
1.2964
1.2968
1.2895
1.2841
1.2849
1.2887
1.2904
1.2923
1.2995
1.2883
1.2904
1.2815
1.2921
1.3033
1.3026
1.3087
1.304
1.3056
1.2978
1.2961
1.2936
1.2896
1.2904
1.2845
1.2891
1.2937
1.2954
1.2838
1.2832
1.2876
1.281
1.2704
1.2627
1.2636
1.2645
1.2671
1.263
1.2551
1.2563
1.2578
1.2606
1.2519
1.2586
1.2469
1.2338
1.2228
1.2279
1.2218
1.2275
1.2269
1.2284
1.2237
1.2127
1.2068
1.2042
1.2102
1.2089
1.2244
1.2152
1.2144
1.2108
1.2049
1.2085
1.2159
1.2073
1.2087
1.2094
1.1957
1.1901
1.1903
1.1928
1.1932
1.1921
1.2069
1.2205
1.2094
1.2093
1.2057
1.2071
1.2024
1.2046
1.2162
1.2067
1.2055
1.2027
1.2055
1.2136
1.2128
1.2207
1.2197
1.2328
1.2389
1.2327
1.236
1.2345
1.2356
1.2429
1.2434
1.2357
1.2338
1.2268
1.2187
1.2175
1.2235
1.2229
1.226
1.2298
1.2318
1.223
1.2198
1.2333
1.2457
1.2541
1.2521
1.248
1.2447
1.239
1.2418
1.2284
1.2267
1.2283
1.2223
1.2219
1.2153
1.2172
1.2204
1.2151
1.2066
1.2054
1.1995
1.2033
1.202
1.203
1.1909
1.1926
1.1964
1.215
1.2117
1.2058
1.1992
1.2037
1.1984
1.2087
1.2061
1.1944
1.1969
1.1972
1.1958
1.1992
1.2101
1.2066
1.2141
1.2065
1.1986
1.2007
1.2062
1.1959
1.1821
1.1785
1.1778
1.1733
1.174
1.1703
1.1686
1.1688
1.1687
1.1719
1.1752
1.1729
1.1738
1.1801
1.1783
1.1715
1.181
1.1786
1.1787
1.1712
1.1712
1.1811
1.1796
1.1713
1.1833
1.1819
1.1974
1.1935
1.2019
1.1957
1.2007
1.1997
1.1856
1.1815
1.1868
1.186
1.1861
1.1852
1.1836
1.1842
1.1833
1.182
1.198
1.2127
1.2097
1.2154
1.2081
1.2065
1.2134
1.2031
1.2137
1.2119
1.2076
1.2086
1.2113
1.2101
1.2294
1.2292
1.227
1.223
1.2127
1.2089
1.2173
1.2081
1.2102
1.201
1.1963
1.1975
1.1944
1.1974
1.1919
1.1902
1.1897
1.1884
1.1881
1.1909
1.1947
1.1914
1.1911
1.1923
1.1878
1.1853
1.1923
1.1913
1.2012
1.2025
1.1996
1.1889
1.1929
1.191
1.1894
1.1934
1.2016
1.205
1.2174
1.2188
1.2158
1.2088
1.2083
1.1982
1.2039
1.2014
1.2077
1.203
1.2132
1.2139
1.2126
1.2254
1.2288
1.2225
1.2112
1.2081
1.2132
1.2107
1.2104
1.2115
1.2266
1.2288
1.2378
1.2318
1.2336
1.2394
1.2404
1.2464
1.2545
1.2629
1.2618
1.2611
1.2639
1.2684
1.2745
1.2714
1.2756
1.2785
1.2863
1.2894
1.2792
1.2825
1.2749
1.2827
1.2758
1.2837
1.2853
1.2755
1.2766
1.2718
1.2751
1.2885
1.2829
1.2813
1.2934
1.2963
1.2829
1.2801
1.2654
1.2645
1.2596
1.2568
1.2628
1.2616
1.2625
1.2573
1.2588
1.2662
1.2572
1.2527
1.2564
1.2592
1.2538
1.254
1.2785
1.2796
1.2798
1.2724
1.2759
1.2824
1.2737
1.2745
1.2699
1.2681
1.2642
1.2525
1.2495
1.2595
1.2629
1.2682
1.2631
1.2576
1.2659
1.2723
1.2748
1.2766
1.2817
1.2797
1.2801
1.2894
1.2852
1.2838
1.2887
1.2773
1.2732
1.2736
1.2785
1.2854
1.2842
1.2809
1.2906
1.2804
1.2783
1.277
1.2757
1.2791
1.2762
1.2821
1.2795
1.2838
1.287
1.2812
1.2774
1.2749
1.2674
1.27
1.2683
1.27
1.2735
1.2645
1.2692
1.2664
1.27
1.2778
1.28
1.2754
1.2691
1.2707
1.2703
1.2686
1.2751
1.2727
1.2688
1.2691
1.2609
1.2598
1.2538
1.2551
1.2541
1.2505
1.252
1.256
1.2521
1.261
1.2618
1.2546
1.2571
1.2587
1.2697
1.2732
1.2721
1.277
1.2764
1.277
1.2707
1.2724
1.2809
1.2767
1.2834
1.2855
1.2804
1.2818
1.2816
1.2795
1.2824
1.2814
1.2822
1.2926
1.2952
1.3088
1.3121
1.3158
1.3155
1.3255
1.3325
1.3326
1.3325
1.3301
1.3294
1.3226
1.3258
1.3239
1.3206
1.3155
1.3076
1.3072
1.3198
1.3166
1.3158
1.3118
1.313
1.3094
1.3126
1.3166
1.3189
1.3198
1.3288
1.316
1.3095
1.3002
1.3025
1.3008
1.2937
1.2906
1.2922
1.2933
1.2919
1.2946
1.295
1.2966
1.295
1.3022
1.2957
1.2983
1.2913
1.2953
1.296
1.3009
1.3021
1.2953
1.2932
1.2966
1.3017
1.3036
1.3005
1.2965
1.3029
1.3128
1.3138
1.3135
1.3155
1.3142
1.3129
1.3127
1.3171
1.3165
1.3244
1.3228
1.3174
1.3192
1.309
1.3107
1.3147
1.3131
1.3113
1.3185
1.3209
1.3225
1.323
1.3311
1.3291
1.3316
1.3301
1.3324
1.329
1.3334
1.3348
1.3334
1.3337
1.3371
1.3378
1.3359
1.3373
1.3425
1.3372
1.3344
1.3435
1.3429
1.3474
1.3515
1.3549
1.3562
1.3578
1.3606
1.3602
1.3576
1.3622
1.364
1.3602
1.3618
1.3668
1.36
1.3605
1.3569
1.3594
1.3617
1.354
1.355
1.3487
1.3512
1.3545
1.3602
1.3514
1.3497
1.3513
1.3464
1.3453
1.3471
1.3434
1.3451
1.3454
1.3476
1.3418
1.3447
1.3447
1.3486
1.3528
1.3502
1.3426
1.3351
1.3359
1.3322
1.3294
1.3312
1.3378
1.3409
1.3425
1.3427
1.3394
1.3452
1.3458
1.3468
1.3442
1.3463
1.3538
1.3632
1.3618
1.3622
1.3598
1.3627
1.3622
1.3711
1.3767
1.3784
1.3791
1.3779
1.3784
1.3805
1.3819
1.3814
1.3812
1.3818
1.3714
1.3759
1.3637
1.3684
1.3693
1.3671
1.3696
1.3786
1.3788
1.3741
1.3809
1.3692
1.3686
1.362
1.3575
1.3467
1.3399
1.3494
1.3468
1.3479
1.3532
1.3562
1.3669
1.3651
1.3634
1.3662
1.3655
1.3636
1.3625
1.3609
1.367
1.3686
1.3776
1.3798
1.3829
1.3903
1.3896
1.3857
1.3867
1.3875
1.3959
1.4077
1.4081
1.4087
1.4144
1.4121
1.4147
1.4235
1.423
1.4157
1.4118
1.4133
1.4137
1.4054
1.4093
1.4145
1.4217
1.4179
1.4212
1.4157
1.4194
1.4286
1.4265
1.4142
1.4247
1.4236
1.4305
1.439
1.4422
1.4433
1.4465
1.4439
1.4518
1.4482
1.4551
1.4657
1.4682
1.4668
1.4547
1.4599
1.467
1.4633
1.4663
1.4661
1.4784
1.4842
1.485
1.4832
1.4858
1.4818
1.4772
1.476
1.4703
1.4666
1.4756
1.4668
1.4651
1.4654
1.4704
1.4699
1.4686
1.4613
1.4452
1.4382
1.4409
1.436
1.4348
1.4355
1.4406
1.4394
1.4504
1.4637
1.4712
1.4583
1.4608
1.4732
1.4742
1.4767
1.4687
1.4715
1.4662
1.4803
1.4819
1.4875
1.4845
1.4656
1.4689
1.4624
1.4446
1.4605
1.4558
1.4734
1.467
1.4782
1.4773
1.4786
1.4849
1.4813
1.4837
1.4646
1.464
1.4484
1.4506
1.4502
1.4584
1.4574
1.463
1.4669
1.4653
1.4739
1.4692
1.4816
1.4823
1.4828
1.4914
1.5125
1.5217
1.5175
1.5185
1.5225
1.5283
1.5369
1.5344
1.5339
1.5332
1.5515
1.5573
1.5646
1.5718
1.5801
1.5669
1.5468
1.5453
1.542
1.5597
1.5806
1.5809
1.577
1.5809
1.5609
1.5651
1.5661
1.571
1.5695
1.5706
1.5853
1.5749
1.5802
1.5817
1.5796
1.5966
1.5916
1.5757
1.5884
1.599
1.5896
1.5666
1.5615
1.5641
1.5584
1.5571
1.5456
1.5421
1.5491
1.5532
1.5388
1.5421
1.5465
1.555
1.5507
1.5473
1.5434
1.5579
1.5518
1.5676
1.5756
1.571
1.5791
1.5767
1.5726
1.5637
1.5508
1.5541
1.5562
1.544
1.5458
1.5571
1.5737
1.5672
1.5475
1.5555
1.5404
1.5375
1.5487
1.5521
1.5516
1.5502
1.5625
1.5513
1.5594
1.5574
1.5734
1.5756
1.5736
1.5808
1.5863
1.5696
1.5696
1.5719
1.5654
1.5729
1.5776
1.5894
1.5927
1.5916
1.5833
1.5862
1.5849
1.5876
1.5782
1.5706
1.5648
1.5703
1.5755
1.5583
1.5576
1.5591
1.5563
1.5582
1.5467
1.543
1.5323
1.5045
1.494
1.4889
1.4919
1.4803
1.4679
1.4735
1.4783
1.469
1.4868
1.4809
1.4779
1.4632
1.468
1.4704
1.4641
1.4593
1.4528
1.448
1.4367
1.426
1.4124
1.4197
1.4059
1.3944
1.4189
1.4201
1.4152
1.417
1.4434
1.4406
1.4734
1.4676
1.4656
1.4576
1.4607
1.4397
1.4066
1.4043
1.3829
1.3801
1.3531
1.3632
1.3663
1.3629
1.3461
1.3506
1.3651
1.3533
1.3398
1.3448
1.3303
1.3102
1.2876
1.2817
1.2681
1.257
1.2471
1.2898
1.2924
1.2725
1.2651
1.2984
1.3001
1.2742
1.2761
1.2765
1.2556
1.2556
1.2452
1.2726
1.2724
1.2674
1.259
1.2568
1.254
1.2887
1.2985
1.288
1.2896
1.2705
1.2625
1.2718
1.2665
1.2791
1.2652
1.2917
1.2973
1.3011
1.3383
1.3346
1.3659
1.3802
1.4356
1.4285
1.3876
1.394
1.3958
1.3969
1.405
1.4065
1.417
1.4114
1.3953
1.3958
1.3888
1.358
1.3497
1.3666
1.3702
1.3475
1.3412
1.3202
1.3172
1.3061
1.3236
1.3143
1.2936
1.2868
1.2969
1.2919
1.3146
1.3178
1.327
1.2966
1.2826
1.2866
1.2939
1.2852
1.2871
1.2899
1.3058
1.296
1.2857
1.2824
1.288
1.2773
1.2586
1.2565
1.2679
1.2763
1.2739
1.2779
1.2746
1.2754
1.2716
1.2581
1.2571
1.2613
1.2543
1.2676
1.264
1.269
1.2784
1.2839
1.2901
1.2998
1.2987
1.3121
1.3638
1.358
1.3618
1.3495
1.3567
1.3539
1.33
1.3165
1.3229
1.3209
1.3484
1.3442
1.339
1.327
1.3297
1.3145
1.3143
1.336
1.328
1.323
1.3197
1.3041
1.293
1.2965
1.2999
1.3073
1.3274
1.3126
1.3111
1.3324
1.3209
1.3257
1.3374
1.3357
1.3303
1.3396
1.3552
1.3599
1.3605
1.361
1.3618
1.3538
1.3545
1.3603
1.3759
1.3894
1.4019
1.4011
1.3983
1.3922
1.3919
1.4119
1.4185
1.4291
1.4127
1.4169
1.4019
1.39
1.4028
1.3991
1.4095
1.4024
1.3785
1.3843
1.3869
1.3971
1.3963
1.3874
1.4093
1.3986
1.3942
1.4091
1.4073
1.405
1.4161
1.4012
1.3987
1.3932
1.3944
1.3851
1.405
1.3955
1.3965
1.3956
1.4093
1.4116
1.4134
1.423
1.4181
1.4235
1.4246
1.4221
1.4224
1.4163
1.4033
1.4071
1.4243
1.4404
1.4429
1.4417
1.4342
1.4181
1.414
1.4159
1.422
1.4277
1.4229
1.4083
1.4123
1.4254
1.4236
1.4321
1.4327
1.4321
1.424
1.4268
1.4328
1.4342
1.4232
1.4287
1.4259
1.4307
1.4336
1.4519
1.4573
1.4591
1.4576
1.4623
1.4636
1.4701
1.4715
1.4724
1.4677
1.4781
1.4775
1.4684
1.4676
1.4616
1.4581
1.4643
1.4548
1.4595
1.4648
1.4722
1.4674
1.4807
1.4705
1.479
1.4837
1.4896
1.4919
1.4893
1.4947
1.4907
1.5013
1.5006
1.5034
1.4864
1.4788
1.4726
1.4833
1.4736
1.4763
1.4686
1.4842
1.4861
1.4841
1.5006
1.4964
1.4965
1.487
1.4928
1.4956
1.4846
1.4954
1.4908
1.485
1.4979
1.495
1.5081
1.5011
1.4961
1.4976
1.5094
1.5044
1.5084
1.4889
1.4848
1.4721
1.4695
1.471
1.4625
1.4659
1.4521
1.4537
1.4334
1.4313
1.4312
1.4275
1.4349
1.4354
1.4386
1.4384
1.4347
1.4339
1.4331
1.4333
1.4415
1.4391
1.4405
1.4324
1.4393
1.451
1.4507
1.4504
1.4493
1.438
1.4396
1.4294
1.4116
1.41
1.4155
1.4151
1.4102
1.4041
1.3973
1.3889
1.3914
1.3958
1.3912
1.3758
1.363
1.3695
1.3786
1.374
1.3678
1.3629
1.3607
1.3755
1.3616
1.3593
1.3575
1.3593
1.3521
1.3546
1.3524
1.3602
1.3537
1.3593
1.3715
1.3584
1.361
1.3639
1.3603
1.3648
1.367
1.3756
1.3672
1.3728
1.3776
1.3633
1.3543
1.3559
1.3496
1.3345
1.3303
1.3389
1.3439
1.3422
1.3533
1.3564
1.3489
1.3509
1.3376
1.3355
1.335
1.3466
1.3576
1.3583
1.3663
1.3569
1.3501
1.3469
1.3434
1.3406
1.3306
1.3368
1.334
1.3246
1.3161
1.3243
1.3272
1.3199
1.304
1.2889
1.2732
1.2705
1.281
1.2742
1.2656
1.258
1.2428
1.2321
1.2335
1.2341
1.2344
1.255
1.2414
1.2287
1.2231
1.235
1.2326
1.2295
1.2276
1.2256
1.2176
1.202
1.1952
1.1972
1.203
1.2083
1.2061
1.2252
1.2331
1.2314
1.235
1.2361
1.2345
1.2307
1.2255
1.2357
1.2346
1.2298
1.2208
1.2257
1.2439
1.2544
1.2529
1.2638
1.2607
1.2654
1.2647
1.2589
1.2707
1.2755
1.2878
1.2917
1.2958
1.2901
1.2808
1.2892
1.285
1.2992
1.2985
1.2998
1.3079
1.3048
1.3168
1.3229
1.3156
1.316
1.3266
1.3229
1.3117
1.2884
1.2848
1.2792
1.2837
1.2874
1.2875
1.2823
1.2707
1.2669
1.2672
1.2665
1.2703
1.2746
1.2677
1.2689
1.2796
1.2808
1.2883
1.2876
1.2732
1.275
1.27
1.2719
1.2861
1.301
1.3001
1.3074
1.3051
1.3072
1.3128
1.3366
1.3356
1.3473
1.3479
1.3577
1.363
1.362
1.3742
1.3691
1.3829
1.3925
1.3886
1.3913
1.3888
1.3867
1.3949
1.4054
1.4012
1.3989
1.3812
1.3961
1.3938
1.3923
1.3961
1.3863
1.3772
1.3923
1.3916
1.3901
1.4036
1.4041
1.4192
1.4069
1.394
1.385
1.3738
1.3652
1.3668
1.3613
1.3485
1.3531
1.3616
1.3649
1.3588
1.3393
1.3371
1.3375
1.3245
1.3104
1.3039
1.3129
1.3204
1.3369
1.3297
1.3301
1.3224
1.3222
1.3228
1.3382
1.3412
1.3275
1.3233
1.3156
1.3122
1.312
1.3087
1.3114
1.3116
1.3131
1.3127
1.3189
1.3263
1.3366
1.3375
1.3314
1.3183
1.3028
1.2925
1.2941
1.2969
1.3083
1.3355
1.3348
1.3295
1.336
1.348
1.3469
1.3583
1.3642
1.3642
1.3683
1.3702
1.3613
1.3697
1.3823
1.3788
1.3649
1.358
1.3544
1.3665
1.3709
1.3626
1.3521
1.3496
1.3518
1.3548
1.3594
1.367
1.3677
1.3658
1.3742
1.3791
1.376
1.3792
1.3805
1.3865
1.3936
1.3977
1.3964
1.3908
1.39
1.382
1.3878
1.399
1.3977
1.389
1.401
1.4165
1.4224
1.4218
1.4124
1.4188
1.4078
1.4097
1.4081
1.4126
1.419
1.4214
1.4216
1.4223
1.4323
1.4299
1.4422
1.444
1.4485
1.445
1.4485
1.4441
1.4238
1.4315
1.4496
1.4571
1.4554
1.4574
1.4634
1.4685
1.4796
1.4826
1.4874
1.4851
1.4849
1.4576
1.4402
1.4311
1.4356
1.4219
1.4232
1.4117
1.42
1.417
1.426
1.4305
1.4195
1.4041
1.4089
1.4105
1.413
1.4319
1.4277
1.4367
1.4394
1.4468
1.463
1.4603
1.4679
1.4605
1.4528
1.4375
1.4362
1.4472
1.4205
1.4163
1.4294
1.4304
1.4398
1.4415
1.4188
1.4174
1.4261
1.4355
1.4422
1.451
1.4511
1.4529
1.4471
1.4332
1.4346
1.4263
1.4047
1.4009
1.415
1.4159
1.4148
1.4064
1.4161
1.4202
1.4376
1.4365
1.4373
1.4498
1.4363
1.4308
1.4382
1.4239
1.4202
1.4302
1.4164
1.4245
1.4217
1.4226
1.419
1.4214
1.4235
1.4434
1.4405
1.4439
1.432
1.44
1.4387
1.4423
1.4412
1.437
1.4475
1.4505
1.4421
1.441
1.4293
1.4203
1.4115
1.3988
1.4062
1.3932
1.3684
1.3607
1.371
1.3714
1.3867
1.3797
1.3637
1.3676
1.3741
1.3501
1.347
1.3461
1.3596
1.3612
1.3586
1.3449
1.3267
1.3274
1.3311
1.3396
1.3392
1.3661
1.3641
1.3811
1.3745
1.3848
1.3771
1.3739
1.3786
1.3708
1.3856
1.3921
1.3918
1.383
1.4184
1.4162
1.3946
1.3737
1.3747
1.3829
1.3794
1.3747
1.3782
1.3605
1.3613
1.3748
1.3621
1.3543
1.3522
1.3472
1.3514
1.3507
1.3522
1.3364
1.334
1.3241
1.3313
1.333
1.3448
1.3444
1.3393
1.3452
1.3397
1.3424
1.3333
1.337
1.3203
1.3083
1.2994
1.3008
1.3012
1.3014
1.3087
1.3071
1.3049
1.3056
1.3072
1.3074
1.2938
1.2942
1.296
1.2932
1.3049
1.2954
1.2795
1.2721
1.2738
1.2778
1.2698
1.2834
1.2678
1.2673
1.2733
1.285
1.2932
1.2931
1.3011
1.3022
1.3048
1.3148
1.3174
1.3129
1.3071
1.3184
1.3151
1.3139
1.3128
1.3258
1.3273
1.3297
1.3194
1.3209
1.3118
1.3061
1.3104
1.3153
1.3239
1.3246
1.3245
1.3315
1.3463
1.3411
1.3452
1.3357
1.3317
1.3211
1.3228
1.3115
1.3143
1.3263
1.3118
1.3148
1.3111
1.3018
1.3101
1.3169
1.3242
1.3231
1.3198
1.3183
1.3263
1.3328
1.3338
1.3306
1.3274
1.3332
1.3329
1.333
1.3136
1.3063
1.31
1.3129
1.309
1.3119
1.3177
1.3084
1.3092
1.3124
1.3116
1.3124
1.3212
1.3136
1.3198
1.3201
1.3235
1.3256
1.3229
1.3222
1.3167
1.3145
1.3088
1.3061
1.301
1.2951
1.2963
1.2942
1.2846
1.2769
1.2744
1.2715
1.2731
1.2782
1.2736
1.256
1.2545
1.2515
1.2531
1.2482
1.2406
1.2364
1.2384
1.2476
1.2438
1.2559
1.2566
1.2492
1.2496
1.2485
1.2581
1.2597
1.2634
1.2563
1.2692
1.2692
1.2566
1.2562
1.2498
1.2495
1.2475
1.2425
1.2651
1.2592
1.2612
1.2543
1.2393
1.2282
1.2309
1.2256
1.2254
1.2198
1.2232
1.2261
1.2245
1.2266
1.2279
1.2173
1.2135
1.2053
1.2126
1.2279
1.2356
1.2262
1.2306
1.23
1.2164
1.2371
1.241
1.2418
1.2368
1.2282
1.2294
1.234
1.2334
1.2283
1.2361
1.2318
1.2341
1.2478
1.2467
1.2577
1.2536
1.2513
1.2571
1.2527
1.2501
1.2571
1.2598
1.2561
1.2605
1.2631
1.2789
1.2783
1.2863
1.2888
1.2908
1.3121
1.3118
1.304
1.3069
1.2942
1.3002
1.2914
1.2952
1.2862
1.2896
1.2876
1.2897
1.2942
1.2908
1.3018
1.3052
1.2974
1.2875
1.2889
1.2941
1.295
1.2936
1.3045
1.3119
1.3103
1.3025
1.3059
1.2976
1.2954
1.2964
1.293
1.2899
1.2965
1.297
1.2934
1.2827
1.2779
1.2815
1.2762
1.2737
1.2722
1.2713
1.271
1.2746
1.2773
1.2723
1.2802
1.2806
1.2828
1.2859
1.2986
1.296
1.2939
1.2941
1.2972
1.3002
1.3055
1.3092
1.3086
1.2954
1.294
1.2937
1.2999
1.3088
1.307
1.3168
1.3157
1.323
1.3245
1.324
1.3169
1.3187
1.3169
1.3223
1.321
1.3222
1.3197
1.3207
1.3169
1.3111
1.3049
1.3108
1.307
1.3069
1.326
1.336
1.3362
1.3335
1.3284
1.3364
1.3321
1.3317
1.3306
1.3307
1.3373
1.3452
1.3458
1.348
1.3574
1.3584
1.3671
1.3535
1.3584
1.3514
1.3401
1.3355
1.3409
1.3463
1.3453
1.334
1.3354
1.3353
1.3389
1.3344
1.32
1.319
1.3192
1.3052
1.3099
1.3083
1.3042
1.3009
1.3025
1.299
1.3097
1.299
1.3031
1.3023
1.2971
1.3008
1.3058
1.2958
1.2878
1.2942
1.2913
1.2974
1.2878
1.2854
1.2772
1.2822
1.2819
1.2851
1.2826
1.2845
1.2877
1.301
1.3009
1.3082
1.3062
1.3124
1.3095
1.3071
1.3174
1.3025
1.308
1.3068
1.3048
1.3011
1.3006
1.3007
1.3019
1.3085
1.3158
1.319
1.3069
1.3107
1.3075
1.3084
1.3171
1.3112
1.2974
1.2976
1.2954
1.2861
1.2898
1.2828
1.2874
1.2914
1.2867
1.2933
1.2919
1.293
1.2865
1.2936
1.3046
1.2971
1.3084
1.3071
1.3089
1.3251
1.3222
1.3233
1.3278
1.334
1.3327
1.332
1.3332
1.3395
1.3402
1.3239
1.3142
1.3096
1.3099
1.3007
1.3034
1.3005
1.3054
1.3019
1.3013
1.2922
1.2833
1.2868
1.2792
1.2851
1.3022
1.3076
1.3051
1.3144
1.3139
1.3085
1.3139
1.3192
1.3212
1.3206
1.3229
1.328
1.3262
1.3254
1.3276
1.3214
1.3277
1.3262
1.3299
1.3328
1.3391
1.3343
1.3308
1.3253
1.3256
1.3261
1.3319
1.3341
1.342
1.3374
1.3358
1.3387
1.3367
1.3388
1.3333
1.324
1.3204
1.3195
1.3171
1.3209
1.3127
1.3164
1.3258
1.326
1.3301
1.3311
1.3289
1.3339
1.3355
1.3358
1.3515
1.3527
1.3515
1.3493
1.3528
1.3473
1.3523
1.3531
1.3525
1.3583
1.3624
1.3552
1.3575
1.3574
1.3511
1.3522
1.3539
1.3576
1.3498
1.351
1.3662
1.3692
1.3676
1.3787
1.3789
1.3804
1.3795
1.3791
1.3745
1.377
1.3599
1.3495
1.3511
1.3469
1.3526
1.3405
1.3367
1.3403
1.3442
1.3454
1.3472
1.3481
1.3508
1.3536
1.3439
1.3459
1.3539
1.3514
1.3557
1.357
1.3596
1.3586
1.3551
1.36
1.3594
1.3665
1.3696
1.3723
1.3769
1.3803
1.3748
1.3718
1.3746
1.3756
1.3756
1.3665
1.3678
1.3699
1.3682
1.3684
1.369
1.3768
1.38
1.3789
1.3766
1.3675
1.3605
1.3639
1.3629
1.357
1.3583
1.3663
1.3654
1.3683
1.3594
1.3593
1.3532
1.356
1.355
1.3551
1.3675
1.3683
1.3679
1.3663
1.366
1.3552
1.3505
1.3517
1.3521
1.3533
1.3601
1.3621
1.3642
1.3649
1.3585
1.367
1.3695
1.3697
1.3754
1.3752
1.3701
1.3735
1.3737
1.3752
1.3672
1.3711
1.3808
1.3736
1.3733
1.3735
1.3859
1.3875
1.3874
1.3864
1.3903
1.3857
1.39
1.3925
1.3922
1.3916
1.3777
1.3796
1.3876
1.3827
1.3789
1.3746
1.3753
1.3772
1.3798
1.3766
1.3721
1.3705
1.3739
1.3796
1.3809
1.3887
1.3897
1.3828
1.3819
1.3831
1.3819
1.3817
1.3798
1.38
1.3819
1.3824
1.3838
1.3847
1.3811
1.3866
1.3868
1.3864
1.3876
1.3925
1.392
1.3861
1.3758
1.3757
1.37
1.3708
1.3707
1.3702
1.371
1.3689
1.3663
1.365
1.3628
1.3645
1.3616
1.3592
1.3609
1.3641
1.3595
1.3633
1.3608
1.3637
1.3639
1.3586
1.3546
1.3536
1.3547
1.3531
1.357
1.3545
1.3575
1.3621
1.3584
1.3596
1.3587
1.3638
1.3612
1.3641
1.369
1.3691
1.3652
1.3603
1.3593
1.3606
1.3607
1.3627
1.3597
1.3603
1.3612
1.3568
1.3528
1.3524
1.3519
1.3521
1.3467
1.3463
1.347
1.3429
1.3441
1.3411
1.3379
1.3385
1.3431
1.3417
1.3369
1.3369
1.335
1.3416
1.3386
1.336
1.3371
1.3369
1.3386
1.3362
1.3318
1.329
1.3279
1.324
1.3198
1.319
1.3193
1.3175
1.3145
1.3131
1.3125
1.3141
1.2947
1.2951
1.2934
1.2916
1.2902
1.294
1.2974
1.2932
1.2965
1.2951
1.2923
1.2833
1.2832
1.2847
1.2787
1.2741
1.2689
1.2697
1.2629
1.2609
1.2676
1.2513
1.2595
1.2652
1.2678
1.2686
1.2639
1.2666
1.266
1.2791
1.2825
1.2771
1.2795
1.2733
1.2664
1.2642
1.266
1.2705
1.2739
1.2734
1.2609
1.2531
1.2485
1.2545
1.2492
1.2398
1.2433
1.2427
1.2464
1.2439
1.2465
1.2514
1.2448
1.2532
1.255
1.2539
1.2388
1.2427
1.246
1.2505
1.2472
1.2435
1.2494
1.2386
1.2305
1.2375
1.2293
1.2315
1.2394
1.2428
1.2387
1.2456
1.2438
1.2509
1.2413
1.2284
1.224
1.2252
1.2176
1.219
1.2234
1.2175
1.2172
1.2157
1.21
1.2099
1.201
1.1923
1.1922
1.183
1.1817
1.183
1.1826
1.1785
1.1788
1.1601
1.1548
1.1609
1.1548
1.1575
1.1383
1.1255
1.128
1.1353
1.1354
1.1305
1.1288
1.1333
1.1471
1.1415
1.1451
1.1322
1.1329
1.1312
1.1294
1.1388
1.1408
1.1356
1.1418
1.1343
1.1373
1.1393
1.1332
1.1336
1.1363
1.1195
1.1195
1.1178
1.1201
1.1073
1.1017
1.0856
1.086
1.0719
1.0532
1.0609
1.0492
1.059
1.0595
1.0653
1.0635
1.0847
1.0932
1.092
1.0969
1.0867
1.0902
1.082
1.0728
1.078
1.088
1.0971
1.0994
1.0851
1.0819
1.0668
1.0592
1.0582
1.0659
1.0619
1.073
1.0779
1.0749
1.0754
1.0728
1.0824
1.0853
1.0907
1.0969
1.1144
1.1214
1.1177
1.1159
1.1201
1.1323
1.1267
1.1221
1.1158
1.1237
1.1371
1.1379
1.1432
1.1351
1.1147
1.1098
1.1132
1.1036
1.0985
1.0891
1.0882
1.093
1.0973
1.0919
1.1175
1.1255
1.1288
1.1126
1.1233
1.127
1.1304
1.124
1.1274
1.1282
1.1242
1.1265
1.1374
1.1342
1.1364
1.1173
1.1185
1.1206
1.1156
1.1214
1.1153
1.1076
1.1096
1.1072
1.1075
1.0939
1.105
1.1003
1.1129
1.1021
1.101
1.0947
1.0876
1.0857
1.0841
1.096
1.0903
1.0993
1.0978
1.1113
1.1048
1.1035
1.0913
1.1003
1.0961
1.0962
1.0873
1.0925
1.0959
1.1025
1.1019
1.1175
1.1139
1.1139
1.1079
1.1031
1.1058
1.1194
1.1362
1.1529
1.1423
1.1385
1.1236
1.1184
1.1204
1.1271
1.1235
1.1117
1.1144
1.1169
1.1184
1.116
1.1263
1.1345
1.1319
1.1283
1.1309
1.1304
1.1367
1.1213
1.1124
1.1174
1.1255
1.1186
1.1238
1.1261
1.1182
1.1196
1.1242
1.1187
1.1263
1.1243
1.1282
1.138
1.1379
1.139
1.1445
1.1401
1.1381
1.1322
1.1352
1.1346
1.1137
1.1016
1.1054
1.1038
1.1065
1.0967
1.1018
1.1021
1.0959
1.0856
1.0865
1.0737
1.0757
1.0705
1.0729
1.0779
1.0726
1.0694
1.0647
1.064
1.0726
1.065
1.062
1.0647
1.0623
1.0614
1.06
1.056
1.0616
1.0585
1.0902
1.0869
1.0851
1.0889
1.1003
1.0947
1.0994
1.1015
1.0924
1.0926
1.0819
1.0837
1.0912
1.0971
1.0882
1.0952
1.0975
1.0975
1.0932
1.0911
1.0866
1.0863
1.0818
1.0746
1.0755
1.0862
1.0888
1.0881
1.0839
1.085
1.0861
1.0951
1.0892
1.0928
1.0923
1.0844
1.0813
1.0831
1.0844
1.0872
1.0945
1.0843
1.0891
1.091
1.1066
1.1197
1.1139
1.1165
1.1311
1.1229
1.133
1.1246
1.1156
1.1137
1.1145
1.1115
1.1129
1.1028
1.1021
1.1024
1.1041
1.0925
1.0875
1.0858
1.0853
1.0946
1.0998
1.1021
1.1019
1.1029
1.1194
1.1156
1.1085
1.1111
1.1083
1.1318
1.1275
1.1249
1.1221
1.1184
1.1186
1.1167
1.1193
1.1265
1.1319
1.1381
1.1392
1.1395
1.1396
1.1415
1.1376
1.1407
1.1414
1.1376
1.1287
1.1265
1.1298
1.1325
1.1376
1.1327
1.1298
1.1223
1.1266
1.1295
1.1324
1.1337
1.144
1.1524
1.1527
1.1497
1.1412
1.1425
1.1391
1.1382
1.1432
1.1386
1.1294
1.1328
1.1332
1.1281
1.1208
1.1213
1.121
1.1149
1.1159
1.1176
1.1137
1.1134
1.1139
1.1174
1.1156
1.1326
1.1378
1.1349
1.1399
1.1319
1.1278
1.1284
1.1213
1.1238
1.1207
1.1267
1.1315
1.1259
1.1303
1.1353
1.1166
1.1038
1.1053
1.1098
1.1073
1.1137
1.1148
1.109
1.1089
1.1064
1.1055
1.1053
1.1092
1.1109
1.1113
1.1062
1.1071
1.1014
1.1006
1.1008
1.0967
1.0987
1.0988
1.0991
1.1076
1.1157
1.1171
1.1223
1.1174
1.1138
1.1088
1.1077
1.1103
1.1167
1.1158
1.1168
1.1182
1.1269
1.1273
1.133
1.132
1.132
1.1318
1.1269
1.1278
1.1235
1.1176
1.1151
1.1158
1.1198
1.1163
1.1153
1.1241
1.1232
1.1245
1.1215
1.1236
1.1235
1.1254
1.1242
1.1163
1.1177
1.1165
1.1159
1.1228
1.1232
1.1253
1.1219
1.1209
1.1223
1.1228
1.1218
1.1194
1.1206
1.1161
1.1168
1.1144
1.1069
1.103
1.104
1.0995
1.1001
1.099
1.0968
1.0945
1.0874
1.0878
1.0891
1.0912
1.0892
1.094
1.0963
1.1056
1.11
1.1113
1.1115
1.1043
1.1023
1.0939
1.0891
1.086
1.0749
1.0733
1.0696
1.0636
1.0586
1.0606
1.0625
1.0557
1.0555
1.0593
1.0585
1.0627
1.0599
1.0625
1.0675
1.0767
1.0712
1.0744
1.0609
1.054
1.0642
1.0624
1.0655
1.0413
1.0446
1.0444
1.0398
1.0427
1.0442
1.0448
1.0451
1.0456
1.0384
1.0472
1.0547
1.0466
1.0427
1.0472
1.0598
1.055
1.0571
1.0561
1.0559
1.0649
1.0637
1.0604
1.0699
1.0683
1.0632
1.0675
1.0727
1.0757
1.0738
1.0687
1.0683
1.0693
1.0784
1.0753
1.0788
1.0784
1.0735
1.0692
1.0697
1.0657
1.0634
1.0596
1.0565
1.0584
1.0653
1.0614
1.061
1.0544
1.0547
1.0567
1.0569
1.0604
1.0608
1.0564
1.0506
1.0562
1.0578
1.0575
1.0537
1.058
1.0669
1.0659
1.0621
1.0627
1.0715
1.0746
1.0728
1.0809
1.0811
1.0781
1.0804
1.0864
1.0833
1.0751
1.0704
1.0697
1.0661
1.0661
1.0647
1.065
1.0599
1.06
1.061
1.0602
1.0622
1.0618
1.0654
1.0708
1.071
1.0746
1.0693
1.0842
1.0949
1.0875
1.0876
1.0901
1.0904
1.0906
1.0917
1.0974
1.099
1.0932
1.0896
1.0868
1.0867
1.0919
1.0974
1.1076
1.1138
1.1126
1.1191
1.1234
1.1192
1.1178
1.1218
1.1177
1.1174
1.1175
1.1237
1.121
1.127
1.1253
1.127
1.1265
1.1212
1.1198
1.1198
1.1202
1.1273
1.1148
1.1189
1.1159
1.1125
1.1147
1.1156
1.1197
1.1188
1.1312
1.1378
1.143
1.1413
1.1357
1.1351
1.1338
1.142
1.1408
1.1396
1.144
1.1421
1.1391
1.1459
1.1472
1.1562
1.1521
1.1635
1.1666
1.1638
1.1653
1.1627
1.1664
1.1741
1.1811
1.1805
1.1868