1.8114829598
1.8047328244
1.779491833
1.7558948005
1.767322239
1.7490931076
1.7369768142
1.7528805337
1.7754263094
1.7930346732
1.7667682927
1.7701815962
1.7754665035
1.7612598904
1.7582184517
1.7600971758
1.7580179359
1.7584320875
1.7383120826
1.7298240291
1.7152567976
1.7025927043
1.7140909091
1.7119770427
1.683566955
1.6786939019
1.689150873
1.6890982503
1.6909090909
1.6831195944
1.6826249068
1.6781128695
1.6739488254
1.6799641416
1.6651307967
1.6495980947
1.6482810164
1.645088952
1.6441846523
1.6733675937
1.6626415094
1.6592603865
1.6615454822
1.658692671
1.6453576865
1.6465137475
1.6517979062
1.6529465371
1.6660575605
1.6785060976
1.6656507162
1.6697709924
1.6757293417
1.6765019011
1.6702596022
1.6494017871
1.6396572459
1.6474136631
1.6440422323
1.6376789751
1.6276112625
1.6211800303
1.6217522659
1.6280506177
1.616191904
1.6132555356
1.6086760733
1.6279279279
1.6135989217
1.6171488532
1.6183618362
1.6176558306
1.6061102832
1.6108455333
1.5957731805
1.5824955648
1.5794559239
1.5812983919
1.578243424
1.5695472033
1.5659486574
1.5617712177
1.5762912535
1.5631168066
1.5498171178
1.5410719487
1.5290798611
1.5421022067
1.5586316858
1.573610707
1.5720116618
1.57410114
1.5607517483
1.555620438
1.5507795425
1.5612827647
1.557810219
1.5666079812
1.5634361233
1.5565650645
1.5449233017
1.5414179648
1.5536159601
1.538732912
1.5429456907
1.5316548881
1.5390509873
1.5505117935
1.5297161443
1.524715951
1.5211640212
1.5092429577
1.5401298318
1.5413168361
1.5326309628
1.5418798421
1.5224185775
1.5233494364
1.5023337223
1.5122093873
1.5188168107
1.5204471904
1.5172667157
1.5194403535
1.5302517297
1.5316622691
1.5241662994
1.5254687731
1.5069454599
1.510904804
1.4989760094
1.5012479812
1.5061764706
1.5005875441
1.5017652251
1.4991168678
1.5000739098
1.5071111111
1.5114763809
1.512892709
1.5130486358
1.5348039946
1.5545115585
1.5779376499
1.592252035
1.5821659889
1.6120012092
1.6072941889
1.6060925954
1.6134517003
1.6121741751
1.607400722
1.5964781376
1.6055729399
1.6158682635
1.6145864662
1.6090417543
1.6092229376
1.5819586863
1.5793851181
1.561678239
1.5675715769
1.5535371437
1.5598575879
1.5878661088
1.5946148093
1.5731615995
1.5683849821
1.5601256357
1.5676121867
1.5569450648
1.5619958171
1.5806836841
1.574233859
1.5985641639
1.5819049039
1.5773871592
1.5778407396
1.5738509594
1.5608348135
1.5349454438
1.5286427732
1.5235077377
1.5345438441
1.5359197522
1.5310568148
1.5354028086
1.5430932704
1.5393440212
1.5325670498
1.5373288176
1.5364958144
1.5386526377
1.5589916459
1.566143004
1.5840838624
1.5734430082
1.5738887253
1.5696871787
1.5756728931
1.5609002648
1.5661266568
1.5861000443
1.5977471469
1.5957950844
1.615922619
1.6204990288
1.6128071482
1.5979794978
1.6015706031
1.576008273
1.5719122626
1.5597641857
1.5519069357
1.5486673539
1.5479411765
1.5389239114
1.5472585624
1.5401438427
1.516388645
1.5273741377
1.5243489775
1.5330286051
1.5332843497
1.5263080756
1.5098756401
1.5115018315
1.5088514996
1.5298956956
1.5092294169
1.5082614417
1.5090643275
1.5068211823
1.4907624633
1.495821727
1.4919260129
1.4883549528
1.4843036109
1.4823217443
1.4873999407
1.4816513761
1.5071481209
1.5098212967
1.5189237138
1.5064168756
1.4985969576
1.4957125961
1.4912618483
1.4925860024
1.4969017409
1.4902453444
1.4911216336
1.4903321033
1.4871605667
1.4920588235
1.4832746479
1.4780644221
1.4593183466
1.4607672188
1.4583757083
1.4542299349
1.4756944444
1.4970947124
1.4997825141
1.5016058394
1.4993448828
1.4938127821
1.503570908
1.4965106136
1.4890468591
1.4706394084
1.4642701841
1.4682332463
1.4697255699
1.4712859829
1.4546633992
1.4467224949
1.4422579718
1.4406852865
1.4196556671
1.4113393115
1.4065440857
1.4063450674
1.4023847148
1.4266762797
1.408586659
1.4188034188
1.4267764298
1.4327797834
1.4301230992
1.4288614938
1.4278012531
1.4327315084
1.4325973271
1.4313071232
1.4285507036
1.4362445415
1.4723684211
1.4633469626
1.4456395349
1.4093211753
1.4081010453
1.4019721578
1.4124383879
1.4079254079
1.3973894126
1.3932567941
1.3885331781
1.3972044263
1.409501603
1.4051296998
1.4077755042
1.4132727805
1.4237089202
1.4265507588
1.4265354099
1.4272072866
1.418662748
1.4148529412
1.4247319724
1.4266081871
1.4059766764
1.3975868586
1.3873270211
1.3955788249
1.387134164
1.3840127666
1.4047930283
1.3953319803
1.3927066686
1.3977836104
1.4055279321
1.4008197921
1.3943249963
1.4024444117
1.4092184961
1.4178550208
1.4068750926
1.385319746
1.3811560012
1.3822922805
1.3891269021
1.3569226252
1.360619469
1.3404223896
1.3477874797
1.3531587513
1.3444840916
1.3351262513
1.333881825
1.3373080936
1.337561558
1.3525287185
1.3595639839
1.3417683834
1.3534918276
1.3570260223
1.343824228
1.3366781489
1.3391812865
1.3409192993
1.3542009885
1.3623079241
1.3752829335
1.3666967238
1.3996693221
1.3902548726
1.4040343218
1.3995809638
1.3849135361
1.393885689
1.4000887443
1.4090707638
1.4213483146
1.4129375277
1.4051584377
1.4098021848
1.410806049
1.4082501468
1.4057244025
1.4133685136
1.406007326
1.4048529412
1.3908045977
1.3828090385
1.3887900356
1.3908983101
1.3963883955
1.3949741316
1.4083901571
1.414211695
1.4080272512
1.4126819127
1.4203157581
1.4136343383
1.4029607698
1.4076263671
1.4070128717
1.3949903661
1.3876129797
1.3915367483
1.3863939529
1.3779713569
1.3597696057
1.3692194404
1.3775915307
1.3672332943
1.3763567028
1.3801640785
1.374503165
1.3655580192
1.3792744573
1.3720065447
1.351871025
1.3433788599
1.3503573556
1.3499331054
1.3405204461
1.3339264531
1.3456918286
1.3414959929
1.3460567355
1.3547046601
1.3517068125
1.3496606669
1.3377600708
1.3323976954
1.3256054341
1.3337789661
1.3413654618
1.3392194688
1.3351615772
1.3245731255
1.3177721968
1.3040918457
1.3217276333
1.3232129698
1.3118263694
1.287512961
1.2905225864
1.2778023926
1.273723168
1.2741672835
1.2822604568
1.2826345525
1.2747627521
1.2689388302
1.2595283998
1.2583518931
1.2753903346
1.3063988095
1.2978312537
1.3088475836
1.3177332536
1.3254313578
1.3273711108
1.3275471698
1.3165413534
1.3049454654
1.301737047
1.3050669072
1.3026296018
1.3053595556
1.3073912389
1.3102455289
1.2989237532
1.2884469409
1.2924385059
1.2687699075
1.271311971
1.2749395405
1.2633328297
1.2699014405
1.2522754854
1.2678053988
1.2840978593
1.2901990812
1.2934633552
1.3162576687
1.3137825421
1.3240343348
1.3116962645
1.3170245399
1.3160086366
1.3277037496
1.3304025914
1.3307585355
1.3242658423
1.3311597578
1.3287181083
1.3258094645
1.3196823419
1.308814401
1.3058132344
1.2983160822
1.2932122518
1.3094652735
1.3164770981
1.3264864865
1.3397386626
1.3524045152
1.3713138799
1.3601296096
1.359620969
1.3575581395
1.340912536
1.3375572519
1.3397465262
1.3303435695
1.348756068
1.3656682378
1.3613906679
1.3547060615
1.3807060256
1.3894720828
1.400940534
1.4037323623
1.4038374377
1.407524932
1.3900390039
1.4083345825
1.4077015283
1.4126604957
1.4153062753
1.4206265927
1.4295563549
1.4167289022
1.406782193
1.4142127404
1.4250485727
1.4245240594
1.4159903817
1.415060241
1.4084656085
1.4253742628
1.4158984434
1.4071460742
1.4169814171
1.4009376891
1.3900858822
1.3871841155
1.3797297297
1.3942857143
1.393140632
1.4067543335
1.4006885197
1.4165159735
1.4037445266
1.4097840858
1.3866827722
1.4001813511
1.4140922234
1.3978085527
1.4050749006
1.3859219587
1.4106867878
1.4133169684
1.3999384236
1.396374251
1.3914716749
1.4054718721
1.3908326967
1.397522178
1.417422031
1.4403527773
1.4416126043
1.4362540566
1.4346822588
1.4367637942
1.4398885966
1.4402165507
1.4388087483
1.4107749305
1.4187169106
1.4082046483
1.4022898369
1.4083007048
1.4165752781
1.4094488189
1.392123019
1.395869191
1.3950155763
1.3980856739
1.3902019095
1.3846879421
1.3866036249
1.3918128655
1.4075358663
1.4169288861
1.4105428796
1.4157408856
1.4102283391
1.3806190698
1.3872480075
1.3927846322
1.387137059
1.383942518
1.3777186669
1.3877678711
1.3806131929
1.396879345
1.3874264478
1.38438949
1.3893791609
1.3894801789
1.3707016191
1.3599386032
1.3685258964
1.3701945168
1.3634830599
1.3731961928
1.3725913365
1.3633559531
1.3608247423
1.3592592593
1.3590697674
1.3573979196
1.357904497
1.3613419514
1.3552995392
1.3451395278
1.347164592
1.3302017557
1.3344709898
1.3276635225
1.3264296754
1.3264392653
1.3159754224
1.3232525845
1.3006767149
1.2994931654
1.2989088674
1.3006736069
1.2904798172
1.2913433744
1.2893339402
1.2810695837
1.2927907331
1.2933859223
1.3104759009
1.3153002133
1.3221847192
1.3089430894
1.3074210365
1.3046922608
1.3020706456
1.3067819754
1.3093143204
1.3077506446
1.2842137312
1.2830102968
1.2811506435
1.2818071925
1.2777693819
1.2645990923
1.2885200974
1.2884527613
1.2978723404
1.3122807018
1.3010999083
1.3106945298
1.3147777949
1.3195384615
1.3404549646
1.3414972274
1.3461419753
1.343527958
1.3492454573
1.3520282729
1.3457528366
1.3399693721
1.3376166437
1.3398773006
1.3507909691
1.3544031912
1.3509174312
1.343445122
1.3482800983
1.3495473377
1.3749615029
1.3769254467
1.3810548977
1.3869431644
1.392333537
1.4080565806
1.4132244143
1.4103197899
1.4101254064
1.4137505781
1.4073617742
1.4035411855
1.4036654859
1.4019698369
1.4049752781
1.4138996139
1.4112903226
1.4077865674
1.3806109726
1.3835978836
1.3939582685
1.4175669328
1.4057517974
1.4312314192
1.4159637613
1.4244987469
1.4391617141
1.4461369347
1.4521301682
1.461091936
1.4557598617
1.430389692
1.4361752237
1.4488770221
1.4508725043
1.4495659037
1.437934302
1.4420688571
1.436588807
1.4360100376
1.436440678
1.4325210872
1.4356451109
1.4308077646
1.4300047029
1.4097026604
1.4234135667
1.4161084281
1.4228660924
1.4196386489
1.4253472222
1.4154863078
1.4066298343
1.3988057825
1.405635133
1.4088762984
1.4065899417
1.4243187904
1.4307133838
1.4333598094
1.4415377253
1.4331159536
1.4294136393
1.4287306896
1.4311033051
1.4260591527
1.4321205321
1.433563071
1.4043672298
1.4066231492
1.4015885624
1.4055643879
1.4017175573
1.4082283527
1.4055048808
1.4051503519
1.4047009914
1.4089891235
1.4046178344
1.4058935361
1.401928244
1.4096271826
1.4057377049
1.3978629793
1.395557656
1.4065743945
1.4003149606
1.4027777778
1.3999371168
1.4036654135
1.4028889936
1.4096084854
1.4188892375
1.4197764132
1.420447385
1.4170219485
1.406185567
1.3965270033
1.3984686553
1.406275012
1.4137765702
1.4055988548
1.4185787126
1.4170382166
1.4437170685
1.4359015345
1.4297111856
1.4279322467
1.4223959164
1.4199009743
1.4246925411
1.4208426428
1.4252910222
1.4125119085
1.4110311751
1.4195939413
1.4275572765
1.4234176196
1.4227119189
1.4109259853
1.4074727389
1.3901496861
1.3783394657
1.3786670918
1.3718050484
1.3650516283
1.3713785419
1.390033541
1.3876018533
1.3954384838
1.3887733888
1.3962264151
1.3966587112
1.3964336889
1.3874403816
1.3912420382
1.3884560343
1.3893579736
1.3954856144
1.3834789515
1.3849825008
1.4005427842
1.3920909382
1.3890499195
1.3885493728
1.3890757649
1.3782837128
1.3847622077
1.3814891253
1.3841897233
1.3952162205
1.3891797557
1.3858566682
1.3893384103
1.3964912281
1.4037237428
1.3959487261
1.3978460564
1.3972733037
1.3968705548
1.3936573051
1.3809148265
1.389135255
1.3950971028
1.3917065391
1.3874203822
1.3894736842
1.4054916986
1.3994582537
1.3999045953
1.3991710505
1.3982848976
1.3948627951
1.4029041008
1.4022933588
1.4046068308
1.3950832672
1.3968581403
1.3970890682
1.3988976378
1.3994646512
1.3997799088
1.3954766766
1.3985530041
1.3984326019
1.4061032864
1.4053420806
1.4135715405
1.4137660709
1.4142879426
1.4094033115
1.4350344396
1.4374019454
1.4328475161
1.4216394472
1.4236252546
1.4216923796
1.4177549751
1.4068879539
1.4146037677
1.4169776119
1.4221090011
1.4211256746
1.4130935915
1.4190928593
1.4182795699
1.4114311983
1.4126935459
1.4220759339
1.4335481891
1.4416142397
1.4216959511
1.4333944394
1.4460101087
1.4378544061
1.4488732178
1.4458403554
1.4507389163
1.4531633907
1.4520190388
1.451046798
1.4637277649
1.4599443242
1.4683974656
1.4709597905
1.4721246372
1.4771172267
1.4856273764
1.4732535233
1.4958225733
1.4919915382
1.5028857837
1.4979529947
1.5025962126
1.5024502297
1.4955684597
1.4818029542
1.5024375381
1.5013611615
1.5015202189
1.5111348383
1.5173312883
1.5496230189
1.5478314365
1.5554187192
1.5557787392
1.5658280599
1.5785356696
1.5718131433
1.5570490778
1.5694792974
1.5697508332
1.5393081761
1.5526854623
1.5511561609
1.5644288896
1.5644803549
1.5705619413
1.5269499049
1.5365199558
1.5263823065
1.526497877
1.5388731508
1.5343451729
1.5402658327
1.533676333
1.5353188835
1.5396600567
1.5339501333
1.5207394749
1.5104458996
1.5135429639
1.5129082426
1.5278943279
1.5271112496
1.5328137178
1.5282107232
1.5336343818
1.5454263084
1.5534315262
1.55936468
1.5340820465
1.5340944636
1.5301053294
1.5383886256
1.5562787744
1.5398384286
1.5356634509
1.533449312
1.5452249408
1.5476152999
1.5409655606
1.5448504983
1.557829605
1.5457991156
1.5358942065
1.5437322387
1.5675975881
1.5592469546
1.5643674507
1.5719516078
1.5591843237
1.5668474793
1.5622303882
1.5776784289
1.5694069009
1.5640171347
1.5641554322
1.5559612637
1.5551860649
1.5241758242
1.5291896145
1.522595778
1.536145523
1.5288687216
1.5262251448
1.5305642633
1.5315371437
1.5401939318
1.5392924233
1.5422381546
1.554153031
1.5490043559
1.5576323988
1.547515528
1.5703611457
1.5861906999
1.5870998117
1.5936858721
1.5878271839
1.5815748031
1.598320393
1.6013030351
1.5922053232
1.5906136039
1.5752128666
1.5734342956
1.5614090266
1.5613482438
1.5585968224
1.5636306434
1.5561120676
1.5491356487
1.5515953307
1.5634660422
1.5636534251
1.5766583229
1.57578125
1.5739238927
1.5692499222
1.582685732
1.5901639344
1.5945060091
1.5890728989
1.5909585211
1.5889475318
1.5926155756
1.5909020338
1.5952933891
1.59591268
1.610635982
1.6319172284
1.6530451246
1.6557377049
1.6520918528
1.6295654912
1.630696946
1.6320960699
1.6240049945
1.6432702829
1.6276579233
1.6341123665
1.6296867767
1.6259812221
1.622505373
1.6259963213
1.635359116
1.6405650238
1.6436129428
1.6432183908
1.641756901
1.6481594159
1.6520481194
1.6607361963
1.6494217894
1.6499311189
1.6347296268
1.633055345
1.6510464058
1.6388127854
1.6467193196
1.6433460076
1.6450229709
1.6438628711
1.6391563503
1.6456752656
1.6388804381
1.6345100426
1.6192063011
1.6255673222
1.6297411198
1.6248682824
1.6120316465
1.6120071685
1.6135684399
1.6080454613
1.6044920422
1.6130228419
1.6104951959
1.6148638705
1.6182835272
1.6128558849
1.6206391088
1.6259024606
1.6266784713
1.6116792649
1.5853514471
1.5744996294
1.5737122558
1.5675155463
1.5713017751
1.5708526206
1.57478917
1.5748927991
1.572080695
1.5682618908
1.5833822666
1.601586602
1.6068061285
1.5893990846
1.5845631641
1.5775290826
1.5763868288
1.5679447627
1.5808866706
1.5721146849
1.5608588423
1.5649331784
1.564165701
1.583903362
1.5787258743
1.5788481068
1.5805935409
1.5871705763
1.5873730044
1.606170863
1.6025845796
1.5938813977
1.5950281833
1.6010325541
1.5957990349
1.5949978684
1.5937632284
1.59785825
1.5892656951
1.5994152047
1.6003901352
1.6061700945
1.5982229627
1.5874569263
1.5722168575
1.5796248117
1.5896040278
1.5775141548
1.5799918996
1.6
1.6258953168
1.6308051663
1.6300466905
1.6276625173
1.63395189
1.613243762
1.6079934301
1.6098531632
1.5892178164
1.5928360612
1.5853526465
1.5952154411
1.5947899618
1.5910936654
1.58750506
1.5822750969
1.5867059769
1.5841040075
1.562149158
1.5744766506
1.5770433837
1.5691012761
1.5634358835
1.5553916309
1.5479989183
1.5388971282
1.5542772063
1.5638671348
1.5421073772
1.5352225638
1.5400589496
1.5275155112
1.5467744145
1.5563951092
1.5751832895
1.556366139
1.550700742
1.5575664764
1.5568970303
1.5663593182
1.5906976744
1.5909346057
1.5992662622
1.6018699414
1.5969878678
1.5888198758
1.5925259516
1.5916839917
1.5951212673
1.584096997
1.5732662192
1.5962645696
1.5899593325
1.5972475776
1.5877266388
1.5721835883
1.568473314
1.5652173913
1.5656146179
1.5680390789
1.5604547976
1.5528919861
1.5570169302
1.5601572371
1.5405519572
1.5338218715
1.5223358073
1.5181108944
1.5296015713
1.5222983364
1.5197450464
1.5129726746
1.5081944444
1.4961389961
1.4981463683
1.5211132438
1.524808114
1.5314504025
1.5282864171
1.5360230548
1.5422343324
1.5434188968
1.5282605721
1.5355825707
1.5356607119
1.5334412082
1.5462128347
1.557483731
1.5514536849
1.5489958215
1.5550589191
1.5665584416
1.5747064381
1.5765705042
1.565747188
1.5576793647
1.5707578806
1.5662234043
1.5729527874
1.5700483092
1.5593712852
1.5433892484
1.5535856047
1.5426603074
1.5307520084
1.5262605042
1.5389593238
1.5372564508
1.5384013561
1.543572271
1.5455375783
1.5435581212
1.5308852459
1.5315409836
1.5235725511
1.5274667369
1.527670356
1.5296542553
1.5257690771
1.5264072737
1.5231989425
1.5078678206
1.5104344402
1.5169899753
1.5203378817
1.5322643723
1.5429097122
1.5482570239
1.5520344288
1.548828125
1.5527756059
1.5538095867
1.5479002625
1.5551062997
1.5561077688
1.5551232166
1.5582909991
1.5683145193
1.5709086182
1.5911478855
1.5858019053
1.5866856995
1.6003668763
1.5971768396
1.6131599894
1.6174187607
1.6141040766
1.6328476821
1.6451014185
1.6521218571
1.6611260054
1.6521102383
1.6400688104
1.628563955
1.6315513627
1.6255719702
1.6350909329
1.6231227343
1.6274611399
1.6254366671
1.6236794641
1.6247758135
1.6373894089
1.6312129797
1.6331202046
1.6328164718
1.629841998
1.6218316138
1.6361765084
1.6343583755
1.6076903092
1.6098386257
1.6194826921
1.6417348396
1.6479896239
1.660916513
1.6476929144
1.6489028213
1.6676785007
1.6516868916
1.6527851459
1.6624664879
1.6778505547
1.6729794612
1.6787143238
1.6880892312
1.6863031915
1.690260777
1.6909162926
1.6907964135
1.6753024724
1.6797738033
1.6848866169
1.6899696049
1.6867533847
1.6814206915
1.6795299773
1.6870513161
1.668535576
1.6696177062
1.6685828877
1.6640813052
1.6408602151
1.6237623762
1.6247832466
1.6335354601
1.6343076313
1.6400580552
1.6214749106
1.6231328486
1.6313468733
1.6341105929
1.6360485269
1.6387399464
1.6408795867
1.6345130389
1.6431606906
1.6435894022
1.6326366559
1.6196490295
1.5989720611
1.5893979058
1.5957891984
1.6111911938
1.6192348008
1.5916677619
1.5789404496
1.5829954218
1.5986358867
1.6035330057
1.6068341976
1.6153125418
1.5921772794
1.6051888695
1.6089942103
1.6136669357
1.6183360258
1.6107881574
1.6102062975
1.6107491857
1.6086779108
1.6051990252
1.6122089875
1.6190345959
1.6332648871
1.6420345489
1.6397746014
1.6533406353
1.6685863156
1.665610361
1.6450006915
1.6494917142
1.6414701803
1.653659214
1.6492672715
1.6527487822
1.6647750865
1.6652282851
1.6558370044
1.6319178082
1.6480032935
1.6413934426
1.6644212263
1.6590379608
1.6632749966
1.6670305677
1.6617586912
1.6742818057
1.6651226158
1.6599537352
1.6561024949
1.6579265833
1.6512661638
1.6379661017
1.6443508963
1.6397379913
1.6567779151
1.6614227086
1.6538567493
1.6584628076
1.6544809712
1.6507979812
1.6410639164
1.6469707284
1.6350208138
1.6373567094
1.6361679225
1.6313947227
1.6266541906
1.6219495933
1.6306735477
1.6284464475
1.629418774
1.6342268586
1.6322096392
1.6346128479
1.6374191846
1.6313907285
1.6388154416
1.6355932203
1.6257676728
1.6253760628
1.6205000655
1.6186317322
1.6144229504
1.6011881188
1.6161213089
1.6079658985
1.6016206164
1.5985139976
1.594368442
1.6032760687
1.5881190727
1.5812549226
1.5879641822
1.6082514735
1.6144324467
1.617175171
1.6170438004
1.6304782203
1.6186174391
1.6118292205
1.6123088985
1.6092974667
1.601088647
1.5957474394
1.5937213865
1.5765212849
1.5764414297
1.5832133037
1.5758688525
1.5910050119
1.6020247173
1.5939338476
1.5804732189
1.5684949311
1.5668657492
1.5557843263
1.5699548678
1.5683221822
1.5833977829
1.592751364
1.5848081643
1.5778124188
1.5681701031
1.5803478712
1.5733316089
1.5815182369
1.571190354
1.5731613892
1.56277884
1.5655383049
1.5687722873
1.5667259786
1.5660282258
1.5650088362
1.559578252
1.5543779965
1.5478019902
1.5453745601
1.5536786787
1.5531994981
1.5488617784
1.5492993309
1.5537573705
1.5613881233
1.568666834
1.5703889586
1.568654301
1.5686250155
1.562731997
1.5623704426
1.5626840039
1.5598479274
1.5523078797
1.5552169673
1.5582447134
1.5574494175
1.5499515034
1.5528886745
1.5511943344
1.5423627685
1.5435744172
1.5423302598
1.5452477855
1.5487761194
1.5534447517
1.5493613465
1.5546007877
1.5626959248
1.5572537313
1.5461119014
1.5545400593
1.5524640415
1.561475893
1.5646851089
1.5754739336
1.5775216823
1.5765541741
1.5806528473
1.6075752128
1.6145808311
1.6211810168
1.6262515263
1.6253979917
1.6194906954
1.6354473943
1.6444664521
1.642865891
1.641009776
1.628704384
1.6453238294
1.6440073755
1.6660858743
1.6621471712
1.6642075495
1.6582340063
1.6574592358
1.6492528247
1.6412323986
1.6287396372
1.6303821964
1.6242979243
1.6274966303
1.6312337582
1.6100815419
1.5988762673
1.5972762646
1.5903917575
1.5869356388
1.5981696156
1.5915064493
1.5924025895
1.5999754058
1.59812392
1.5920731707
1.5984560716
1.6027939177
1.611664821
1.6154704351
1.6196868009
1.6166047088
1.6121212121
1.6158332299
1.6106348615
1.6092657343
1.6032922845
1.5935942173
1.5998999124
1.5991325898
1.5914656772
1.6013822041
1.6035459246
1.6141829903
1.6052018157
1.6089846154
1.6135045056
1.627197836
1.6369608329
1.638640873
1.6401735896
1.6348834341
1.6383534386
1.6274023559
1.6330720418
1.6293517038
1.6242625369
1.6207902736
1.6111511656
1.6143665022
1.6205609727
1.6120970663
1.6060057887
1.6139590854
1.6078950536
1.5989433237
1.5925925926
1.5854860026
1.5768903993
1.5764877693
1.5786715417
1.5758317025
1.5655230937
1.5777047584
1.5686464255
1.5666383186
1.5675048828
1.5679072605
1.5727361484
1.5750030514
1.5831189514
1.6051136364
1.5968021815
1.597029703
1.590937306
1.6062904028
1.6262790117
1.6177347243
1.621283449
1.6156610085
1.6146425921
1.6081784387
1.6156818748
1.6159900062
1.6148259454
1.6204947884
1.610860296
1.6170346212
1.6173271659
1.611394452
1.591224591
1.5881188119
1.5931700074
1.5986521902
1.5878015248
1.59451951
1.6055908513
1.5998228745
1.5984609562
1.592886871
1.5853227233
1.5822418136
1.587529976
1.594686907
1.5866920152
1.578775715
1.5660638031
1.5459215637
1.5258297979
1.5320024953
1.5266774959
1.5273111858
1.5309458448
1.5318618282
1.5349974912
1.5151174413
1.5168426345
1.50864445
1.4986996904
1.4959782205
1.509182793
1.4985818227
1.4942783315
1.4974029186
1.4825889012
1.4894010352
1.4950202877
1.4838987217
1.4828855355
1.4846550454
1.4840511357
1.4763676963
1.4802885213
1.4745951292
1.4663881037
1.4546674802
1.4659297947
1.4701276801
1.4604516363
1.4624501149
1.4705451884
1.4675987842
1.4656265236
1.4747796278
1.4766877125
1.4690771853
1.4694051682
1.4782448378
1.4871699975
1.4956864678
1.4835474006
1.480713246
1.4818369578
1.4973885582
1.5018790156
1.5021935169
1.4996360107
1.4996355685
1.4966085271
1.49494828
1.4851887243
1.480589504
1.4793764988
1.4821795336
1.4865820932
1.473614137
1.4730315435
1.4643755239
1.4642302639
1.4621329212
1.4753862738
1.4643199234
1.4545671357
1.4612559242
1.4733293909
1.4901378327
1.4891769743
1.4825374198
1.4770380918
1.4648853157
1.4605975065
1.4575225439
1.4482880756
1.4520628916
1.4485660109
1.4441555372
1.418251838
1.423625731
1.4267009586
1.4191777622
1.4113931454
1.4116407073
1.4143379318
1.4169806877
1.4079887548
1.3967258795
1.387995338
1.3973052138
1.412514758
1.4368495743
1.4231853418
1.4170877894
1.4101599247
1.4088249064
1.417721519
1.4336377654
1.4227910818
1.4099870145
1.4077864032
1.4116259875
1.4158181388
1.4250742721
1.4236470588
1.4130460241
1.4201661013
1.4222562773
1.4172874542
1.4127544417
1.4213999529
1.4139276425
1.4019212524
1.4021415824
1.39914469
1.3918149466
1.3942992874
1.392219843
1.3955099116
1.3942502684
1.3929678188
1.3906491041
1.3970518307
1.3862427609
1.3814287396
1.3828216546
1.3797423888
1.3685747664
1.3774201073
1.3767083285
1.3760214803
1.368384157
1.359804946
1.366855688
1.3635417871
1.3562992126
1.3698772864
1.3673068024
1.3788576693
1.3745249338
1.3840396131
1.3850341712
1.3890559926
1.3979258914
1.3928571429
1.3799345947
1.3835392865
1.3829291045
1.3835296862
1.3912431037
1.3788443616
1.3777777778
1.3756103232
1.3758584565
1.3852913969
1.3910300528
1.4076099604
1.4160549924
1.4121566335
1.4038864324
1.4061884343
1.3984656515
1.4080046404
1.4042873696
1.4068033551
1.4172138837
1.4093077371
1.3957324106
1.4137534499
1.4198914174
1.4098586694
1.4068790981
1.3931074095
1.3850824931
1.3913590125
1.3762816131
1.3835600777
1.3784000918
1.3700183234
1.3789728236
1.3744533947
1.3708070979
1.3772821817
1.3753177721
1.3725196124
1.3759407202
1.3784661794
1.3721626916
1.3705403235
1.3659711075
1.367194674
1.3728267127
1.3682755443
1.3550931748
1.3562734615
1.3512931034
1.3597464342
1.3638425768
1.3687813784
1.3641996558
1.3816307621
1.3821515609
1.3810961449
1.3852582705
1.3884908713
1.3933857539
1.4043142231
1.4129376304
1.4135565632
1.4075454122
1.4071270525
1.3966662781
1.404620231
1.4039967278
1.413010413
1.4101512132
1.4106976744
1.4149667793
1.4222378607
1.4278722908
1.4286710848
1.4100346021
1.3901067371
1.3860715925
1.3890542707
1.3900114811
1.3954346322
1.3947731983
1.4032719368
1.4030600594
1.4069106615
1.4052019165
1.4042117245
1.4074494663
1.4038026256
1.4043943662
1.4081266135
1.4132721576
1.4051224944
1.3974955674
1.3982741454
1.404340124
1.4100011063
1.4139234875
1.405774741
1.4074196389
1.4146046409
1.4290147401
1.4260869565
1.4235764236
1.4179735291
1.4367159498
1.4318742985
1.4370312325
1.4375349513
1.4329850579
1.4162414023
1.4085723779
1.4092617153
1.4154674283
1.4131967394
1.4115897323
1.4217874024
1.4267004182
1.4308498773
1.4229657626
1.4213186566
1.3998671538
1.3838716766
1.3959791181
1.4042032692
1.4110278492
1.4183799573
1.41142793
1.4056951424
1.4000442282
1.407523511
1.4070538021
1.4096263884
1.4124509254
1.4068671454
1.3981491805
1.4241951654
1.4192546584
1.4166482178
1.4145636465
1.4203495491
1.4274265361
1.4327334083
1.4446837452
1.4424125398
1.4348268839
1.425896684
1.4200680272
1.4179527916
1.4283284191
1.431372549
1.4435970404
1.4420595958
1.4354525739
1.4396679177
1.4428441824
1.4411033235
1.4444444444
1.4498868778
1.4420779806
1.4417164095
1.4535001691
1.437423107
1.4397218796
1.4426284563
1.4392112676
1.4286355476
1.4337498593
1.4368397393
1.4368432819
1.4372691662
1.4434302457
1.442494691
1.4286989511
1.4208069356
1.4185736503
1.4150859678
1.4201176862
1.4172126596
1.4226586773
1.4161593802
1.4199756664
1.424775822
1.423713746
1.4132094258
1.4152975133
1.4192609183
1.4237668161
1.4186800895
1.4232881318
1.4224282363
1.4149043303
1.4182590234
1.4272512115
1.4305023654
1.4277094972
1.4303274109
1.423914257
1.4151427297
1.4161373008
1.4097214516
1.4163224294
1.4219917475
1.4269536944
1.4323775119
1.4304553652
1.418813998
1.415505618
1.4202537381
1.4267363874
1.42414263
1.4229631315
1.4254810429
1.4293843177
1.4246216862
1.4277626812
1.4191879429
1.4158672836
1.4166103223
1.4161791179
1.4243886022
1.4240017895
1.431416676
1.4327386963
1.4468374518
1.4499829681
1.4354948034
1.4369282891
1.4444068561
1.4406454525
1.4491869919
1.4518861532
1.4589790337
1.4592440801
1.460180016
1.4596167009
1.4679487179
1.4698325304
1.470244238
1.4757392396
1.4788764558
1.4849103699
1.4864619916
1.4881248586
1.4957362138
1.5129551421
1.5256468972
1.5241907812
1.5197308394
1.5267447199
1.5266421681
1.5198804872
1.52145972
1.5275181724
1.5249422633
1.520985085
1.5143022583
1.5134884798
1.5238425124
1.5122903745
1.5186980609
1.5189902733
1.5151165474
1.5200835849
1.5245063879
1.5279099455
1.5370003496
1.5369744963
1.5490790394
1.5409836066
1.5414949971
1.5287477954
1.5307321659
1.5296331138
1.5225373661
1.518531592
1.5111682844
1.5113941802
1.5188102516
1.5187705303
1.5210241954
1.5180892167
1.5249646726
1.5383343178
1.5313792696
1.5302923149
1.5225798844
1.5316306019
1.531371854
1.5349852507
1.5331449429
1.5347156398
1.5280633345
1.5322618766
1.5417505626
1.5438180957
1.5258711721
1.5245766698
1.5220794393
1.5302482807
1.5290968343
1.5283919013
1.5316101991
1.5377954599
1.5241467379
1.5244454767
1.5265414928
1.5276166164
1.5412545095
1.5484022006
1.5458812485
1.5505406676
1.5450897073
1.5423629089
1.5501709704
1.5502951594
1.5358397751
1.5430076068
1.5503521127
1.5566148776
1.5583038869
1.564895368
1.5647515894
1.5469330855
1.5407158578
1.5428439092
1.5417633411
1.5504651163
1.5447286194
1.5456126116
1.5441704295
1.5422145329
1.5464108196
1.5472550382
1.5501333024
1.5447014153
1.5389573023
1.5376814934
1.5412412527
1.5352692352
1.5309623906
1.5392938497
1.5321723397
1.5322562422
1.5319869119
1.5354926081
1.5265993266
1.5231684057
1.5291872474
1.5216421241
1.5238628725
1.5225849732
1.5136212625
1.5102720711
1.5066445183
1.5029906956
1.5039274256
1.5009920635
1.4961325967
1.4983965498
1.5002224694
1.5048446375
1.4986722726
1.4934123847
1.4945808449
1.4815587267
1.4720043573
1.4588796186
1.46164711
1.4577426685
1.4565759514
1.4532195333
1.4527588813
1.4453024453
1.4426405763
1.4389513109
1.427191679
1.4272409779
1.4356362093
1.4280274987
1.4255680612
1.4180562931
1.4178518361
1.4176864957
1.4202991453
1.4217665278
1.4285104111
1.4378082779
1.4272804593
1.429620954
1.4385135861
1.437793929
1.4408993576
1.4413527397
1.4405744293
1.4301041003
1.4363925729
1.4390372638
1.4445740957
1.4398055174
1.4372687877
1.4290058725
1.4290809903
1.4423521986
1.453441723
1.4424445375
1.4448402305
1.4375586854
1.4389811045
1.440571846
1.4409801877
1.4490716459
1.4449210168
1.4313238036
1.4282441158
1.4437565582
1.4465895831
1.4616534928
1.4568571125
1.4460545801
1.4413807619
1.4511578947
1.4490803994
1.4519230769
1.4497637795
1.4473572939
1.4438231881
1.4327792973
1.4439953196
1.4499354005
1.4415277031
1.4327882778
1.4253360144
1.4324123273
1.4374336095
1.4322526138
1.4383878775
1.4349837065
1.4462713483
1.4501645261
1.4405528009
1.4382449109
1.4339086508
1.4292165511
1.4381904261
1.441997682
1.4519392917
1.4539515279
1.4436788809
1.4413228281
1.4342037362
1.4273794808
1.4279682834
1.4204545455
1.4170135012
1.410662391
1.4043083674
1.4110988681
1.4162411134
1.4196240072
1.4186722824
1.4176874813
1.4132485848
1.4121695761
1.4074369455
1.4103382896
1.3876128779
1.3872273221
1.3851975624
1.3885344066
1.3847277686
1.3818341292
1.3880261744
1.3863102233
1.3841053145
1.3926691363
1.374939759
1.387150564
1.3775865403
1.3832102604
1.3822591555
1.3857858243
1.3737854829
1.3757506434
1.3743467933
1.3692745377
1.3568224299
1.352573083
1.3456949968
1.3456665443
1.3713805343
1.3775356875
1.4018502457
1.408490111
1.4094926979
1.4347485048
1.4255298464
1.4404598153
1.4559779397
1.4676159399
1.4631983447
1.4625776551
1.4683269098
1.4763375511
1.4576672587
1.4745254745
1.471624462
1.4671868747
1.4939759036
1.4871742877
1.4806467913
1.4724678457
1.4830055472
1.4847474747
1.493542154
1.493408278
1.4678041844
1.4471724693
1.4536924939
1.4435062324
1.4307937774
1.4249553306
1.4179133858
1.4179883755
1.4254545455
1.4355629659
1.4423529412
1.4448627762
1.4584664537
1.4591917591
1.4570073137
1.478474169
1.4753390256
1.470323741
1.4777262649
1.4928398548
1.5095242946
1.5164644714
1.5103265846
1.5025630511
1.5101264521
1.5017457383
1.4911230388
1.4968740392
1.5002061006
1.4881325119
1.4768951978
1.4835407467
1.4761191047
1.4702197474
1.489965884
1.4739303483
1.4751441638
1.4741821842
1.4701747339
1.4617014835
1.4478490867
1.4517969767
1.4573798341
1.4568172731
1.4586241276
1.4800726466
1.4765215639
1.4951308582
1.4938485003
1.4950554995
1.50594331
1.4792498005
1.4660375504
1.4799412916
1.4789581106
1.487745098
1.4996049773
1.5153777247
1.5074965476
1.5150828076
1.521467526
1.5299222023
1.5248135256
1.5372040028
1.5302151911
1.5426937488
1.5721144229
1.5663164155
1.5787405542
1.584349073
1.5834614202
1.5694656489
1.5845778726
1.6108846311
1.6035094837
1.6075433231
1.6246017881
1.6012515388
1.5928149807
1.5803229062
1.5847876526
1.5879198705
1.5927390731
1.6118962888
1.6021363174
1.6160769073
1.6144738185
1.6085539715
1.5996393147
1.6106051407
1.5892082703
1.5971845148
1.6084900915
1.6212136665
1.591102986
1.5876970005
1.5850222943
1.5805273834
1.5702904397
1.5768210569
1.5711665818
1.5701398743
1.5541324795
1.5432754989
1.5644719489
1.5574018127
1.5606182256
1.5545864662
1.5514890204
1.5469580034
1.5563436563
1.5393314155
1.5563939635
1.5498721228
1.5493096647
1.560221322
1.5654289118
1.5618234184
1.5469924812
1.532108279
1.5455992044
1.5586939103
1.5545710834
1.5669538773
1.5872579001
1.6033622007
1.6013078574
1.5837682939
1.5843348951
1.5750511247
1.5827671402
1.5803061224
1.5832908293
1.5792366412
1.5718921111
1.5908165343
1.5760438891
1.5799392097
1.5782326713
1.5907390557
1.5963525836
1.6017915309
1.6160294418
1.6041055718
1.6026138452
1.5975572519
1.5990844354
1.5984887164
1.589912059
1.594662893
1.6048061389
1.6010253317
1.5927149004
1.5859961935
1.5895380299
1.5943064078
1.5901442308
1.5938194304
1.5855037351
1.5865355369
1.5994092483
1.6112701984
1.5980925033
1.5923124105
1.5977659356
1.5952234522
1.6138788193
1.6124895746
1.6148613291
1.6124381774
1.6061705989
1.5959833351
1.5842732496
1.5884795571
1.5756253326
1.5576188455
1.5638930163
1.5701540096
1.5630985316
1.5537673738
1.5487345744
1.5522529146
1.5342350844
1.539913983
1.5461619348
1.5577189063
1.5577497865
1.5537967914
1.5386250133
1.5277541472
1.5197697964
1.5109114249
1.5143466667
1.5066981031
1.5046940758
1.5049851506
1.5155816435
1.5174780184
1.5257887369
1.5439084394
1.5106963087
1.5274725275
1.5214596724
1.5192287758
1.5089026915
1.509299442
1.4959476309
1.4906740144
1.4885520458
1.4918015102
1.4902278372
1.4962954772
1.5101362579
1.5331014363
1.5617050533
1.5981241838
1.5691878703
1.5783327552
1.5983229007
1.5932929005
1.5871592116
1.5889870999
1.5964420617
1.6097012127
1.6122012579
1.6135640667
1.6173443129
1.6198207559
1.5808309842
1.57321972
1.5272443591
1.4996443812
1.4960248877
1.5077119332
1.5116858465
1.5078577337
1.5256364288
1.5133180668
1.5440236104
1.5495271279
1.5651211413
1.5466148049
1.5589175892
1.5624224373
1.6042889967
1.6112039059
1.5898100173
1.5977605512
1.5860115749
1.588568613
1.5755208333
1.5619200792
1.5836134977
1.5932821739
1.6160454833
1.6386478435
1.6253932301
1.6310032688
1.6351640065
1.6314762892
1.6601567359
1.6929846306
1.6841976815
1.7256881837
1.7077106993
1.7057160418
1.7
1.6968149769
1.6893215625
1.7044765255
1.7192274783
1.7251034819
1.721009633
1.6995127893
1.7032336791
1.6779026217
1.618207817
1.5936946511
1.6234259919
1.6223064172
1.6034031414
1.6243187598
1.6190826588
1.6393279403
1.6462062012
1.6567780698
1.642875
1.6331271304
1.6296859169
1.6348165889
1.6044461003
1.6100428659
1.6131717468
1.6042069632
1.5839237723
1.5830659097
1.5952882827
1.6029484638
1.5773195876
1.576362523
1.5934527486
1.588951083
1.5974362135
1.5995272456
1.601798651
1.6005964956
1.5878915962
1.5895428138
1.5850889365
1.5926391157
1.6007776245
1.593968969
1.5937889748
1.5998493787
1.5902743142
1.6106396453
1.6183431953
1.6260509637
1.6145673323
1.6151171774
1.6290965172
1.6390041494
1.6298484459
1.6433988945
1.645181958
1.6436488725
1.6482373827
1.6518697532
1.6676410778
1.6834958647
1.6861186988
1.6733841239
1.6556250767
1.6695791287
1.667364532
1.6505336312
1.6599419997
1.6696958223
1.6732961743
1.6694317197
1.6576643236
1.6629408843
1.6402966625
1.6407946693
1.6138735421
1.6158101795
1.6336512595
1.6089168888
1.5909090909
1.5940330958
1.5841836735
1.5964933942
1.6004197013
1.6107806691
1.6056251535
1.6076056679
1.5935413379
1.6014413094
1.6006727535
1.5807802776
1.5750267316
1.5767507663
1.5717815957
1.5597373666
1.5677004096
1.5674300254
1.578525827
1.5871441904
1.5895818734
1.596108767
1.5936433196
1.5737190659
1.5740569313
1.5729964559
1.580300273
1.5742841101
1.5767499437
1.5670738541
1.5479208361
1.5555431381
1.5427229021
1.5435255713
1.5458085452
1.5606495802
1.5580602595
1.5593993326
1.5591699383
1.5483443709
1.5536923931
1.5477105523
1.570260889
1.5645216207
1.5712826334
1.5749488985
1.5768623025
1.583106576
1.5993083573
1.6217491369
1.6075862069
1.6157144513
1.6215189873
1.6288194444
1.6314444961
1.6250860684
1.6277881041
1.624883829
1.62
1.6242283052
1.6217070601
1.631065707
1.6221085668
1.613331793
1.5877133106
1.5769273806
1.5791475557
1.5790414479
1.5744633769
1.5733939865
1.5623971024
1.5451193059
1.5425751166
1.5390608093
1.5412993797
1.5296490081
1.5231651873
1.5379548645
1.5374106095
1.5407367859
1.5422550278
1.5453076177
1.5377358491
1.538796387
1.5593612335
1.5478393382
1.550836411
1.5596843144
1.55906122
1.5600353474
1.5625959219
1.5492436609
1.5488860048
1.5387176458
1.5485510381
1.5646632238
1.5596851771
1.5624863686
1.5744867713
1.5693020179
1.5771056408
1.5748840292
1.550390117
1.5443283421
1.5613506829
1.570197177
1.576723579
1.5703512174
1.5872137197
1.5741019574
1.5711232233
1.5674265019
1.5793199614
1.5837919499
1.5815322063
1.5825835476
1.6004359673
1.6035839161
1.5886956522
1.5823114487
1.5649246553
1.568348426
1.5824569012
1.5721798862
1.5593687109
1.557914853
1.5587956627
1.5348084751
1.5299472432
1.5305343511
1.5307779262
1.5413782416
1.5449170124
1.5401339516
1.5625786164
1.5610897369
1.5741109829
1.5800315292
1.5831291937
1.5765458422
1.5865115277
1.5831999146
1.5930810811
1.5949654278
1.5681793914
1.5779289815
1.5812938923
1.5939211685
1.5847502376
1.5753237183
1.5660318125
1.5639461506
1.5649439145
1.5673862922
1.5681842189
1.5747683235
1.5868014902
1.5911282546
1.5803967082
1.5843577787
1.5819783909
1.593693598
1.589735416
1.5832540438
1.5760676621
1.5789252729
1.5882910393
1.5664387165
1.5590088198
1.5634027188
1.5525620708
1.5498893689
1.5487662819
1.5505606093
1.5424899086
1.5402627675
1.5358405657
1.5257435241
1.5188368885
1.5070734797
1.5026704367
1.5068234306
1.5108170552
1.500521594
1.4941678817
1.5127123114
1.5094796714
1.5074673959
1.4985965277
1.4934620174
1.4890427951
1.4831227998
1.4839674193
1.5006722515
1.5083177376
1.4957203259
1.4866140117
1.4795760881
1.4757560226
1.4740641435
1.4782699759
1.4787624541
1.4953517853
1.4974603175
1.4963921902
1.4985058698
1.4890238704
1.4810194071
1.4791113001
1.4786016949
1.4765442581
1.4757052451
1.4616621984
1.4659601798
1.4738079966
1.4634146341
1.4370666106
1.434480581
1.4263102725
1.4358037578
1.4238209767
1.41918981
1.4136207435
1.4159375
1.4282243583
1.4298078953
1.4404089892
1.4345074879
1.4109860329
1.4045257285
1.4133347073
1.4001236858
1.4009264025
1.4003080082
1.3930363543
1.4000820681
1.4039231796
1.4005294237
1.3965270684
1.3938470911
1.3875906527
1.3799979755
1.3756221432
1.3832891247
1.3747580727
1.3674556819
1.3593909667
1.3774691358
1.3720265442
1.3673594132
1.3743272063
1.3681662296
1.3632137443
1.352658456
1.3388049244
1.3388471178
1.3392857143
1.3548646745
1.3610025063
1.361840786
1.3622133599
1.3577146288
1.3703816484
1.3710301303
1.3412539936
1.3376571543
1.3316653323
1.3408224674
1.3348008805
1.3443621232
1.3322198603
1.330821023
1.3493289955
1.3360664035
1.3334696799
1.3231701057
1.3288800751
1.3263388663
1.3142505386
1.2943925234
1.2894549159
1.2766389284
1.2826917123
1.2827693909
1.2750671904
1.2934702861
1.3213444659
1.331988962
1.312400888
1.3247439353
1.3003402084
1.2967240655
1.2955644314
1.2885139384
1.287467226
1.2717650721
1.2707159257
1.2644645487
1.2578404546
1.2559798573
1.2514303547
1.2477282115
1.2501036484
1.2603641601
1.2695356738
1.2619389219
1.2704454274
1.266366151
1.2613671196
1.2565856647
1.2770946228
1.2887984981
1.2805725547
1.272294641
1.283701367
1.3015822449
1.3206285168
1.3358892439
1.3347182273
1.3319983137
1.3248213535
1.3221189008
1.3058337636
1.3053712153
1.3133850129
1.3156266117
1.3407600208
1.3605435012
1.3667334669
1.3548624239
1.3358364622
1.3367897138
1.3340946844
1.3406253225
1.3448990161
1.3461060481
1.3570242789
1.3416966581
1.3473856544
1.3543202293
1.3399877776
1.3372624733
1.3648148148
1.3582135524
1.3592746114
1.3478397322
1.3397288843
1.329038961
1.3398392652
1.3292720702
1.3245884774
1.3323981712
1.3333683106
1.3317565437
1.3423728814
1.3460516527
1.3406860158
1.346930149
1.3386483633
1.3533489761
1.3448239622
1.3489204845
1.339606946
1.3326433451
1.329296304
1.3191929643
1.3127971883
1.3191246629
1.3227398951
1.3335383354
1.3365888763
1.3432651803
1.3456026394
1.3427837699
1.3527047913
1.3812131859
1.3759142887
1.3841175262
1.3835967974
1.4007015372
1.4057343234
1.4016671812
1.4036772217
1.4007571107
1.4065296989
1.4062815593
1.4127581646
1.4099108229
1.4070921986
1.4026906737
1.3995184108
1.412888308
1.4169278997
1.4209243271
1.4237707453
1.4286737618
1.4320353437
1.4290259674
1.4244464851
1.4190807657
1.422580312
1.4188321614
1.415954416
1.4105530188
1.4160613398
1.4197168857
1.4241846463
1.4066186763
1.3963738355
1.3861088871
1.3765531062
1.3742701832
1.3835408442
1.3702063412
1.380952381
1.3828308636
1.3871230644
1.390626592
1.3875216992
1.3726555294
1.3506060606
1.3495106447
1.3501529052
1.3372793142
1.3380194972
1.3334348974
1.3265019088
1.3446992557
1.3373227396
1.3417734288
1.3369730058
1.3350161551
1.3348133199
1.3469552089
1.347533407
1.328164082
1.3312877264
1.3321182665
1.3351648352
1.3352330552
1.3272819473
1.3225090762
1.3193843678
1.3243570348
1.3116506795
1.3194277711
1.3277605366
1.32902456
1.3243885533
1.3334001002
1.3104373757
1.296834561
1.2864536678
1.2862538515
1.2841865531
1.2915103653
1.3173209706
1.3202769535
1.3123087553
1.3267130089
1.3426294821
1.3443457431
1.3515422886
1.3563332671
1.3616129354
1.3635276532
1.3609455701
1.3595326076
1.372307384
1.3688849277
1.3639331289
1.3511185904
1.3440221694
1.3397962212
1.3553858361
1.3624527927
1.3579828583
1.3375210209
1.3333333333
1.3362989324
1.3360946746
1.338519102
1.3454724409
1.3440448113
1.3481393742
1.3636995137
1.3572483023
1.3496812163
1.3422871046
1.3445992013
1.3491291233
1.3564337162
1.3584410536
1.3596884129
1.351078298
1.3465077981
1.3471098548
1.3517093601
1.3647449029
1.3723122239
1.3800298063
1.38274773
1.3955665025
1.3915085111
1.3914660403
1.3845701402
1.385546875
1.381414974
1.3769290877
1.3741582902
1.3722556829
1.3760667184
1.3698920586
1.3759194735
1.3703632335
1.3741725031
1.3714751583
1.3800956938
1.379969419
1.391985393
1.393442623
1.3906490015
1.3872238232
1.3779154166
1.3699875586
1.3834701279
1.3873179092
1.3878134834
1.3915783443
1.3915937619
1.4023109244
1.4065975853
1.4057077842
1.4115972288
1.4106193009
1.4238181993
1.4091260634
1.3917665249
1.382037663
1.3795886988
1.3661606457
1.3717590361
1.3701834417
1.3802488336
1.383248731
1.3855421687
1.3865464767
1.3793606064
1.3738747554
1.3784365522
1.3783836607
1.3840728769
1.3984764137
1.3941021385
1.3916117784
1.4023772408
1.4146866139
1.4275956284
1.4291446467
1.4300048709
1.4282221788
1.4157084389
1.405593038
1.4055588178
1.4013750363
1.394013739
1.3942705257
1.4026101462
1.4013912021
1.4004474273
1.401419405
1.3917990975
1.3983820047
1.4072429445
1.4123376623
1.4000582468
1.3992285439
1.3942159877
1.3954091433
1.3905063899
1.3823302469
1.3758511557
1.3710468134
1.3603525082
1.3526117602
1.3566634708
1.359481517
1.3501288291
1.3511384379
1.3463586233
1.345650938
1.3581483231
1.3639384732
1.3586350317
1.3687688822
1.3627134725
1.35788175
1.3754781943
1.3629750168
1.364658403
1.3783731689
1.3817188567
1.3936992466
1.406231454
1.4096313912
1.4046723421
1.4041292107
1.408847981
1.41871437
1.4172569854
1.4169774289
1.4179621745
1.4202584081
1.4219213283
1.4263251582
1.4243921724
1.4143700787
1.4310430054
1.4201096534
1.4141008041
1.4077764752
1.3943029948
1.3955979169
1.3994646044
1.385773727
1.3887023504
1.3741000099
1.3637632051
1.3555489141
1.3567540821
1.3597065239
1.3668802366
1.3521168169
1.3514022396
1.3576888712
1.3752001601
1.3869940415
1.3868011943
1.3926132837
1.3855090186
1.3919623683
1.4061270958
1.3983156581
1.3899423782
1.4079338142
1.3922183872
1.3965804837
1.391521197
1.4027107506
1.4041173443
1.4015628171
1.405562941
1.4050324675
1.401343238
1.3966656501
1.3956266451
1.3982048144
1.39931327
1.3971296668
1.4115618661
1.3966875379
1.4093799682
1.407054148
1.3877997811
1.3995924605
1.3976209841
1.3951775626
1.4033981076
1.397763091
1.3949392713
1.3838877022
1.3848423194
1.3923435285
1.386220232
1.38363302
1.3800775669
1.3837304848
1.3867624423
1.4033246753
1.4006629376
1.3986394558
1.3972975804
1.3895476965
1.3780146983
1.3732358092
1.3698685953
1.3648730964
1.3631552163
1.3638852276
1.3556972273
1.3548647558
1.3621781774
1.3628950051
1.3554049892
1.3459876543
1.3496053178
1.3456087721
1.35273937
1.3476234856
1.3469534788
1.3425431389
1.3323463345
1.3295315682
1.3326536854
1.3336733653
1.324122403
1.3222313036
1.3172070332
1.3171725402
1.3178145829
1.3108682453
1.3029531568
1.3043166205
1.3069977427
1.2998982706
1.2953177599
1.3077236601
1.2987092809
1.288692292
1.2905939591
1.3008706216
1.3067906225
1.3107957425
1.3123865241
1.3145568342
1.3149249219
1.3137490008
1.3197755961
1.3176435167
1.3124811728
1.3151122195
1.3145741703
1.3054148038
1.3070489845
1.3190727291
1.3212223771
1.3222951472
1.3208529382
1.3201079352
1.3118
1.3040135783
1.3060899033
1.3109737865
1.3154809221
1.318666003
1.3241027692
1.3297712973
1.3444178151
1.3388239992
1.339974101
1.3179082388
1.3116320299
1.305821884
1.3149105368
1.3143916617
1.3135118929
1.3144697721
1.2977839335
1.3056603774
1.2981188119
1.292879134
1.2985429676
1.3063188176
1.3068193033
1.3112983152
1.3108859754
1.3177728908
1.3256371814
1.3232724384
1.3246598471
1.3286070894
1.3251472497
1.3313361294
1.3216658404
1.3211100099
1.3086272166
1.2974771553
1.3059515502
1.3084512657
1.3125438684
1.3154517196
1.3107530091
1.3051371571
1.3115608095
1.2964536205
1.3001586043
1.3043132578
1.3095450491
1.3056356227
1.3047948591
1.2993110236
1.3025292786
1.3001176932
1.3065679012
1.301249877
1.2995459929
1.2978870458
1.3024181511
1.2981810953
1.3016508254
1.2976953908
1.2969484742
1.2904576727
1.2867875388
1.281384847
1.2871427129
1.2925688726
1.2989490868
1.3041526375
1.2978701722
1.2895277207
1.2901069519
1.2883467161
1.2833879558
1.2803364448
1.275418937
1.2772727273
1.2865156867
1.3017529215
1.2937382983
1.2916795228
1.2875
1.2884992264
1.2848036192
1.2832768013
1.2910210364
1.2909407666
1.2940694459
1.2886449892
1.2919381107
1.2935181411
1.2884240746
1.2894682817
1.2867291259
1.2803565939
1.2792247744
1.2851675631
1.2885516398
1.2822810591
1.2775526742
1.2706919258
1.2563868613
1.2514774811
1.2560204082
1.2501019992
1.2486244141
1.2458380145
1.2411973617
1.2450243704
1.2415086688
1.2394907033
1.2371788413
1.2318356608
1.2343606958
1.2307770857
1.2340728679
1.2403030303
1.2434336319
1.2300130404
1.2336842105
1.2317244142
1.2248514752
1.2353704813
1.2401319077
1.2377155387
1.2297901959
1.2185732712
1.2190381755
1.2253003674
1.2231257438
1.2148155474
1.2203573897
1.2183976261
1.2198280123
1.2316651861
1.2386487829
1.2492054033
1.2431574772
1.238543007
1.2406000197
1.237356776
1.2409172126
1.2397435897
1.2417939872
1.2385131138
1.2483906111
1.2407662083
1.2500244355
1.248096075
1.2507779074
1.2572431958
1.2553977825
1.2727713648
1.2758218245
1.2703360935
1.2734093345
1.2658450704
1.2693546812
1.2642192854
1.2673189824
1.2654466745
1.2646856919
1.2664502803
1.2680169108
1.2718160377
1.2729783037
1.2774016289
1.2744849136
1.2657560976
1.2600313173
1.2632559051
1.2652522487
1.2691101529
1.2658772874
1.2857283659
1.2855463008
1.2863734538
1.2937028208
1.2979823079
1.288196168
1.2878019684
1.2881558029
1.2905479589
1.2900290029
1.2965
1.2966110167
1.2894028512
1.2746695816
1.2742048061
1.2729710937
1.2723828514
1.2714114594
1.2720727927
1.2707916833
1.273419497
1.2779225988
1.281271943
1.2740837172
1.2766254487
1.2776613788
1.2788356096
1.2828212291
1.2879103441
1.2881423318
1.2847780757
1.2842115709
1.2879269261
1.2911618669
1.2974557742
1.2988095238
1.2970561998
1.2847366855
1.2799208704
1.2769716711
1.2822055632
1.287048874
1.2870507139
1.29785137
1.2951077862
1.3035767071
1.307631553
1.3073960699
1.307356299
1.3071966693
1.3074861001
1.314805608
1.3142970849
1.3153601273
1.3128730601
1.3128230616
1.2997433873
1.2922333925
1.286503007
1.2925746968
1.290099694
1.2905105164
1.3066614111
1.31366765
1.314898642
1.3123708296
1.3101883815
1.3158723907
1.3224461432
1.3225742378
1.3214817757
1.3299020588
1.3411894494
1.3570059518
1.354468599
1.3523274478
1.3601202405
1.3544720311
1.3649161342
1.3516077492
1.3546071001
1.3468208092
1.3383601318
1.3397873194
1.3496728737
1.3496741855
1.3471860605
1.3368072953
1.3452201068
1.3508345979
1.3558481013
1.3569249542
1.3457029259
1.3483950112
1.3526094535
1.3411426223
1.3427985648
1.3466803911
1.3408039478
1.3397528321
1.3385058062
1.3402806438
1.3477052892
1.3357326478
1.3365128205
1.3362405089
1.332545716
1.3303334015
1.3309550505
1.3250843645
1.3235354573
1.3268402707
1.3230532787
1.3263136373
1.3152895516
1.3074966941
1.2986273513
1.3034461726
1.3043345543
1.3062614353
1.3010752688
1.3016822051
1.3045284166
1.3240382658
1.3262310123
1.3296066673
1.3256876078
1.3259244292
1.3266133117
1.335410707
1.3467593539
1.3379558295
1.3412633306
1.3416837782
1.3393553685
1.3352832512
1.3364159474
1.3264327962
1.3238763474
1.326540957
1.3256095104
1.330173457
1.3173067231
1.3211369822
1.3172476325
1.3148427294
1.3205333868
1.3142227122
1.3130249975
1.3109719135
1.3143262987
1.3090076336
1.3111721053
1.3177195686
1.3198687718
1.324376987
1.3328154133
1.3332989691
1.3351591567
1.3374017377
1.3353747146
1.3406570629
1.3446712018
1.3433098592
1.3459520625
1.3532456776
1.3542679772
1.3576844262
1.351804519
1.3493423065
1.3533788605
1.3587288653
1.3557477111
1.3551734663
1.3583290881
1.3664184433
1.3662962585
1.3714907283
1.3728193879
1.3775113075
1.3753674927
1.3621321604
1.3656747695
1.3689473684
1.3694922367
1.3711427067
1.3687808983
1.3584945332
1.3585644717
1.3609730301
1.3461012312
1.350604309
1.3533568905
1.3581221437
1.3603293725
1.3641930462
1.3673639296
1.3597630677
1.3607083679
1.36210635
1.3599588266
1.3606016897
1.3603084833
1.3654122969
1.3617414519
1.3647034596
1.3658436214
1.3670597972
1.3785692036
1.3752981437
1.3795643154
1.3880441575
1.3815124317
1.3721719457
1.3709694035
1.3699607195
1.3688558447
1.36965503
1.3780651837
1.3793424318
1.3928386092
1.397054215
1.405513468
1.4076761304
1.4051298223
1.4051217464
1.3984686386
1.3938309296
1.3898947368
1.3923182442
1.3883208601
1.3856078884
1.3787417288
1.368968386
1.3747407715
1.372102649
1.3740702479
1.3741096315
1.3739660877
1.3771422672
1.375244568
1.3769714462
1.3848754995
1.392096326
1.3891458526
1.3893121911
1.3939206595
1.3904024768
1.3936926724
1.3930814372
1.3973550987
1.4032024793
1.4061306636
1.3966814387
1.3999175003
1.4040132396
1.4043238749
1.4040078912
1.4050435866
1.405237553
1.4000622342
1.3971044467
1.4061342116
1.4084970682
1.40815486
1.4181238428
1.4309879618
1.4389659126
1.441333194
1.4406142275
1.4388150319
1.4397741531
1.4183354193
1.4085168563
1.4082760058
1.4083019657
1.4096925482
1.4007314525
1.4023289971
1.4044849628
1.4097535396
1.4070278184
1.4111239133
1.4092619695
1.4088443888
1.4181246726
1.4042842215
1.4152471083
1.4271107832
1.4265808086
1.4303650559
1.4378046196
1.4382735639
1.4436297949
1.4405230148
1.4502026018
1.4535928144
1.4543422733
1.4590390966
1.459893617
1.4615221314
1.4632672533
1.4619310932
1.4548732633
1.4546031746
1.4598323252
1.4644948366
1.457911021
1.4585199403
1.4539375929
1.4524416136
1.4546614223
1.4573131786
1.4720410563
1.4694920669
1.4655117441
1.462756349
1.4549420151
1.443195078
1.4523479928
1.465326309
1.4663929112
1.4736899208
1.4880200392
1.4833242803
1.4962274467
1.4864953527
1.4850868568
1.4837719298
1.4860273973
1.486234507
1.5004982837
1.5262276786
1.5141086644
1.5173599556
1.5242079429
1.5233634437
1.512837687
1.5002221729
1.4997226229
1.4966792119
1.4996675532
1.5045353982
1.5027581642
1.5064045936
1.5035250055
1.4923651543
1.4997257268
1.5027982004
1.5013701633
1.5054728546
1.5225863596
1.5225025003
1.5281486426
1.5212624585
1.5239361702
1.5208008899
1.5271775451
1.5262517962
1.5243591166
1.5247030088
1.5171766265
1.5212952799
1.5387601198
1.5398446171
1.5390763766
1.5447777778
1.5330235646
1.5429015429
1.53918426
1.5498163197
1.5527783977
1.5488476672
1.5450778363
1.5526463019
1.5445710456
1.5314304753
1.5199026979
1.5208448524
1.5202560989
1.5209435626
1.5177508269
1.5154627789
1.5057130301
1.5067997368
1.507100721
1.5031022096
1.5160480349
1.523125822
1.5153972603
1.5175708324
1.5215621562
1.5209112921
1.5232058207
1.5199383124
1.5213317165
1.5242664902
1.5248180013
1.5275416713
1.5273549526
1.5137001315
1.5182305924
1.5196142888
1.5223454486
1.5203243125
1.5158937514
1.5173315893
1.5018961968
1.4990193942
1.4980943047
1.4941651216
1.4911345589
1.4913502339
1.4899956503
1.4900554288
1.4919891008
1.4948577681
1.4877384196
1.4813043478
1.4812201476
1.4801608871
1.478194671
1.4753902862
1.4801432292
1.4820669356
1.4878314962
1.4888402626
1.4913604549
1.4915791776
1.4828640035
1.478659535
1.4709845686
1.4699435764
1.4701216862
1.4724392361
1.4702051449
1.4757038809
1.4739746781
1.4612736661
1.4592680047
1.4593984962
1.4623632854
1.4552063288
1.4551952208
1.4602666667
1.4566443239
1.4554371002
1.4452826179
1.4471414883
1.4513066667
1.4526529305
1.4513792736
1.4492645491
1.4590796954
1.4581681843
1.4600236737
1.4533734422
1.4532559639
1.4516267583
1.4512182033
1.4468199398
1.4457689003
1.4476088125
1.4520977509
1.4519822837
1.4555024962
1.4597926896
1.4580610022
1.465626364
1.4644182493
1.4654170777
1.4604544461
1.4588569555
1.4726673985
1.4618324779
1.4617067834
1.4601943868
1.4580652198
1.4596009159
1.4552385101
1.4577495622
1.4548440066
1.4544359255
1.4493705528
1.4490557751
1.4442132925
1.436832934
1.4301997395
1.4280282455
1.426507333
1.4336428181
1.4288354898
1.4071296598
1.4098628347
1.4175800088
1.4221537106
1.4136079763
1.4280984439
1.4370846256
1.428476748
1.4244122171
1.4161837069
1.4159088419
1.4083625988
1.4138386955
1.4236480496
1.4162144202
1.415194935
1.4168155427
1.4151805617
1.4156484699
1.4099295538
1.4128399465
1.4086457278
1.4091519356
1.4136312849
1.4184381293
1.4158482143
1.4129681386
1.4193186912
1.4245527175
1.4427024588
1.4440941335
1.4365579303
1.442665464
1.4279466188
1.4197309417
1.4198113208
1.4218328841
1.4286517486
1.4259010522
1.4194627132
1.4116659203
1.4138553537
1.4164964829
1.4296296296
1.4218074209
1.4183731838
1.4109169315
1.4100760241
1.4133121669
1.4049017393
1.4169603274
1.4125747827
1.4070306319
1.4163652803
1.4238711141
1.4166760818
1.3922229715
1.4030710173
1.4011019903
1.4050561798
1.4148610323
1.4221180238
1.4154299309
1.4111883331
1.3992494883
1.4083304882
1.4039515761
1.4129187701
1.4172670097
1.4262106954
1.4280608716
1.4388356244
1.4481313308
1.4541966984
1.4408589669
1.4252233438
1.4225941423
1.4256457994
1.4138411519
1.4171122995
1.422889044
1.4148750726
1.4171614856
1.4104884557
1.4024107557
1.405552974
1.4099553886
1.4048544833
1.4078885215
1.4019909931
1.3963133641
1.4026559165
1.4115540702
1.408004779
1.4105540266
1.3837070611
1.3833253474
1.3883042334
1.3963724305
1.4320178152
1.4091359247
1.3957093254
1.4008941878
1.4096101316
1.4139476961
1.430469442
1.4359496247
1.4258933065
1.4242612367
1.4340452261
1.4233685519
1.4170212766
1.4122413363
1.4211055276
1.4272715784
1.4224331751
1.4203187251
1.4166666667
1.4155715348
1.4113475177
1.4210920905
1.4259073842
1.4263058527
1.4291477559
1.4131326949
1.3997249312
1.400425319
1.401630094
1.3957632399
1.3760407605
1.3766087717
1.369496657
1.3681027967
1.356835443
1.345083014
1.3475168297
1.3411734629
1.3517998468
1.3527834525
1.3563789152
1.3556405354
1.3620040181
1.3676967346
1.3639770172
1.3726692529
1.357187461
1.3720110748
1.3734450368
1.3602130087
1.3571698351
1.3690700893
1.3688084841
1.3686045064
1.35501998
1.3533900425
1.341043369
1.3340050378
1.3329134652
1.3312101911
1.3126081582
1.3102942972
1.3199853049
1.3137374725
1.3206434975
1.312614707
1.3132734773
1.3214416169
1.3199806366
1.319023569
1.3346107784
1.3558215452
1.3613885505
1.3514593678
1.3483808836
1.3630672926
1.3690157959
1.3569960092
1.3501936108
1.3463934819
1.3574071863
1.3655346214
1.375195477
1.3783849423
1.3625473658
1.3545709752
1.3578921688
1.357274628
1.3524993844
1.3539283938
1.3590608218
1.3621635095
1.3678633757
1.3703564257
1.3842437755
1.4014444029
1.4083593263
1.3886669995
1.3971393035
1.3896424168
1.3881861722
1.3850893407
1.3877400295
1.3887247661
1.3870450339
1.3873152709
1.3908045977
1.3926817289
1.3993350573
1.378021707
1.3858257961
1.3836276083
1.3767740343
1.3899355478
1.3922107103
1.3919819027
1.3922208281
1.3927044025
1.3987117959
1.3949247641
1.4088996557
1.3996946953
1.4157231904
1.4044857907
1.4030839811
1.4167205901
1.4084434084
1.4105495648
1.4081049487
1.4173024699
1.4192918511
1.4321261073
1.437287248
1.4485140772
1.4286822708
1.4231364457
1.4191157347
1.4347372539
1.4416677627
1.438960357
1.4340543392
1.4346684176
1.4391332896
1.4347995836
1.4470124754
1.4494163424
1.4566496665
1.4553174811
1.449751374
1.4417723173
1.4561495918
1.4661427636
1.4953935246
1.5225832013
1.5216464633
1.5157768606
1.4817354609
1.4772156915
1.4800528402
1.4851759125
1.490843949
1.4658491561
1.4773962614
1.4862275449
1.4787782626
1.4758000529
1.4886333598
1.503246323
1.5023891691
1.4956256628
1.4897905414
1.4916864608
1.4948711205
1.4861497681
1.4768985661
1.4908605737
1.5028708773
1.4902744471
1.5002002403
1.5150006727
1.497522432
1.4850775965
1.4838965153
1.4654178674
1.4686399791
1.4669885177
1.469201719
1.4710444674
1.4754927386
1.4811443433
1.4844357977
1.4658009771
1.4713639302
1.4719188768
1.4729466719
1.487804878
1.4586771447
1.4508099565
1.4525624179
1.4631495228
1.4498165618
1.4435961564
1.4402614379
1.4436730417
1.4321745949
1.4295496445
1.4296052632
1.428932659
1.4285524568
1.4182564918
1.4246448015
1.4343313373
1.4301333333
1.4264372416
1.4175209692
1.421509686
1.4250033214
1.4198106919
1.4180798504
1.416577967
1.413196754
1.4104983389
1.4159764894
1.4098798398
1.4200107009
1.4145396231
1.4584615385
1.4550200803
1.4671444024
1.4796847398
1.4965995647
1.4904016338
1.5107874124
1.5130494505
1.4968484516
1.5066188638
1.5097683505
1.5082811413
1.5253005312
1.5288461538
1.5069934912
1.5171076326
1.5179806362
1.5257889615
1.5124515772
1.5156271704
1.5024889381
1.5045706371
1.5102610638
1.5046205545
1.5156426156
1.5272778403
1.5365509455
1.5491173121
1.5490924682
1.5513297112
1.5604885057
1.5891742853
1.5831395349
1.5869880918
1.5920419764
1.5500285878
1.529852858
1.5417793594
1.5249613275
1.5284690004
1.5372191011
1.521611002
1.5255638045
1.5303689157
1.5305670816
1.5369938229
1.5460097155
1.5526352385
1.5644536653
1.5661087866
1.5810773095
1.5558937465
1.5425884956
1.5429481851
1.5260851705
1.5251097695
1.5348227831
1.509650924
1.5188809261
1.5155347814
1.4985070575
1.4779491342
1.4717823792
1.4578410311
1.4593249966
1.4668989547
1.4658136745
1.4622528858
1.4749029581
1.4609882104
1.498728076
1.4741014799
1.4726982862
1.4834445928
1.4789164665
1.4719729484
1.4682901419
1.4706497581
1.4648825065
1.4756564191
1.4810009268
1.4826075412
1.4762595621
1.4767960147
1.469618281
1.476901116
1.4856546688
1.4860459051
1.5010537408
1.4956761006
1.4982220466
1.481813458
1.472204308
1.4554759468
1.444828469
1.4458991144
1.4503209243
1.4500640205
1.441459706
1.4301767677
1.4372217275
1.4271363174
1.4286076591
1.42649659
1.4308819813
1.4224592221
1.4362837414
1.4435675811
1.4628172589
1.480046344
1.4653312789
1.4766705441
1.4808892356
1.4743523316
1.4688423487
1.4603052456
1.4606828764
1.4597938144
1.4621935484
1.457117024
1.4697088906
1.4722951681
1.472481282
1.4631233596
1.459646828
1.4521829522
1.4486212279
1.4527661795
1.4589390963
1.4637149594
1.4596362685
1.4669084316
1.4615285806
1.4520214944
1.4482276712
1.4406261932
1.4377868434
1.4409398544
1.4416302391
1.453064391
1.4530014262
1.4504376931
1.4489691382
1.4423520369
1.4459511321
1.4516046541
1.4474980555
1.4443862863
1.4457815566
1.442047817
1.4371187541
1.438517179
1.43272073
1.4350414079
1.4401298701
1.4378167641
1.4424582463
1.4510962321
1.4410809406
1.4402956048
1.4309812001
1.4349461668
1.4362999481
1.4354229115
1.4358773646
1.4376387619
1.4441664472
1.4515788083
1.4513274336
1.4522991543
1.4598655595
1.458050183
1.4629387114
1.4712899843
1.460081014
1.4483745124
1.4606771176
1.4573082489
1.457469152
1.4568819309
1.4475869227
1.4456957929
1.4445162124
1.4482714304
1.4513969358
1.4486638537
1.4580113344
1.4653721683
1.4600103199
1.4565076903
1.4582363589
1.457009467
1.4563461037
1.4572660742
1.4644966531
1.4678201599
1.4501169135
1.4418875242
1.4433744222
1.4487295241
1.4532178858
1.4616186628
1.4689501896
1.4804322045
1.4846965699
1.4782380013
1.4754163362
1.4753167899
1.4776336686
1.4717752572
1.4659877269
1.4780892223
1.486133122
1.4824260042
1.4814961671
1.4738017072
1.4727177335
1.4712131148
1.4783412573
1.4758330041
1.4741777836
1.4825434754
1.4684411648
1.4649285336
1.4605402542
1.4585810543
1.4459495003
1.4442693974
1.440555774
1.4386149003
1.4445031015
1.4490938166
1.4564198688
1.4519397414
1.4582386743
1.458294283
1.4641327623
1.4691771643
1.4794593871
1.4847512039
1.488680509
1.4911456936
1.4779175589
1.469537395
1.467731115
1.4642376983
1.4661806399
1.4586782467
1.4455218855
1.434741784
1.4332300229
1.4291886054
1.4234330962
1.4305910866
1.4235436893
1.424618707
1.4320670542
1.4187106286
1.4272092399
1.4211584875
1.4159115139
1.4180393199
1.4253375695
1.4229543039
1.4230463576
1.4025647805
1.3884863654
1.3967712298
1.3934942288
1.400315416
1.3909965269
1.3937291528
1.3988748995
1.3899211335
1.398283492
1.4089866415
1.4145681018
1.4121064721
1.4177627119
1.4095289806
1.4151351351
1.4183700914
1.4061534328
1.4001611387
1.3927383961
1.4014810897
1.396611067
1.3966177831
1.3949280148
1.3920896506
1.3976899856
1.3961149757
1.39489608
1.3967362924
1.4125347084
1.4176
1.4254239551
1.423812052
1.4133491
1.402743305
1.3993714809
1.4032575857
1.4007073618
1.4061807276
1.4083824492
1.4052364205
1.4021583669
1.4078688525
1.4088812755
1.4076852217
1.3978226653
1.3907925713
1.385641428
1.3819489863
1.3851590106
1.3905495366
1.3914525433
1.3896529142
1.3870034202
1.3908743241
1.3856543404
1.3844642389
1.3908709339
1.4083908656
1.4085333333
1.4069907593
1.4161973719
1.4198657718
1.4185110664
1.4218054244
1.4295365491
1.4369023569
1.4324687542
1.4325600216
1.4298977395
1.4280954285
1.4328
1.4326923077
1.4429315178
1.4416588879
1.4378500934
1.4445781522
1.4522122711
1.44806844
1.4374916433
1.4228366343
1.4230411068
1.427366448
1.4300469484
1.4291275168
1.4285714286
1.4200160772
1.4142761841
1.41391258
1.4107784431
1.4115614618
1.4140364895
1.4161903496
1.4340431231
1.4420358153
1.448638447
1.4448047561
1.4653331531
1.4892546246
1.4801959984
1.4825517993
1.4881911263
1.4898210138
1.497459838
1.4973254698
1.5074175824
1.5060983966
1.4989716166
1.4975261132
1.4844966535
1.4890380926
1.4986275048
1.4975436681
1.5050958011
1.5157866086
1.5129181398
1.5155742145
1.5174929083
1.5118195326
1.5054545455
1.5100282676
1.5049145011
1.5020836134
1.5048478319
1.5185135135
1.5132289417
1.5198921106
1.5165768194
1.5164155005
1.5222972973
1.5137032537
1.5049052547
1.5077420224
1.4829229547
1.4895613108
1.4812649482
1.4804181
1.4748876553
1.4762473461
1.486464862
1.4768334657
1.4846194643
1.4816580585
1.4925451907
1.4847970769
1.4886689242
1.4825928813
1.4766610324
1.468244729
1.4722763277
1.478125809
1.4670781893
1.467800103
1.4791828291
1.4532383255
1.4508979748
1.449955713
1.4545454545
1.4629887385
1.4513731418
1.4637061266
1.4639227005
1.4567530354
1.4571714393
1.4546478168
1.4603731063
1.460686738
1.4749000999
1.4793233083
1.4888972525