1.9265306122
1.9121643481
1.8904241645
1.8489575044
1.8402646503
1.8258125592
1.7987215466
1.8057160706
1.8483119353
1.8442480669
1.8257718967
1.8299416312
1.81687275
1.809724828
1.8010552452
1.8327272727
1.8320925075
1.834812936
1.8250199203
1.8206929586
1.8058206107
1.7745483111
1.7679324895
1.7669524552
1.7406722171
1.7302904564
1.7389768014
1.7476404147
1.7582519758
1.7407464528
1.7450889404
1.741016109
1.7567525126
1.7709875571
1.765642238
1.7361742128
1.723507346
1.7183010618
1.7368587714
1.7710766277
1.7800581771
1.7673853137
1.758654001
1.7462303497
1.7301536492
1.7265052565
1.7272727273
1.7095507383
1.7224496222
1.7312893082
1.7193644801
1.7352054577
1.7517164298
1.7586151883
1.7485696122
1.7295537558
1.7206183941
1.7082095387
1.7036573929
1.707416719
1.6950969573
1.693961429
1.7122807018
1.7037679332
1.6949685535
1.6989128722
1.6970704671
1.7220457433
1.7161516406
1.7255278311
1.712924738
1.7048561999
1.6931657502
1.6941084053
1.6787224049
1.6549165121
1.6308518803
1.640407785
1.6406612081
1.6285889759
1.6279141104
1.6311083706
1.6360983103
1.6296068796
1.6079234973
1.6009986382
1.5907585792
1.6055018138
1.6238296587
1.6171326058
1.6064352748
1.6115516983
1.5960965435
1.598320084
1.5944569288
1.6045146727
1.6027335536
1.591593382
1.604914079
1.6047741351
1.6037306642
1.605215282
1.6127607736
1.6104615385
1.6124305984
1.5943295019
1.6082537727
1.6239900559
1.6054305663
1.5911610718
1.5719927096
1.5605279126
1.5845476624
1.5885835737
1.5805039988
1.5873589165
1.5715362581
1.5824209246
1.566539924
1.5722103983
1.5893349678
1.5940777298
1.577299114
1.5674567001
1.5773899848
1.5805475722
1.576029166
1.5714068441
1.5615151515
1.5344208321
1.5316890882
1.5329835082
1.53714543
1.5369339552
1.5351879699
1.5304282494
1.5340891912
1.5448747153
1.5521593674
1.5405160706
1.5458263899
1.5807491557
1.6072474942
1.632501163
1.6341274752
1.6197378566
1.6448180136
1.6487115803
1.6519311308
1.6479176272
1.6370869033
1.6419791026
1.6355297355
1.6343091157
1.6484422724
1.6455172414
1.6388251492
1.6504914005
1.6404684851
1.6375115491
1.6223143033
1.6276956254
1.6205515329
1.6269534272
1.6697045883
1.6703227828
1.6520918528
1.6551886792
1.6476070131
1.6563590232
1.653961727
1.6518167457
1.6550484526
1.6573218481
1.6673946958
1.6403400309
1.6419599938
1.6353941267
1.6316114109
1.6148545176
1.5968706857
1.5847418913
1.5793735676
1.6024356405
1.6120142437
1.6054946751
1.6174089069
1.6165739023
1.6064466616
1.6
1.5997548268
1.6009181331
1.6087089381
1.6276970161
1.6335375191
1.6390161931
1.6173939302
1.6130638105
1.6162104945
1.6207261725
1.622229017
1.625248357
1.6408181957
1.6661514683
1.6566246542
1.6791402505
1.6833773087
1.6689782709
1.6650154799
1.6675408824
1.6399692544
1.6394902503
1.6264023359
1.6377622378
1.6295320731
1.6501018968
1.6447821999
1.6428905884
1.629094861
1.6250588051
1.6267000156
1.6257649459
1.6288579038
1.6285312939
1.6195956454
1.6049766719
1.5969040248
1.6066365477
1.6284597342
1.6134690681
1.6132311542
1.6196453789
1.6148404339
1.6076850095
1.6047499214
1.6007245235
1.5838431373
1.5812529439
1.5815781201
1.5846493999
1.580334596
1.6083674111
1.6066320918
1.609587968
1.5961237887
1.5941869599
1.5970007893
1.5846710733
1.5829532945
1.5784069695
1.5686060983
1.5706047382
1.5685878515
1.5649945644
1.5710746361
1.5715840199
1.572248062
1.5609680422
1.543528328
1.5360367253
1.5303606757
1.5447523853
1.5698400609
1.5763486742
1.5708613317
1.5721263929
1.5637000914
1.5680194558
1.5645234838
1.5385999101
1.5220588235
1.5223025919
1.5221052632
1.5255463451
1.5258025803
1.5220211161
1.533751722
1.5348517273
1.5359938603
1.5102258852
1.5447205952
1.5299212598
1.5365622032
1.5365968834
1.5515132507
1.5438180957
1.5406638351
1.5586935942
1.5630119723
1.5652242828
1.5665447607
1.561096065
1.5641392465
1.5646517531
1.5608289828
1.5655007949
1.5734332642
1.6082721175
1.6162903226
1.618551668
1.5806818182
1.5850629188
1.5710107247
1.6022035849
1.5931421035
1.5839224067
1.5941137346
1.582158846
1.5741469816
1.5708949164
1.5693359375
1.5641442027
1.5704053394
1.5822599054
1.5864329019
1.6029387486
1.6007579502
1.5831420138
1.588410104
1.6032060816
1.6096997691
1.5777850483
1.5652881797
1.5544312061
1.5669497061
1.5783053083
1.570887535
1.5957762745
1.5880217786
1.5907733156
1.5966022652
1.6061163102
1.6063454759
1.5976202447
1.5929085131
1.5956841753
1.6109704641
1.5952620968
1.5738255034
1.5795952782
1.5828272605
1.5798051075
1.5564163018
1.5691444123
1.5448510638
1.5567521368
1.5720178756
1.5429107661
1.5092045263
1.5065044771
1.5104377104
1.534760274
1.5534612748
1.5652398143
1.5600553825
1.5688942473
1.5929481585
1.5696202532
1.5710262278
1.5608178958
1.5616390584
1.5730688935
1.5792874607
1.5919650655
1.5965589888
1.6271186441
1.6200209644
1.6150649351
1.635250918
1.6227074236
1.6294889503
1.6261810685
1.6207306712
1.6253592561
1.6267641558
1.6255754476
1.6159052453
1.608739327
1.6004337671
1.5832502493
1.5853337718
1.5940199336
1.583195227
1.5672534042
1.5722921914
1.5725319006
1.5709023941
1.5691949434
1.5665670651
1.5787637089
1.5982934583
1.5858215179
1.5913348946
1.6151761518
1.6102182372
1.6062711864
1.6106883139
1.6173469388
1.5987769662
1.5989414376
1.6042451215
1.5935264055
1.5983901353
1.5978826796
1.5968739265
1.5982599795
1.5899795501
1.6041025641
1.5940778342
1.58630649
1.5700203943
1.6014155015
1.5892487939
1.5672153635
1.5478959973
1.5553078374
1.5488657684
1.5407622629
1.5550561798
1.559374463
1.5606008287
1.55855546
1.5654261705
1.5490262489
1.5437057037
1.537913486
1.5317595109
1.5453606473
1.5683842795
1.57629785
1.569292297
1.5757522743
1.5656370656
1.555904413
1.5406016345
1.5600832322
1.5605770902
1.5574057844
1.5367751061
1.5672283973
1.5558352814
1.5389018065
1.5402648533
1.554576515
1.5719752187
1.5759853346
1.5739339118
1.5640883978
1.5764508929
1.5804311774
1.6114170338
1.5911491532
1.5992005814
1.6017811705
1.6079359301
1.6293357934
1.6105108954
1.618897929
1.6258376768
1.6233426704
1.6257726166
1.6179544606
1.6288872237
1.6248830683
1.6274472892
1.6177081367
1.620584304
1.6388140162
1.6077263117
1.6131568853
1.5969329799
1.5873196659
1.5949342982
1.590865292
1.5995766789
1.6035898415
1.6078244275
1.6356454721
1.6475331158
1.6456934587
1.6425175889
1.625498008
1.6250946253
1.6188579017
1.63001712
1.6545175523
1.6524074429
1.6505490272
1.6463133641
1.6459818848
1.6394610202
1.6523688828
1.6521057786
1.6050931205
1.611814346
1.6040473463
1.6158513462
1.6408045977
1.6428844682
1.6568441065
1.6286778399
1.6324205109
1.6257838436
1.6275155507
1.6224172609
1.6192568186
1.6227079089
1.6185205682
1.6241648107
1.644045858
1.6471666972
1.6490579978
1.6360125069
1.6531244307
1.6464755724
1.660971223
1.661637931
1.662254025
1.6684578184
1.6755877034
1.6867145422
1.6812813171
1.6926654741
1.6773162939
1.6752695775
1.6680657573
1.6746115819
1.6714589989
1.6905531609
1.6972232111
1.7082509437
1.7022583559
1.6902320561
1.6893925657
1.696849685
1.6808396125
1.6857913669
1.6966353111
1.6993212255
1.6931547073
1.6980298288
1.6900864447
1.6941348438
1.6965165056
1.6971335857
1.6943690024
1.7047515415
1.6931342196
1.7091341754
1.7131132251
1.7285447761
1.7248932616
1.7213268366
1.7372897373
1.7261292167
1.728490566
1.7410697411
1.7378176954
1.7325581395
1.7259881612
1.7423780488
1.7428680835
1.7413760244
1.755661275
1.7620670074
1.7626062323
1.7794371051
1.7996525767
1.8194308145
1.8247058824
1.8303518773
1.8231132075
1.8154549066
1.8417222559
1.8275303644
1.8062626263
1.8027265437
1.8065934066
1.8110076892
1.8043522473
1.7920851748
1.7933520224
1.7945619335
1.7983397449
1.7884263959
1.8017612124
1.8235659557
1.8362813657
1.8458700553
1.8282684071
1.8216227099
1.8253036437
1.7924071082
1.7623585468
1.7517187193
1.7485242031
1.7345340642
1.748064324
1.7620655412
1.7461809636
1.7428681573
1.7756638922
1.776829994
1.778438367
1.7805890492
1.7484264359
1.737254902
1.7234658433
1.7193926581
1.7110427087
1.7228428351
1.7162683115
1.7101953956
1.6916602907
1.6783536585
1.6831797235
1.6868608914
1.691108545
1.6920428462
1.6707063056
1.6602952309
1.6583427923
1.6495416348
1.6564606201
1.6540165671
1.6459532029
1.6514219831
1.6577012384
1.6746729154
1.6736592123
1.6652233812
1.6687068115
1.6684996072
1.6437718277
1.6398763524
1.6183584079
1.6128538638
1.6205578907
1.6108067259
1.6376591298
1.6411865374
1.6449704142
1.6378119002
1.6483665185
1.6526437669
1.6567222007
1.6669247145
1.6572580645
1.6654433069
1.6580188679
1.6616983722
1.6562928166
1.6366968937
1.6328698339
1.6256320498
1.666601024
1.6596119929
1.6745098039
1.698657188
1.6905518063
1.6807881773
1.6817466562
1.6913823703
1.6957028971
1.6946876824
1.719156484
1.7132164664
1.7227683838
1.7334515366
1.7304810726
1.7282243729
1.7290883923
1.7190082645
1.7011605416
1.6989992302
1.7055984556
1.7029951691
1.7028704422
1.693626035
1.747700137
1.7367398485
1.7327802431
1.7343449866
1.7231147231
1.7361137441
1.70999627
1.7140443109
1.7191392978
1.712605042
1.7163786627
1.7174076865
1.7215715905
1.7204910293
1.715984148
1.7166697919
1.7176292941
1.7192650123
1.6992135047
1.7084934666
1.7136294028
1.7404844291
1.7511682243
1.7580242168
1.7564425499
1.7658252427
1.7857558704
1.8377569347
1.8600483286
1.8913484972
1.8728265265
1.8749742533
1.8644516918
1.8662755412
1.8834693878
1.8836923077
1.8464814439
1.8523828756
1.852061439
1.8392928887
1.8368452739
1.8067375887
1.8088958866
1.8243512974
1.8156847134
1.8041257761
1.8145048815
1.7623109732
1.7709551657
1.7607170694
1.7742632613
1.7676886792
1.7551703762
1.7527072258
1.7592592593
1.7719714964
1.7741101611
1.7889218595
1.7961165049
1.7906330621
1.7761399371
1.7732729778
1.7673364854
1.7456703639
1.7400504756
1.7310304677
1.7400194742
1.720661793
1.690197583
1.7016563945
1.7013112225
1.6940026825
1.6898006135
1.697290025
1.7001548587
1.6972565688
1.6979126401
1.6976296011
1.6885528331
1.7016299137
1.7130166087
1.7196315486
1.7209571594
1.7246994959
1.7132082769
1.7237856592
1.7282798834
1.7258252427
1.7308066084
1.7209525639
1.7222436392
1.740227229
1.7456089558
1.7478193448
1.760101503
1.7763262074
1.7456192164
1.7228773585
1.7247688373
1.7276302852
1.7406532861
1.7276637341
1.7439764936
1.7483300589
1.7553873034
1.7449494949
1.7237399
1.7217726397
1.7010682945
1.6939786585
1.7065238186
1.7081734459
1.7264825188
1.715387582
1.7124563446
1.7123420797
1.7187257187
1.7094777563
1.7029264536
1.6946315182
1.6891839877
1.67124613
1.6684740511
1.6891971088
1.706695635
1.69420347
1.6941986234
1.7017989832
1.7059516794
1.7041977246
1.7128205128
1.7081377152
1.7124463519
1.7238600629
1.7145383104
1.6886354851
1.6902826171
1.6826162454
1.6911963013
1.6825734158
1.6842716193
1.7128074971
1.6942712393
1.6804987337
1.6739046142
1.6786682153
1.6718810351
1.6726224784
1.6718539866
1.6749569543
1.6732522796
1.6729079098
1.6804143487
1.6814516129
1.6838461538
1.6862932518
1.6808307927
1.6789043181
1.6827033219
1.6656615153
1.6634651601
1.6481551205
1.6542814032
1.6585919758
1.6545316648
1.6319535494
1.6326836582
1.6456074766
1.6422961855
1.6561324304
1.6557253348
1.659442141
1.6599582305
1.6645210148
1.6588168802
1.6524014203
1.6465743167
1.6562558796
1.6584037559
1.6517292674
1.6517375952
1.6501111935
1.6444567833
1.6497217069
1.643396574
1.6504408523
1.6556864188
1.6765799257
1.6747771174
1.6803187546
1.6818266542
1.6997960319
1.6972952946
1.6969190794
1.6752405625
1.6740972734
1.6757898604
1.6680080483
1.6507588225
1.6559139785
1.6582969432
1.6680550525
1.6665461121
1.6546697859
1.6573013601
1.653474212
1.6569526893
1.6529147982
1.6502042992
1.6564993793
1.660774262
1.6439929329
1.6426820728
1.6419130435
1.6390635919
1.6442240779
1.6521358543
1.6579873329
1.6657278648
1.6553474532
1.6583391977
1.6865086437
1.6932735426
1.6838561049
1.6884173298
1.6870295817
1.6919191919
1.7047120419
1.7050157839
1.7518235189
1.7503988654
1.7563010295
1.7587680256
1.7491555556
1.7525902108
1.7586702606
1.7495505214
1.7482715831
1.7452531646
1.7425899788
1.7732235547
1.7662917336
1.7961476726
1.8087706686
1.8317621465
1.8231033858
1.8252968694
1.839562443
1.8283293424
1.8475519288
1.8497227357
1.8456801642
1.8122917438
1.8061561011
1.8030191458
1.8224610823
1.8314169139
1.8590325019
1.8277039848
1.8161476785
1.8103803635
1.811683464
1.8110761252
1.8196325849
1.8315358869
1.8109351988
1.8049495875
1.8059811704
1.7892811414
1.7974660301
1.7947387921
1.7886313466
1.7895511405
1.775049648
1.7781204644
1.7839259797
1.781431686
1.7842391304
1.8165388828
1.8220915273
1.8288454445
1.7986466715
1.7919254658
1.7796672152
1.7763589931
1.7739775606
1.765849228
1.7686703097
1.7716060661
1.7866398978
1.7840682272
1.7920629115
1.7973495306
1.8042998897
1.7992647059
1.7917355372
1.7990800368
1.8203427308
1.8167741935
1.8067180617
1.8086080586
1.7898683248
1.7856363636
1.7875685558
1.8014585232
1.8037280702
1.7956284153
1.8049048316
1.791773309
1.7898669583
1.7655937443
1.7672304055
1.7563131313
1.7720694645
1.7669077758
1.75449964
1.7591424968
1.7595276436
1.7712230216
1.778119349
1.7832041809
1.7843979245
1.7767665953
1.7790428749
1.7729941292
1.7829621774
1.792462845
1.8029951863
1.8006063849
1.7985354528
1.7838365897
1.7897444996
1.789557805
1.8010752688
1.7920685959
1.7766316913
1.769694819
1.7743030736
1.7704947312
1.7800934244
1.7737330478
1.7740899358
1.775298947
1.7830441781
1.7859818085
1.7809048807
1.798679279
1.7912966252
1.8031088083
1.7994289793
1.8010258224
1.8048910154
1.8036723164
1.8133168492
1.8128872367
1.8094396323
1.827991453
1.8249332146
1.8288959886
1.8305807139
1.83880703
1.8552842631
1.8582830791
1.8773905273
1.8703703704
1.838217013
1.8412024757
1.8174713442
1.8114554318
1.8265855778
1.8178193794
1.8115991764
1.8070145423
1.810454156
1.8088310799
1.8068472151
1.8012170385
1.8085646581
1.8218595954
1.8300051203
1.8233401084
1.8302364865
1.8385019488
1.8399320306
1.8360433604
1.8350357508
1.8295260825
1.8435467306
1.8399526787
1.8267729895
1.8332769699
1.8288761002
1.8197526681
1.8214346278
1.8171806167
1.8181056161
1.819317798
1.8179048908
1.810943588
1.8064895763
1.8088874039
1.8059227037
1.7817191883
1.7823645971
1.776863584
1.7770616427
1.7741776316
1.7700195313
1.7758761206
1.7813311688
1.7868985696
1.7913610432
1.7962632006
1.8263819927
1.8552675867
1.8297156318
1.7962188389
1.7905918058
1.7905018525
1.7895537525
1.7888177838
1.7839579447
1.790110999
1.7861814523
1.786180358
1.7819849875
1.7952729694
1.8025793651
1.8040026464
1.7944657443
1.7903951976
1.7819361277
1.7787447699
1.7782405865
1.78
1.7828024426
1.7786410977
1.7842000662
1.7808377309
1.778558588
1.7729791395
1.7707452001
1.7689677629
1.765625
1.7703140175
1.7768475286
1.7899772948
1.7733505404
1.7777061856
1.7833865815
1.779395474
1.7804568528
1.7790203182
1.7796610169
1.7823353764
1.7839726666
1.7829866501
1.784468118
1.7757211168
1.7781380269
1.778280543
1.7742233159
1.7810641866
1.7776089929
1.7845379689
1.77467355
1.7950121655
1.7986058494
1.807797746
1.8087918844
1.8296136678
1.8053083768
1.787039854
1.7760787282
1.7582632212
1.7821975383
1.7733192005
1.7849429658
1.7794856186
1.7716654107
1.7683751691
1.7728021567
1.7724550898
1.7606137345
1.7369594293
1.747282204
1.7364480383
1.7419743783
1.7328002414
1.7265148132
1.7201021635
1.7151014275
1.711836613
1.712300414
1.6923302968
1.684511587
1.6924322733
1.6671573679
1.7139171346
1.7235661038
1.734765387
1.7103312661
1.711815562
1.7164774471
1.7104741576
1.7162100107
1.7422043841
1.7396041123
1.7404791155
1.7389789426
1.7215874925
1.7333232947
1.7320487731
1.7253605769
1.7394893747
1.7350216183
1.7239160411
1.7538960037
1.7570122424
1.7528124518
1.750038432
1.7316176471
1.7247497725
1.7195010648
1.7209373098
1.7136973764
1.7051515152
1.6956323238
1.6986719585
1.6832777946
1.6739596083
1.6752347237
1.6670756019
1.6907680372
1.7019981268
1.7032692007
1.691026827
1.6988997366
1.6948649914
1.6953125
1.701387806
1.712191358
1.7073357888
1.7018953753
1.700729927
1.6974522293
1.7058468957
1.695769577
1.6883882673
1.6920529801
1.6890655467
1.6907523045
1.6856849516
1.6918998527
1.690935888
1.69348659
1.7026546048
1.7142857143
1.7127128597
1.7160674982
1.7085037989
1.7055268976
1.7104878761
1.7052265817
1.7097709481
1.7035527082
1.7092804401
1.69078281
1.7027262181
1.6885150812
1.6854698376
1.6814696948
1.6842029195
1.6717251253
1.6737125833
1.6819934314
1.6890061315
1.6690310682
1.6571550256
1.6588068182
1.6469422424
1.6386376484
1.635636779
1.6376708428
1.6150267832
1.6137970031
1.6234150465
1.6042131696
1.6079362862
1.6248779808
1.6244098861
1.6349979135
1.6509632963
1.6488433301
1.64879468
1.645455803
1.6469937802
1.6370339455
1.6409293267
1.6491009682
1.6470099668
1.6558486397
1.6459823886
1.6539408867
1.643099932
1.6480750918
1.6515357434
1.6507357905
1.652103341
1.6502363268
1.6528476281
1.6546433378
1.6546627251
1.6569892473
1.6703459416
1.6786969451
1.6811830145
1.6912907183
1.6839673913
1.6783933145
1.6783933145
1.6773236207
1.682191412
1.6747261555
1.670300452
1.6708338875
1.6606931084
1.6501431174
1.6552171095
1.6469058762
1.6482963345
1.6523472669
1.6411342058
1.6381062653
1.6353349621
1.6347826087
1.6213808463
1.6408011673
1.6365409623
1.6336736012
1.6304375722
1.6323281998
1.6223142635
1.6205391528
1.6179257362
1.6303804133
1.6337178815
1.6370116156
1.6437925616
1.6464102901
1.6442847812
1.6516824737
1.6322564037
1.6283004358
1.628560529
1.6246040796
1.6151895524
1.6101096685
1.6113827253
1.6156664561
1.6071835083
1.6337254902
1.6269564093
1.6279666453
1.6192511983
1.6131415241
1.6137832945
1.6073366055
1.6018895158
1.6265916097
1.6224027704
1.6315997367
1.634740045
1.6280288147
1.6333688984
1.6640466188
1.6653935343
1.666757271
1.6552468303
1.6493524015
1.6465505782
1.6404059287
1.6375066173
1.6392245386
1.6274038462
1.6443514644
1.6307795699
1.6231787194
1.6199389354
1.6116135798
1.6107924922
1.5977572559
1.5933934731
1.5890231092
1.5853277836
1.5854235062
1.5840870363
1.5717634801
1.5786896095
1.6279481936
1.6148648649
1.6127991396
1.6116101354
1.6153741866
1.6165690149
1.622863394
1.6152690522
1.6183456183
1.6234155649
1.6364892882
1.6573135158
1.6602439701
1.6573135158
1.6576527111
1.6590320382
1.6718296225
1.6867555303
1.7107163489
1.6992103374
1.7101823926
1.7121124312
1.723012188
1.7477477477
1.7443861184
1.7204977829
1.7205372617
1.7123912733
1.7196221554
1.7122047801
1.7140025485
1.7118123429
1.7123633305
1.7047552448
1.7276962168
1.7532635203
1.7736260541
1.7669064748
1.744235394
1.7522870212
1.7454125126
1.7385498923
1.736416185
1.7558951965
1.7462257369
1.7464727273
1.7583090379
1.7580808813
1.7549303944
1.7623141941
1.7587961617
1.7396770967
1.7354202401
1.7426196618
1.7514091632
1.7516913776
1.7247589336
1.7268778027
1.7256637168
1.720055905
1.7124671371
1.7174726341
1.7156306244
1.703968145
1.7028895341
1.7107369583
1.7098560354
1.7001913091
1.6959192029
1.6915823996
1.713885386
1.7143655674
1.707588343
1.711026616
1.7273898111
1.7278589854
1.7260744986
1.7121665954
1.7095995456
1.707306712
1.7096224808
1.7134129014
1.7187849944
1.7115733631
1.7184181107
1.7126839523
1.7150063052
1.7247488839
1.7162519116
1.7259756609
1.7221911683
1.7061179395
1.6997652258
1.7000139528
1.7146712115
1.7134552673
1.72113879
1.7077885162
1.7232857143
1.7242111221
1.7318181818
1.7476998275
1.7502538071
1.7434267553
1.7418239447
1.7470225283
1.7760454612
1.7619047619
1.7598679489
1.7448442611
1.7486323064
1.7451599025
1.7457700029
1.7346356766
1.749500998
1.7332672987
1.7244226732
1.7187719052
1.7234519473
1.7179916318
1.7238148511
1.7087859205
1.7110129727
1.7032463929
1.7000137988
1.6981757877
1.6884097775
1.6875509649
1.6883524277
1.685370193
1.6954959934
1.6951820422
1.7058581987
1.7209750723
1.7182866557
1.7141885458
1.707775524
1.7106867127
1.7141137124
1.7097033955
1.7074775138
1.706291834
1.7107803701
1.7083891718
1.7046034089
1.6941425921
1.6998943755
1.6979371962
1.7062706271
1.6969378368
1.6971933061
1.6889964674
1.6882728101
1.6742257354
1.67839131
1.6631767109
1.6652961583
1.662036447
1.6651346866
1.6641677255
1.6731893266
1.6718414742
1.6825316456
1.6934538971
1.7215091404
1.7135135135
1.7097938144
1.723907455
1.7321221492
1.7322580645
1.7606080635
1.7652613379
1.7609158679
1.7537893766
1.7590042373
1.7569089718
1.7571220352
1.7442622951
1.7537332984
1.7484638515
1.7522251309
1.7599843383
1.760306932
1.7508668293
1.7469539567
1.7586474932
1.7508024137
1.7315110487
1.7313126124
1.730359001
1.7334899504
1.73196689
1.7240375711
1.7235023041
1.7218508324
1.7298670837
1.7239759979
1.7260147601
1.7243243243
1.7210561056
1.7137776607
1.7050302871
1.6932555123
1.6956973872
1.6958796599
1.6889748549
1.6802475503
1.6852450537
1.6829205366
1.6839793282
1.6811257423
1.6856065531
1.6716824491
1.6595993757
1.6673621072
1.6638043195
1.6489905443
1.6378564155
1.6460738298
1.6527918782
1.6600790514
1.6578813989
1.6581684424
1.6539288878
1.6657016992
1.6777184959
1.6781813564
1.6799593599
1.673062358
1.6810003828
1.6766734798
1.6766734798
1.6725596666
1.6675078864
1.6713891675
1.6876022656
1.699430019
1.6965343415
1.6966963151
1.6848431174
1.6893815342
1.6877210712
1.6760226558
1.6744718758
1.6678463094
1.6818122977
1.6781966576
1.679372488
1.6749869995
1.673882048
1.6803629294
1.6769688349
1.675545738
1.6733124837
1.6741368078
1.6821563765
1.680427139
1.6748315189
1.6767741935
1.6657615723
1.6581855564
1.662989878
1.6791423002
1.6996609285
1.6903711394
1.6866864287
1.682363566
1.6710610521
1.6657681941
1.6672240803
1.6676550213
1.6550308008
1.6494950786
1.6482740921
1.6661496704
1.6630672323
1.6571574773
1.6548079402
1.6608853223
1.6594922026
1.6520505546
1.6574037834
1.6594821921
1.6736423841
1.6695273303
1.6657026423
1.6666666667
1.662384106
1.6567321641
1.6500065591
1.6536796537
1.6470201289
1.6486769714
1.6378562984
1.6300700225
1.6290967226
1.6298115211
1.6189214257
1.602271244
1.5944119558
1.6007297368
1.5921155347
1.5906348374
1.5862250263
1.5737062206
1.5733229329
1.5651216986
1.5741835948
1.5643666323
1.5573223904
1.5583011583
1.5577246283
1.5729532735
1.5819672131
1.577757449
1.5870535714
1.5873474209
1.591296247
1.5872232595
1.6065595897
1.6116740981
1.6119967576
1.6102931244
1.6124248497
1.6135642517
1.6140397705
1.6091816367
1.6078143753
1.6005038451
1.602772594
1.6003719942
1.5900117662
1.5782108292
1.5782927468
1.5858386076
1.5956320318
1.597682991
1.5987345109
1.6013380559
1.5933376878
1.5985477178
1.6020949179
1.6067518248
1.6150529204
1.6245558626
1.6145302496
1.6060214498
1.6091626763
1.6087748991
1.6052563102
1.6116657909
1.6163129973
1.618370331
1.62031519
1.6178065882
1.620192943
1.621785573
1.62528038
1.6258973677
1.6314029691
1.6371963361
1.6358502955
1.6395607269
1.6320385819
1.6266944734
1.6188060866
1.6065871369
1.6050148636
1.5924293492
1.5978898007
1.5937459452
1.5934037283
1.5949614933
1.5851049954
1.5830407075
1.5837010122
1.5916950485
1.5926610348
1.5931800159
1.592115742
1.5872576177
1.5836627141
1.575225874
1.5614265111
1.5624263068
1.5817028027
1.6050198151
1.6019301957
1.5884600184
1.5940449289
1.5928278417
1.6008549292
1.6039012739
1.6081333333
1.5976457999
1.5969312875
1.5909634551
1.5984494052
1.5978680879
1.600449676
1.60132714
1.6023492147
1.60952508
1.6043367688
1.6097332082
1.6262639881
1.6191443271
1.6144496039
1.6088737201
1.6017951856
1.5993729553
1.6062388836
1.5996446145
1.6056608959
1.5978127136
1.5972393057
1.5972468311
1.6039306674
1.5933976362
1.5967895524
1.5992681935
1.5935893968
1.5930106065
1.6009217839
1.5942107399
1.594346003
1.5761001211
1.5653568565
1.5701940973
1.5640413683
1.5669565217
1.5766822119
1.5716755319
1.5838624339
1.580794702
1.5908669755
1.6023854195
1.614929388
1.6185914733
1.6181247441
1.6116491611
1.6246406571
1.6284498146
1.6223498837
1.6325068871
1.6262709536
1.6166552901
1.6130043621
1.6112322792
1.6211096076
1.621473459
1.6172459893
1.6134342228
1.6028923975
1.61038441
1.6035416942
1.6026375383
1.6086149768
1.6077208809
1.6079893475
1.6146960588
1.6183032732
1.6203802892
1.6322357939
1.6358796912
1.6268894193
1.6235231647
1.6141354985
1.6148811114
1.6076333862
1.603530661
1.6041887593
1.6026154257
1.6124814665
1.6114923967
1.6125286891
1.6185455529
1.61635476
1.6103368962
1.6094426407
1.610079935
1.609673486
1.6139043231
1.610759067
1.6121786198
1.6174633351
1.6109985137
1.606003245
1.605227519
1.6040629625
1.5990604027
1.6084627745
1.6162634409
1.6215193295
1.6204170642
1.6260905125
1.6232792695
1.6270861833
1.6283258289
1.632386904
1.6330126033
1.6504880694
1.6718792867
1.6834671836
1.6861486958
1.6800611791
1.6765076256
1.6937253799
1.7026643991
1.704587156
1.7046903783
1.6991596639
1.6944444444
1.6900348432
1.6991125901
1.6897689769
1.6732822338
1.6657956265
1.6613036304
1.6542132533
1.6539617486
1.6651533911
1.6627779303
1.6634119881
1.6634628401
1.65747188
1.6718241042
1.6573962112
1.662954515
1.6645195921
1.6530503979
1.6556684704
1.6610548468
1.6561228508
1.657597266
1.6397249611
1.6440699935
1.6517625713
1.6546069755
1.651048408
1.6481887328
1.6535544414
1.6721566593
1.6791808874
1.673626517
1.6752956636
1.6725779111
1.6844467917
1.7075019952
1.6985595348
1.6968205401
1.6850580781
1.6773938275
1.6810810811
1.6878438564
1.7048504983
1.7143430559
1.7199468085
1.7222000797
1.7324780554
1.7261326861
1.7040129276
1.6866746699
1.6868889782
1.700446489
1.7099526066
1.7099484955
1.7104728357
1.7062016556
1.7054599648
1.7161832475
1.7153772684
1.7108713466
1.717097171
1.7169348241
1.7203622393
1.7135829462
1.7223494544
1.721975508
1.7194679565
1.718298447
1.7112392704
1.7064537591
1.7037185661
1.6954902222
1.6877990431
1.6818302387
1.6784386617
1.6717832355
1.67538214
1.6817999733
1.6809530148
1.6859877692
1.6756434067
1.6694544006
1.6650006576
1.6672782073
1.6631441618
1.6663620937
1.6745492553
1.6747807879
1.6819077651
1.6837294333
1.6833005894
1.6874342797
1.6817173431
1.6648852972
1.6617071261
1.676230587
1.6727724715
1.6717388477
1.6848596169
1.6891731505
1.6910377358
1.6796536797
1.6757996854
1.6745344873
1.6876570975
1.6856879283
1.6787687451
1.6790204295
1.6782528856
1.6746673624
1.6688278008
1.6610916634
1.6689312778
1.6788253885
1.6813478376
1.6899534265
1.6879158903
1.6872592002
1.6878727634
1.6842035162
1.6826196474
1.6851630073
1.6854678169
1.6886480772
1.7012227539
1.695785135
1.6856156196
1.694492599
1.6969008816
1.6993971869
1.7024032043
1.7096990865
1.7060642732
1.7028042399
1.6979531376
1.691687928
1.6840832774
1.686509003
1.6710193205
1.6655567395
1.6604774536
1.6664455354
1.6599496222
1.6624917601
1.6639852301
1.6560190074
1.6575685654
1.6559663202
1.6612586681
1.655872025
1.6533662594
1.6475293511
1.6480309877
1.649657667
1.6511174636
1.6490409539
1.6519215889
1.6559014267
1.6695720047
1.6753551414
1.6803149606
1.6753365573
1.675513139
1.6681877445
1.6680541103
1.6639397481
1.6651948052
1.665936332
1.6716572019
1.6805341551
1.6845551419
1.680889116
1.6781477229
1.6804006085
1.6845764855
1.6879037365
1.6950769622
1.6883726834
1.6815077157
1.6831254772
1.6867684478
1.68800204
1.6816503247
1.6802912249
1.6736208883
1.6774027974
1.682345443
1.6752767528
1.6781022829
1.6749233912
1.673890872
1.6739964204
1.6746619035
1.669329276
1.6730939997
1.6744481096
1.6689274052
1.6639271716
1.6656067158
1.6669230769
1.6673067076
1.6676923077
1.6652078775
1.651650883
1.6492661136
1.6496173469
1.6512014315
1.6464453771
1.6429840142
1.6423052565
1.6434010152
1.6439843454
1.6575412562
1.6706987518
1.6696405482
1.6787195438
1.6785390493
1.6809665331
1.6822997416
1.6722179189
1.6649929188
1.6693704133
1.6727062452
1.6682876888
1.6728839722
1.6780999223
1.6740331492
1.6757722747
1.6746972594
1.6692082857
1.6721749078
1.6726485936
1.6600075863
1.6633299544
1.6623753629
1.6611987382
1.6707455532
1.6765525982
1.6775754489
1.6841567726
1.6964748574
1.6934108527
1.6922383833
1.6912673879
1.6794313525
1.681331293
1.6816040738
1.6840697822
1.6793602437
1.6734976113
1.6640791286
1.658694569
1.6593063872
1.6520768754
1.6492926284
1.646782759
1.6513670667
1.6531118274
1.6510274821
1.6497223936
1.6364525994
1.6429713442
1.6334432637
1.6391941392
1.6385246906
1.6350937385
1.6269072415
1.6273630635
1.6276878473
1.6234234234
1.6280942081
1.6214729794
1.6243569805
1.6284859366
1.6252837854
1.6301633045
1.646163142
1.6380449141
1.6453368816
1.6413161384
1.6425910347
1.641322713
1.6478924419
1.6465234802
1.656996587
1.6503454127
1.6340815834
1.6339081153
1.6268998794
1.6252104883
1.6256601056
1.6293723047
1.6396505702
1.6405737207
1.6391314896
1.6407506702
1.6404097061
1.6338386901
1.6372943327
1.643171268
1.6413321947
1.6444173276
1.6333536214
1.6267844181
1.616031727
1.6164449239
1.6187627139
1.6047064416
1.5951051444
1.5863830798
1.5839459331
1.5791844476
1.5814894123
1.5944424482
1.5918610186
1.5927069723
1.5861294896
1.5874911327
1.5822799764
1.5861337106
1.5875899493
1.5902703979
1.6052065918
1.5898677374
1.5925185272
1.5880708295
1.5925622734
1.5876456876
1.588737002
1.5904528478
1.5843219353
1.5907877944
1.5974704108
1.5944476576
1.5868139455
1.5792550143
1.5783808542
1.5730401094
1.5714123266
1.5773007536
1.5631507469
1.5643609193
1.5531143828
1.5660141134
1.5981483652
1.6061032864
1.5944340941
1.6051426559
1.595898392
1.6093859444
1.6081175647
1.6101476447
1.6029019153
1.6070422535
1.6200284091
1.6183460076
1.619928401
1.6371261853
1.7092741421
1.7009958402
1.6879308184
1.6840329835
1.6824567947
1.6656841071
1.6580543426
1.6460870614
1.6578307393
1.6732394366
1.6687034095
1.6708736674
1.6599658869
1.6539863879
1.655364495
1.6550973516
1.6655785274
1.6741082262
1.6625390719
1.6517761673
1.6519258203
1.6472895863
1.6607185629
1.6592920354
1.6332046332
1.631170336
1.6265449925
1.6244234317
1.6261209473
1.6149359561
1.6101752789
1.6070219011
1.5933266152
1.6007462687
1.5941734417
1.5908374606
1.5755042906
1.5706303084
1.5711259755
1.5746409885
1.5712864721
1.5693414499
1.5794621027
1.5967741935
1.5944731521
1.59870188
1.5954591209
1.6068628565
1.5914879357
1.5844184752
1.576829806
1.5704463604
1.5674383219
1.5708532869
1.5617577197
1.5788955714
1.5732553099
1.5736172987
1.5717217542
1.5649156524
1.5879299156
1.605165244
1.6431718062
1.6423669704
1.6278295606
1.6437879128
1.6445715568
1.6558617574
1.6643026005
1.6979750601
1.7063081696
1.6935373373
1.6926406926
1.6925185608
1.6721756849
1.6767011246
1.6643649536
1.6637549631
1.6891025641
1.6826889985
1.6736349098
1.6707330977
1.6637248246
1.6556656905
1.6665910123
1.6719679634
1.674817476
1.6748573425
1.6791749213
1.6730746825
1.6710924761
1.6595375723
1.6535812672
1.6525832377
1.6604464797
1.6689851767
1.6842587293
1.663396829
1.6632130252
1.6733303044
1.6716180973
1.6888151876
1.6852553069
1.6691243194
1.6659470515
1.6543361645
1.6598342294
1.6597857621
1.6711696499
1.6681083542
1.6646645512
1.6657933705
1.6778164925
1.6812478416
1.6835896843
1.6783232714
1.6702721166
1.6708488753
1.6630642801
1.6624690803
1.6570695235
1.643150305
1.6334911373
1.6304130023
1.6313795409
1.6157965194
1.6187925455
1.603848706
1.6127391352
1.6300190135
1.6203344778
1.6185589761
1.6051046117
1.5999782892
1.602355764
1.6097348979
1.6101455572
1.6040675032
1.6021054893
1.6054558964
1.6038153457
1.6207412154
1.6140518707
1.6461239053
1.6382248901
1.6500966287
1.6479432929
1.6734671612
1.6541158701
1.662558937
1.6491581065
1.6671283964
1.7206349206
1.700861141
1.7094697796
1.7180939687
1.7139529725
1.6987991627
1.70087241
1.7244163212
1.717436176
1.721239904
1.7304071804
1.7253233116
1.7138633377
1.7106499181
1.7024273949
1.6929133858
1.6913633427
1.704257149
1.6905324173
1.700602669
1.7108707409
1.7085992428
1.6988721004
1.6991566136
1.6955773163
1.6874535217
1.6918844567
1.6748498578
1.6690816109
1.6750697275
1.6653534923
1.6706689537
1.6508693808
1.6557043385
1.6491284355
1.638392385
1.6363253266
1.6295668749
1.6308164129
1.6417197452
1.6411609499
1.6458289111
1.6553974537
1.645766688
1.6328477099
1.6281607386
1.6337675873
1.6332538613
1.6433054393
1.6421589018
1.6430804502
1.6389786347
1.6251299106
1.6247249869
1.6263080787
1.6293581824
1.6196370502
1.6097053004
1.6243480075
1.6375650364
1.6484695488
1.6368732812
1.6415154073
1.6504875174
1.6387763803
1.6461522109
1.645045045
1.6426000423
1.6328207289
1.6369827135
1.629345657
1.6299780495
1.6316396019
1.6454716586
1.6376676021
1.6444769568
1.6565021482
1.6475903614
1.6360225141
1.6292298111
1.6454516906
1.6427746878
1.6420294394
1.640428408
1.6444904294
1.6385802469
1.6244131455
1.6250641486
1.628876566
1.6302201193
1.6288088643
1.627513664
1.6319617623
1.6400796562
1.6405139992
1.6454308094
1.6384186731
1.6521001273
1.6559745088
1.6721822284
1.673145066
1.6905672751
1.6954180859
1.6896019407
1.6912095324
1.6871823828
1.7014055537
1.7110907214
1.7016898494
1.6921037464
1.689793578
1.6943266476
1.6888939986
1.6924302789
1.7049274695
1.7077651953
1.7145535505
1.7165575304
1.7063943368
1.7086007702
1.7202640575
1.7336515513
1.7345471969
1.7315897312
1.7572396796
1.7347089167
1.7496918906
1.742779224
1.7515387514
1.7354452055
1.7599454703
1.7812460667
1.8071674531
1.8069604407
1.737965979
1.7467694132
1.7620362589
1.7568928315
1.7502401537
1.7556490385
1.7715023994
1.7800556821
1.7693083029
1.7791071658
1.7766477858
1.9076554349
1.9028475712
2.0493475326
1.9450549451
2.0604622685
1.9844255069
1.943202847
1.9802458297
2.0029899836
1.9346856567
1.9097042779
1.9225238445
1.9041703638
1.9460977832
2.025071862
2.0549288867
1.993764988
1.9239260143
1.9220701963
1.9149736644
1.8629067884
1.8601719198
1.8736129125
1.8888230062
1.8992409585
1.9052238806
1.9216406489
1.9478746509
1.963108939
1.9396433471
1.937566621
1.9358484802
1.9408046863
2.0173354735
1.9936406995
1.9859762675
2.0147401086
1.9757631539
1.9554207733
1.9373284538
1.9555452292
1.975151421
1.9629572226
1.9730063242
1.9958984067
1.9517981263
1.9567119155
1.966893424
1.9709867452
2.0196731235
2.0410938434
2.0408102913
2.0543789353
2.0533275837
2.0478158205
2.0421916203
2.0529489631
2.0467399267
2.0577035735
2.0665589186
2.0462093863
2.0437300898
1.9799914857
1.9871867882
1.9674174812
1.9008958567
1.8699085619
1.9017534094
1.9282296651
1.9080996885
1.960532086
1.9793103448
1.9873264937
1.9919170352
1.9841103283
1.9531876951
1.9710498248
1.9730144128
1.9769817073
1.9747783552
1.9930260764
1.9894323671
1.9779400805
1.9834786599
2.0100297759
2.0283777392
2.0051139005
1.9787528868
1.9593545441
1.9067257945
1.9099020038
1.9684082625
1.9692142748
1.968682837
1.9571493694
1.9693185322
1.9748940844
1.9675853429
1.9642137878
1.9812170133
1.978412797
1.9824697487
1.9672789011
1.9546360153
1.9720843672
1.9941353622
1.9629918801
1.9473521692
1.9641403069
1.9778436574
1.9984189723
1.9689681924
1.9697996918
1.9743195448
1.9630249544
1.9622584541
1.969816472
1.9871270635
1.9822674419
1.9761350407
1.9429305179
1.9286837216
1.9450896057
1.9291821032
1.9250253293
1.9380244369
1.9097733507
1.9055106751
1.8774714564
1.8919071077
1.8864468864
1.8601065321
1.8657219026
1.833077674
1.8299916458
1.8331503842
1.827187672
1.8190567854
1.837254629
1.8109984724
1.8455609478
1.821950534
1.8380938914
1.8394540594
1.8385041551
1.8383753501
1.8565562164
1.8302197802
1.8124313941
1.8202663737
1.8124407101
1.7994072477
1.780141844
1.7656517728
1.773125736
1.7876955436
1.7884842908
1.7993125331
1.7975184794
1.8002659574
1.7733699921
1.7590844433
1.7758131131
1.7837976634
1.7872259052
1.7912298645
1.7821820036
1.77034588
1.7826588115
1.7655370764
1.7518834136
1.7377188716
1.7621304727
1.77356365
1.747787059
1.7686728591
1.7526236882
1.7401741294
1.7161816632
1.7258183608
1.7372400756
1.7379786566
1.7542372881
1.7374704639
1.7319523691
1.7559802557
1.7709223423
1.747594652
1.7479939819
1.7445833849
1.7449473032
1.7399380805
1.751948534
1.7627374513
1.7542957482
1.7595352362
1.7544036236
1.7881487219
1.7882143312
1.796010296
1.7903846154
1.768373036
1.7552621746
1.7607583884
1.7625639107
1.7481572482
1.7485819975
1.7395820604
1.7388014158
1.7404234488
1.7304136253
1.719645459
1.7184668136
1.7024803388
1.7123106516
1.7119087236
1.7091921346
1.7165138707
1.7108433735
1.6948727142
1.691994735
1.7083735521
1.7060587882
1.6966131907
1.7089839058
1.7091019417
1.7131246967
1.717142513
1.7129106004
1.7146791188
1.7057983093
1.7134481933
1.7198067633
1.7050669216
1.704496788
1.7019105257
1.7180106229
1.7077456371
1.7001311554
1.6798168369
1.6749620283
1.6806343327
1.6868850561
1.6911219286
1.6886005561
1.7007443592
1.6990944973
1.6843492209
1.6907962771
1.693971468
1.7012866582
1.6923517289
1.6891505659
1.6944380337
1.6964512773
1.6746104491
1.6702176403
1.6568228106
1.665674376
1.6855295069
1.6685271671
1.6545291077
1.6524774775
1.6307268722
1.6286410455
1.6313699537
1.6369152692
1.6317230803
1.6242787153
1.6256958847
1.6124056095
1.6199739187
1.6151694459
1.6245534264
1.6258245918
1.6165307232
1.617589149
1.6373137647
1.6173808745
1.6391546162
1.6397867378
1.6299667037
1.6320650979
1.6332564018
1.6191359372
1.6138954614
1.6133692722
1.6108719053
1.6082630327
1.5998285286
1.5968396327
1.6006469003
1.611769778
1.6252044042
1.6252599321
1.6193513514
1.6320960699
1.6256332866
1.6446806179
1.6505957635
1.6415652746
1.6337265938
1.6265542221
1.6270089526
1.6263244129
1.6213146975
1.6239382239
1.6246545053
1.6071233475
1.6036184211
1.5987566801
1.605239885
1.6162997554
1.6169204738
1.6114613826
1.622491781
1.6236351228
1.6279782165
1.6235719941
1.629218573
1.6212804328
1.6010489901
1.6024810013
1.5962352417
1.5969916435
1.5802455602
1.5769230769
1.5681471805
1.5600087127
1.5592026866
1.5625673056
1.5765051076
1.5713976165
1.557382334
1.5581319753
1.5533016832
1.5451302562
1.5518909411
1.5586999779
1.5646070521
1.5653761062
1.5642817526
1.5679508654
1.5608802502
1.5630204817
1.564073741
1.5773533733
1.5760734111
1.5888670747
1.5795573068
1.5764936111
1.5721290911
1.5690304899
1.5378907128
1.5380882519
1.5297358066
1.526298269
1.5133933533
1.5130231523
1.5133779264
1.5098300566
1.5200674536
1.5170791802
1.5298642534
1.5216467166
1.5029421561
1.5024870123
1.5121278942
1.5078255078
1.5000551086
1.4979681494
1.4873168598
1.4919108002
1.4957872853
1.5020746888
1.4983013699
1.5016407788
1.4897804693
1.4784730506
1.4783320598
1.4783035325
1.472558647
1.4676124491
1.4625109938
1.487170943
1.4690642763
1.4605005441
1.4743436104
1.4737070839
1.4677910773
1.4661384849
1.4465231967
1.4384963378
1.4385775862
1.4434558902
1.4634041177
1.4657386425
1.4612834225
1.4538733526
1.460199005
1.4641808892
1.4432746025
1.4430570506
1.4366227597
1.4456580513
1.4384300194
1.4419769214
1.4251218192
1.427508893
1.4323332614
1.4238403452
1.4299813576
1.418243838
1.4247985676
1.4317106153
1.422859047
1.4138925877
1.4162936437
1.3988657845
1.3995495495
1.4170212766
1.4140777256
1.4634175264
1.5121891461
1.5179003387
1.4900972272
1.5061289532
1.4750361795
1.4579152402
1.4568017965
1.4583086229
1.4619506967
1.4648021991
1.4512514899
1.4541495282
1.458984375
1.4507998061
1.443831013
1.4272383652
1.4227910818
1.4229965157
1.431174559
1.4247367812
1.4289020016
1.4175458716
1.403159809
1.4002730686
1.4060348784
1.4226341239
1.4182653647
1.4090284143
1.4293408266
1.4476201724
1.481538828
1.4901401758
1.4945723488
1.4833333333
1.467636787
1.4523126363
1.4442160557
1.4408835985
1.4433212176
1.4440167553
1.4669096708
1.4840303309
1.4883988054
1.4643586833
1.4519895703
1.4422194876
1.4370386938
1.4398758728
1.4387811634
1.4544030435
1.4545151246
1.4435225136
1.4419623303
1.4488007885
1.4370289459
1.4404553415
1.4507874016
1.4438987121
1.4436495708
1.4328291815
1.4337685526
1.4268823201
1.4280787629
1.4205009379
1.4299200355
1.4365897378
1.4275924053
1.4183833408
1.4329978514
1.4392045455
1.4311626859
1.4212756467
1.417057903
1.4262110824
1.4090959145
1.4088659113
1.4065946064
1.4036847269
1.3939128531
1.3873775843
1.3749052723
1.3745812169
1.3763912671
1.3781779661
1.3836739038
1.3988872245
1.391661335
1.378757515
1.3862724393
1.4025183631
1.4007341374
1.4060738885
1.3996884735
1.4025826446
1.4041413413
1.4105219553
1.4162630114
1.4168477698
1.4266996802
1.4257192587
1.4163606691
1.4126307239
1.4086621361
1.4089615932
1.4062909567
1.4160201511
1.4149247703
1.41160444
1.4183610598
1.4153487429
1.4231161936
1.4205693297
1.4086368681
1.4069826449
1.4218459632
1.4242021277
1.4176854116
1.408694771
1.405005005
1.4087488713
1.4008488797
1.3854258986
1.3748890423
1.3700662776
1.3718793689
1.3697200763
1.3880369656
1.373385795
1.3836445721
1.3801509588
1.3781376518
1.3852633716
1.3817368314
1.374204802
1.3585653322
1.3631267835
1.3735352069
1.3648578273
1.3576634736
1.3574234905
1.352730253
1.3524532119
1.3448973399
1.3459825946
1.3538083538
1.3447925142
1.3430805158
1.3449246231
1.3405297351
1.3417222559
1.3386949924
1.3352278494
1.3203863957
1.3151563753
1.3087
1.3053951822
1.3058542413
1.3099561053
1.2971343874
1.2986411973
1.3100553141
1.3064216597
1.3106320431
1.3260956175
1.3164569603
1.3068512388
1.3010871754
1.3008644954
1.3131834751
1.315932408
1.3359007702
1.3481466519
1.3371215931
1.3394826549
1.3454436571
1.3639493671
1.3735463646
1.3648824412
1.373401792
1.3753141019
1.381528534
1.3689662108
1.3721699058
1.3624088311
1.3685359801
1.3445965915
1.3428260655
1.3363591515
1.342997543
1.3558500643
1.356495769
1.3521
1.3443570077
1.3518
1.3564277133
1.3430152144
1.3474618038
1.3559036383
1.3678517777
1.3748874437
1.3672053138
1.3551309829
1.3550795834
1.3587598425
1.3637257795
1.3740879511
1.3820824681
1.3824373824
1.3764845606
1.3759651554
1.3796545872
1.3708020545
1.3865213082
1.4109630527
1.4146043385
1.428717112
1.4206197974
1.4158869202
1.4054962436
1.3926247289
1.3904351235
1.3731954741
1.3715703444
1.372417154
1.3673410125
1.369823342
1.3693641618
1.3732612056
1.375265906
1.3739088729
1.3667558784
1.3689606075
1.3731456828
1.3830803017
1.37737108
1.3738973727
1.3664837245
1.3563875393
1.3616474841
1.3597223525
1.3560725919
1.3556259314
1.3609113829
1.357136233
1.3578363384
1.3594266814
1.3544673853
1.3567454164
1.3627271059
1.3806601581
1.3700535765
1.3415929204
1.3307606472
1.3303678992
1.3270181988
1.3344585091
1.3358251325
1.3398754482
1.3424917101
1.3438884177
1.3445812576
1.3293687957
1.3358386452
1.3359567609
1.3398879073
1.3316369805
1.3370996358
1.3364223533
1.3483810418
1.346744012
1.3583701061
1.3599182004
1.360570204
1.3698208287
1.371104018
1.3663124236
1.3615268043
1.3615851346
1.3541686161
1.3430084145
1.342464455
1.3479818936
1.3524962179
1.3599697743
1.3563229206
1.3536876252
1.3482355179
1.3678304239
1.363765913
1.3529080675
1.3548085901
1.3487312947
1.3532973174
1.352303523
1.3400654511
1.3326521133
1.3277788121
1.3169885618
1.3192390997
1.3143228683
1.3208022388
1.3285754531
1.3295519002
1.321112044
1.3233320909
1.3258323342
1.3235971621
1.322749862
1.324381109
1.304185962
1.2993098438
1.308644222
1.3007216589
1.3135405105
1.334764349
1.3445984431
1.3584779706
1.3742870952
1.4015763547
1.3857421875
1.3817439487
1.3777584204
1.3771586681
1.3795249952
1.3712250712
1.3785136696
1.3791782396
1.3771417632
1.3738807392
1.3762414057
1.3755145018
1.3682767747
1.3662051427
1.3516730715
1.3452203137
1.3284691886
1.3311152765
1.3369009282
1.3309229305
1.3233578016
1.3110002823
1.3089726421
1.3208114929
1.328230963
1.341484887
1.3435713594
1.3295750217
1.3391927723
1.3304796186
1.3464968153
1.3780749209
1.3771597996
1.3851615559
1.3668442747
1.3778722543
1.3884517118
1.3830728095
1.380541103
1.4036163688
1.3849755489
1.3811733168
1.3728344439
1.3643263757
1.3697158349
1.3552153861
1.3543206227
1.3447271315
1.3477197103
1.3414372193
1.3407897296
1.3440533386
1.341465776
1.3318982013
1.3323760291
1.3368777187
1.3247408238
1.3215752146
1.3156603774
1.3271181528
1.3336243694
1.3290725613
1.3276227141
1.329368533
1.3330109295
1.3344776851
1.3401260091
1.3365739841
1.3391996854
1.3306150521
1.3339252244
1.3469306139
1.3482989125
1.3732208215
1.3712605212
1.3767384362
1.371722365
1.3647701505
1.3452910267
1.3299411354
1.3116161124
1.3171352993
1.3091886608
1.3067806489
1.3089399121
1.3045675413
1.3098536202
1.3114271702
1.310471464
1.298560794
1.3097470013
1.3097060008
1.3076072757
1.311102156
1.299086758
1.2965975598
1.2872644767
1.2841546179
1.2862343796
1.2871910997
1.2825138779
1.2775913129
1.2637737689
1.265238235
1.2594344175
1.2496623577
1.2467114879
1.2434995112
1.2474782098
1.2384182981
1.2330549621
1.2428820453
1.2324292797
1.2271714922
1.2264496243
1.2333237355
1.2432224572
1.235052531
1.2358472644
1.2429130476
1.2373636795
1.2360627997
1.2386235427
1.2403401039
1.2329968871
1.2296213393
1.2276885736
1.2183790801
1.2230296255
1.2273653027
1.2290952866
1.2310897139
1.2357403765
1.2294303797
1.2295435374
1.2192867812
1.2182967646
1.2281045752
1.2323373359
1.2396817969
1.2464709204
1.246606123
1.257166869
1.2442939321
1.2506507996
1.2396287703
1.2329413943
1.2293876791
1.2404351088
1.2448979592
1.242601872
1.2472258793
1.2394179894
1.2524290341
1.2451092118
1.2476519072
1.243333017
1.2437665281
1.2468926554
1.2615369947
1.263692072
1.2701609018
1.2683369991
1.2678843227
1.2716178854
1.2831243973
1.2827599536
1.2847643828
1.2777032209
1.2865553518
1.2799376401
1.266776571
1.2706110572
1.2718202073
1.2745861733
1.2719604421
1.2626485243
1.2614731971
1.2644388642
1.2605897608
1.2657788072
1.2703513697
1.2729550053
1.2760831552
1.2832280019
1.2773101113
1.2759086089
1.2668195719
1.2694559063
1.2784761168
1.2769857434
1.281438877
1.2843964671
1.2783595968
1.2868447082
1.2873757455
1.2819422468
1.2863532452
1.2857571815
1.2798436404
1.2826086957
1.2804632427
1.2945901973
1.2954292085
1.29102889
1.2937783272
1.2889140039
1.2804378965
1.2726995734
1.2710794297
1.2739782296
1.2700564972
1.2789424765
1.2856553998
1.2791032497
1.266538927
1.2646940419
1.2648845687
1.2606941082
1.258695433
1.2608739226
1.2615923886
1.2564893088
1.2406675884
1.2456570812
1.2456570812
1.2477410386
1.2488318918
1.2506754728
1.2422946908
1.2380905121
1.2398962179
1.2360527601
1.2287275566
1.2258942457
1.2201361868
1.2041391372
1.2050627943
1.2078304386
1.1995693452
1.1942305818
1.2050978068
1.196400626
1.1985337243
1.1908003501
1.1836340828
1.1778417266
1.1728490221
1.1814818421
1.1778559562
1.1791131855
1.1815819861
1.1850004795
1.1694802098
1.1705507467
1.1690903906
1.16390776
1.1719401288
1.1724137931
1.1753904401
1.1699933781
1.1616381349
1.1635434412
1.1743433574
1.1748904553
1.1693640518
1.175446938
1.1821497121
1.1807309606
1.1890604155
1.1949583054
1.2023900574
1.2039953899
1.2043310876
1.2102628285
1.2087032034
1.2145147187
1.2174123572
1.2281146422
1.2286999902
1.2357843137
1.2271446614
1.230421397
1.2347145755
1.2314983246
1.2325937261
1.2327380384
1.2408738415
1.2511206485
1.2485637687
1.2463284379
1.2439446367
1.2420710737
1.2402996542
1.2422789181
1.2411463862
1.2348941875
1.2397458117
1.2438036455
1.2587045322
1.2626430598
1.269553345
1.2781041911
1.2697201018
1.2634936212
1.2602913855
1.2599552137
1.2667514428
1.2618025751
1.2702044791
1.2647257303
1.2616021567
1.2615012107
1.2658976347
1.2645940941
1.25219913
1.2513513514
1.2485515643
1.247847538
1.2504822531
1.2495183044
1.2443717529
1.237410766
1.2332561282
1.22784325
1.2261721752
1.2197854817
1.2235045201
1.2188878236
1.2184833669
1.2265204003
1.2388942774
1.232371174
1.2308431882
1.2338375566
1.2388218252
1.2385860143
1.2407796675
1.2395982783
1.2368798394
1.2352997327
1.2438392943
1.2470746211
1.2520379783
1.2494750907
1.2502149613
1.2367767806
1.2344972334
1.2339755818
1.2348247364
1.2374019098
1.242631679
1.2459078437
1.2471090047
1.2556947608
1.2615487189
1.2626358955
1.2638195777
1.2721396874
1.270158179
1.2758587418
1.2757122163
1.2734277184
1.2710199364
1.2691716318
1.2557452084
1.2468854018
1.2469182991
1.2496901516
1.24654268
1.2438374417
1.2516518784
1.2669511617
1.2655806024
1.2626645204
1.25855045
1.2670901678
1.2681835491
1.2667173975
1.2602765675
1.2616857874
1.2787339836
1.2929642445
1.2936652889
1.2881032011
1.301937464
1.3015234263
1.3126260202
1.2990690085
1.3056516724
1.3106391233
1.3033456526
1.2954699777
1.3033631415
1.3048071332
1.3001836281
1.2895118415
1.2962531547
1.29728942
1.2931234306
1.2985597509
1.2876792508
1.2779769402
1.281896803
1.2763543908
1.2843416021
1.2777615001
1.2776253918
1.2800354226
1.2722211369
1.2691744016
1.2752677702
1.2699188581
1.2692120386
1.2620408954
1.2578549263
1.2529377769
1.2555769231
1.2472807777
1.2428102683
1.2458606084
1.2369958808
1.2410560551
1.2317551411
1.2274637128
1.2233716475
1.2312271942
1.2312938238
1.2320007669
1.2268987947
1.2259018897
1.2376970396
1.2530097274
1.2519488018
1.2479252122
1.2388088012
1.2432739674
1.2469053514
1.2591272517
1.2701504049
1.2660381026
1.2689173458
1.2705882353
1.2721068539
1.2684995613
1.2676413255
1.2630607885
1.2657009528
1.2651068355
1.2690972222
1.2834484772
1.2741542361
1.2706737761
1.2764814996
1.2857704403
1.2933032207
1.2867517174
1.2962333899
1.3045139238
1.308088458
1.3023797468
1.311038829
1.3167727366
1.3119331499
1.3144020356
1.3266316115
1.325102459
1.3398672475
1.3428185689
1.3342667496
1.3442793308
1.3505175983
1.3517090454
1.3394758395
1.357461834
1.3751838622
1.3788761707
1.393549747
1.3991330091
1.4085074785
1.4002309226
1.3885184413
1.38996139
1.3982170949
1.4104454038
1.4057058947
1.4355888094
1.4233726849
1.4157837838
1.4139680484
1.399505057
1.4052830189
1.425830501
1.4127705628
1.4222197946
1.4323610347
1.410236822
1.4156646442
1.410655558
1.3937677054
1.4054024497
1.4256623604
1.4426301853
1.435595644
1.4222029864
1.4218158208
1.4297421329
1.4276866239
1.4246220302
1.4252427184
1.4404450262
1.437622256
1.4350551113
1.4408952629
1.4633984763
1.4812004909
1.4802285202
1.4891206819
1.487772044
1.4802983081
1.4794094794
1.4683114035
1.4500108672
1.4533144043
1.4542960606
1.4506456555
1.455333626
1.4511876226
1.4639525952
1.4768350391
1.4813912273
1.4791274499
1.4818463582
1.4809439397
1.4926970677
1.4905533818
1.4828088252
1.4829290207
1.4716707562
1.4569690265
1.4403009486
1.4381025416
1.4316476346
1.4367143476
1.4259597806
1.4279119699
1.4362321968
1.4377366656
1.4310696277
1.4277314518
1.4263747998
1.4312188923
1.4381246013
1.4300074066
1.4354255319
1.4426788952
1.4415792853
1.4517444981
1.449180679
1.4397487758
1.4494717746
1.4504418184
1.4366585392
1.4381820108
1.4389907771
1.4338321129
1.4293868922
1.4299746515
1.4320675105
1.4175593363
1.4167365772
1.4173669468
1.4157791335
1.4160281632
1.4200226594
1.432028248
1.4356734269
1.4402798079
1.441216428
1.4502004642
1.4491685961
1.4370706964
1.4306159228
1.421013883
1.4201813581
1.4203507298
1.4164201183
1.4235356763
1.4342429106
1.4461538462
1.4421695787
1.4445635857
1.4402777778
1.4385516507
1.4363327674
1.4347176257
1.4567593895
1.4798338616
1.4754885905
1.4871654234
1.4958112875
1.493901769
1.4931311133
1.4886301219
1.4909011182
1.5070953437
1.5071137091
1.5048895726
1.5090169342
1.5033300579
1.5230056273
1.5393572948
1.531539578
1.5348369808
1.545791662
1.5487502815
1.5418030012
1.5328925249
1.5324980423
1.5329971989
1.532191244
1.5404523461
1.5495779403
1.5474321597
1.5446398566
1.5474370504
1.5337595334
1.5148647144
1.5208519179
1.5274010983
1.5238629983
1.5270376616
1.5194617438
1.5075632108
1.5250780205
1.5250168275
1.5429057889
1.5431634166
1.5410842141
1.5390731486
1.5317056629
1.563214449
1.5696914076
1.5665368759
1.5561503417
1.5582934063
1.5440355475
1.5437814358
1.5398724083
1.5129237999
1.5186847716
1.5150941294
1.5202008929
1.5247569018
1.5096781329
1.5057636888
1.5207475804
1.5169472751
1.5175049856
1.5216284987
1.523767313
1.5257238307
1.5318982824
1.5187396352
1.5230922583
1.5264039299
1.5293920803
1.5467682312
1.5387028117
1.5357861776
1.5284887603
1.5233018246
1.5295998236
1.5386492181
1.5433596794
1.5475289403
1.534551495
1.540166205
1.531229382
1.5250301238
1.5273844803
1.5236673302
1.5163772258
1.5166684884
1.5094978166
1.4940947015
1.4852512156
1.4869715645
1.4854923956
1.4923210037
1.4896656206
1.4880164841
1.4758776653
1.483212782
1.4744041894
1.4759512612
1.4746734629
1.4777754147
1.4687201275
1.4779679144
1.473734683
1.4816125228
1.4804457302
1.4779348757
1.4732571795
1.4884747953
1.493356379
1.4922894425
1.4971348254
1.4906637885
1.4946642233
1.494235535
1.4978392394
1.4962260082
1.4872369967
1.4910025707
1.4775610276
1.4706574025
1.4691371209
1.4633625294
1.4614072495
1.4661461119
1.4627949183
1.4688236555
1.4806922661
1.4826912642
1.4806378132
1.4750514125
1.4765717996
1.4739121022
1.4729085392
1.4647508341
1.4664588261
1.4698886366
1.473200778
1.4685948629
1.461472511
1.4618435155
1.4539811644
1.4466040154
1.4407663651
1.4365853659
1.4402341671
1.4433099341
1.45068009
1.4529594349
1.4481182224
1.4474160895
1.444078598
1.4488163788
1.4522415078
1.4471613863
1.448858205
1.4526740238
1.4405513468
1.4463396546
1.4537779203
1.452864472
1.4517712335
1.4477072029
1.4498350888
1.4488012786
1.4500586291
1.4497816594
1.4483347566
1.4448360568
1.4419447702
1.4400298253
1.4420861775
1.4344908394
1.4245053433
1.4303918445
1.4278575226
1.4286777211
1.4289824188
1.4359772459
1.4398666093
1.4431073386
1.4382034516
1.4372178026
1.4309108423
1.4391979301
1.4464690027
1.445260203
1.4410527451
1.4371238177
1.4355202405
1.4385814078
1.4323078572
1.4309659396
1.4276506607
1.4281565928
1.4222795144
1.4199031737
1.4167561762
1.4135861995
1.4093923834
1.4075382803
1.4057381437
1.4153995471
1.4065075458
1.3839657937
1.3815873693
1.3918002798
1.4033029118
1.4091306247
1.4199495227
1.4327995583
1.4324324324
1.4258220609
1.434378115
1.4382860323
1.4369051618
1.4474901297
1.4541029994
1.4411134904
1.4511389522
1.4490122188
1.453743989
1.4452964065
1.4454889373
1.440945777
1.4429197417
1.4422306195
1.4354436124
1.4477560808
1.444052362
1.4490942444
1.4467161622
1.4503379539
1.4560045532
1.4613719234
1.4563804311
1.4559626764
1.4477544059
1.4412199841
1.443315447
1.4386363636
1.4429301533
1.4381350192
1.4335247101
1.4289437897
1.4251108837
1.4360478491
1.4366697206
1.4557743853
1.4476879963
1.4413401345
1.4404775704
1.4369379756
1.426327256
1.4298004129
1.4316439767
1.4289978188
1.4356741895
1.4554099501
1.4549779531
1.4273533817
1.4428189945
1.4619265517
1.4649718838
1.4592254592
1.4615655853
1.4659157574
1.4664930144
1.4622697564
1.4746186845
1.4773464728
1.4853455554
1.4902007936
1.4975298229
1.4978234583
1.5087209302
1.5144283453
1.5223317512
1.5174816626
1.5064998774
1.5057202608
1.5049748188
1.5026533383
1.5034533794
1.5083220318
1.5004929751
1.4945972495
1.4861858191
1.4819350888
1.4812683643
1.4805226824
1.473612656
1.4705809794
1.4693826854
1.45368434
1.4442680991
1.4503311258
1.4437094206
1.4453163315
1.4128607965
1.4045244466
1.414179559
1.4131179638
1.4297183794
1.4094848935
1.4209064512
1.4229847357
1.4320131181
1.4238776022
1.4634304207
1.4540770321
1.4497889216
1.4782216495
1.4723332903
1.4690186017
1.4524695318
1.4502048131
1.4545454545
1.4648508431
1.4707477722
1.4670781893
1.4626481195
1.4601023018
1.4575944487
1.459386629
1.454487425
1.4531931264
1.450543826
1.4399949309
1.433418694
1.4337858607
1.4395363812
1.4294282797
1.4165280798
1.4198994716
1.4074938416
1.4078299196
1.4048492792
1.3898126155
1.3803018475
1.3756391766
1.3832288401
1.3907849829
1.3896425776
1.3958524741
1.3908193358
1.3894255211
1.387195122
1.3983936767
1.3908869832
1.403811486
1.414748954
1.4082436335
1.4156270519
1.4366829526
1.436935167
1.4373120669
1.4188023013
1.4036066424
1.3850947806
1.3804248664
1.3956739647
1.3962536023
1.3922905467
1.3782915864
1.3872586873
1.392357513
1.391743238
1.3810504634
1.3910808379
1.3887396033
1.3878356025
1.3697552448
1.3831450912
1.4200329239
1.4294666837
1.4220721295
1.4096400705
1.4201680672
1.4251201619
1.4167929293
1.4122263005
1.4074398798
1.4015777148
1.4063774564
1.4218905473
1.4192298075
1.4086945533
1.4076610857
1.4114365411
1.4105316973
1.403295861
1.4063791322
1.4114137484
1.4298796442
1.4338168039
1.4359547607
1.4369294072
1.4459146968
1.4688353936
1.459147541
1.4685579814
1.4687866545
1.4578282177
1.4544513458
1.4558367769
1.451994852
1.450767841
1.4692839442
1.4559651818
1.4621632074
1.4697361614
1.4465302952
1.4516547696
1.4470557851
1.4583006536
1.4590163934
1.446938246
1.4457642605
1.4534975111
1.4727321096
1.4733271252
1.4730676003
1.4864137745
1.4790966528
1.5000673945
1.4863115307
1.4774557166
1.485950862
1.4663610624
1.470739637
1.4695675749
1.4723267061
1.4789744981
1.4919923996
1.5090034364
1.5231633772
1.5078476866
1.5091630197
1.4984209804
1.5045808834
1.5081177766
1.4775576223
1.4801252382
1.4872039205
1.4805457984
1.4860493328
1.5113153203
1.5136123527
1.5138624626
1.5075111652
1.5
1.503475535
1.5100368701
1.523615081
1.5485893417
1.5968144044
1.5902826117
1.606462537
1.5681786462
1.5624476111
1.5738165473
1.6019044912
1.5986055777
1.5824911032
1.6101719405
1.6112233122
1.5911224925
1.5892908003
1.5935200905
1.6008183999
1.5852941176
1.5878131157
1.5737545227
1.5816426473
1.5730694714
1.5733127543
1.5720746184
1.5935539076
1.6067094932
1.5918599687
1.6056579511
1.6114768174
1.5942400912
1.5928297055
1.5991465149
1.5796385202
1.5745840906
1.5595783049
1.560658459
1.5523120993
1.5429152542
1.564990382
1.5753613214
1.5547524887
1.565474553
1.5599338661
1.5634210164
1.5699460357
1.5427344508
1.5261845387
1.5242691671
1.5330555556
1.546687168
1.5498869418
1.5427051246
1.5442062491
1.5239883187
1.5178970917
1.520005596
1.5268771331
1.5273321028
1.5216773276
1.5216281379
1.5149683767
1.5064606742
1.508534349
1.4949452401
1.5026126253
1.4911719728
1.4714009395
1.4756148395
1.4715964064
1.4652413793
1.4668325041
1.4734500973
1.4599751141
1.450867842
1.4488091979
1.4865012272
1.4801852104
1.4933938893
1.5090077605
1.5279822247
1.5
1.5288555138
1.5186819247
1.5206013363
1.5147650076
1.5195224719
1.5101727982
1.5204124286
1.5170077434
1.5069934912
1.5056365136
1.5129583678
1.5135843332
1.4987661091
1.4977350721
1.4905349794
1.4927854885
1.5071050432
1.5035679306
1.5242346939
1.5461921708
1.556985557
1.5588825215
1.5528653295
1.5528839273
1.556017192
1.5996202162
1.587986587
1.5769119769
1.5913461538
1.5520251896
1.5433913788
1.5517191977
1.544949423
1.5386357204
1.5432882121
1.5314971751
1.5380595961
1.5451069254
1.5472595078
1.5506162581
1.573972022
1.5729783037
1.5985019785
1.5826638478
1.5966741826
1.5837206027
1.5613715885
1.568149817
1.5530936455
1.5541107383
1.5613075196
1.5232044199
1.5281475319
1.5358038451
1.5313453537
1.5337638635
1.520979021
1.5160569673
1.4916162727
1.4868242325
1.4806138934
1.4728050247
1.4754954472
1.4681842386
1.5059868156
1.4760518656
1.4783942385
1.4894101877
1.4898507864
1.4800575389
1.483357453
1.4830586684
1.4731521596
1.4828957836
1.4851301115
1.4867527626
1.4846796657
1.4806782334
1.4772905247
1.4836396819
1.4848800834
1.4956030975
1.5150226004
1.5031603898
1.5157894737
1.5088624339
1.5002628812
1.4851174935
1.4752319958
1.46241724
1.4627136199
1.4601598762
1.4582745802
1.4503201024
1.4568665377
1.457721782
1.460272197
1.4600568769
1.4911772452
1.4848722986
1.5046692095
1.5054212933
1.5375483527
1.5415661035
1.5275063579
1.5508348039
1.5565728341
1.5496255956
1.5475835928
1.5539784359
1.5526532857
1.5530573074
1.5436589021
1.5476745781
1.5532150776
1.5534774176
1.5537075537
1.5527855153
1.5520166898
1.5492098697
1.5468055556
1.5498329621
1.5398119989
1.542305038
1.5436557354
1.5441036128
1.5431981554
1.5249932814
1.5245419286
1.5232135648
1.5269428649
1.5256895619
1.5230915512
1.5196754564
1.5243471164
1.5254535608
1.5169593779
1.5076325656
1.5048595393
1.4951929409
1.4953796706
1.5005437738
1.5013583265
1.4950828506
1.4869074795
1.4881079637
1.4787107043
1.4857984995
1.4779421565
1.4785513831
1.4619148373
1.4678618858
1.4499346405
1.4576827188
1.4543907865
1.4576360522
1.458629776
1.4687291639
1.4706039551
1.4693005873
1.4714879914
1.4716046076
1.4627263046
1.4729295095
1.4754229386
1.4705417161
1.477059368
1.4767105263
1.4716185961
1.4584260835
1.4562647754
1.4468390805
1.4479655712
1.4466899857
1.4473991439
1.4585346742
1.4559895833
1.4638867238
1.4778447824
1.4760291819
1.4861494027
1.4842008653
1.4841332284
1.4800367744
1.4816079874
1.4782894737
1.476744186
1.484029811
1.4835793113
1.4823934339
1.4754163362
1.4698207696
1.4646254072
1.4645977311
1.4705113116
1.484054519
1.4911745189
1.5066380582
1.5055518395
1.4999332889
1.4909843729
1.480397351
1.4805728683
1.4715811684
1.4686723349
1.4730491803
1.4730985731
1.4642391021
1.462743051
1.464761159
1.4652224977
1.4623908226
1.469993434
1.4702177906
1.4724274406
1.4749075541
1.4645814167
1.4668698648
1.4574524313
1.4593522802
1.4431027694
1.4425649095
1.4328552803
1.4203574204
1.4339054107
1.4309777602
1.4309392265
1.4240324268
1.4267782427
1.4344791255
1.4417501318
1.4409831756
1.4463631606
1.4468196038
1.4475706656
1.4478311841
1.4328532503
1.4237923017
1.4316188981
1.4290775489
1.4370782056
1.4261642563
1.4219660837
1.42860959
1.4322650148
1.4424308489
1.4416202256
1.4369759264
1.4291322594
1.4257733351
1.4264745489
1.4164324903
1.4222430407
1.433653456
1.4358108108
1.4325013419
1.4369411451
1.437466452
1.4375167246
1.4240268456
1.4160956604
1.418555052
1.4171001734
1.41896391
1.4140412819
1.4315472112
1.4389639019
1.4334160463
1.4384052973
1.448869155
1.4571827057
1.4529403587
1.4546466333
1.4474491218
1.4530317747
1.4614105584
1.4566457898
1.4407903828
1.4402420575
1.4444595884
1.4444140197
1.4345230018
1.4341390549
1.4209393083
1.4185426935
1.4207292641
1.4176470588
1.4178372648
1.416655616
1.4104537012
1.4159702878
1.4185400688
1.4174463039
1.4207462292
1.4175620109
1.4157169361
1.415541435
1.4245706737
1.4216023268
1.406885759
1.4028879927
1.4036349372
1.4005763689
1.3995813162
1.39672346
1.3846354167
1.3865480241
1.382310611
1.3752598753
1.383686193
1.3852779953
1.3807912546
1.3738110749
1.3715214564
1.3698470314
1.3759927093
1.3800104112
1.3816097942
1.3765962992
1.3891312971
1.3959820248
1.39625132
1.3907154129
1.3985930449
1.4087882823
1.4157377919
1.4060150376
1.4037800687
1.398841648
1.3970013038
1.3935935676
1.387839586
1.4019455253
1.4076822917
1.4120497708
1.4176617242
1.4249737671
1.4181175547
1.4035248042
1.3981191223
1.3990321737
1.4020252499
1.4099986774
1.4066587396
1.4113437583
1.4120703437
1.4133333333
1.41391258
1.4175691937
1.4009496175
1.4007915567
1.4020265824
1.4179025424
1.4283809016
1.4269021378
1.4181697613
1.4345064832
1.4534713925
1.4573840793
1.4571275456
1.4573529412
1.4484590861
1.449880351
1.4649758454
1.4819716408
1.482730707
1.4800974817
1.4834581348
1.4742268041
1.474291141
1.4779371955
1.479175091
1.490512717
1.5000673401
1.4966370729
1.5017444981
1.5026752274
1.495257181
1.4973878098
1.5025448701
1.5014777002
1.5016798817
1.4973871097
1.511161915
1.5181473456
1.515395993
1.5034068136
1.5000665513
1.4914603469
1.4858203021
1.4865259525
1.4869207277
1.4860705757
1.4797847204
1.4714889124
1.4674098361
1.4682894737
1.4680654526
1.4770107327
1.4787910923
1.4779567054
1.4746276526
1.4907749077
1.4900471451
1.4908047476
1.4864548059
1.4836054866
1.4917860428
1.493610855
1.5056031641
1.5002630195
1.499276411
1.5011153392
1.4880781759
1.4743722495
1.4668458781
1.4696387394
1.4611398964
1.4491823899
1.4609492717
1.4750284486
1.4696300038
1.4659705623
1.4673144876
1.4640391615
1.4711189074
1.480075188
1.4800651956
1.4870317003