134.3810499943
132.1077335717
131.3902847571
131.1321819618
129.9443826474
128.2784613679
125.6206445993
130.2173668206
132.3008849558
132.7917282127
132.3059360731
132.4957167333
131.6398276253
130.6433408578
132.1416372538
132.7987169206
131.6862120005
131.8073112402
132.4083709099
132.7164804469
132.0963238716
129.8425106334
126.7279041111
128.2239819005
126.4844275151
127.3786627447
129.6563573883
128.7326191019
129.7872340426
129.3935572624
128.8929509882
130.0624855358
132.7676240209
133.6820829866
134.0552829963
134.4739716054
133.5796486978
132.9788519637
133.211900425
132.6980702385
131.3028966504
130.5435823755
131.1756935271
132.5298271244
133.4567901235
133.0265095729
132.6712161833
131.8192829457
131.0299401198
131.2239304016
129.7329376855
128.9284451255
129.0250499824
130.372560615
129.2528195489
127.5740892585
129.0616495089
129.1252955083
128.719886632
128.4245361068
129.3551491819
128.86002886
129.1315852778
128.4559610127
130.2561623973
129.9469751747
130.4723642561
130.7840772014
130.6889859292
130.8112040742
130.5421103582
130.5258091686
129.0195139471
128.0337212064
127.7036684135
126.1371670988
124.9558979184
126.3082778306
127.1703987546
126.696129957
126.4474624732
126.1896243292
128.093806374
126.3784685007
126.137175518
126.1745766754
127.1535129933
128.3315210825
129.538609806
130.4038577456
130.2100941802
129.868563849
129.5405078597
128.7889775199
129.5399221032
130.870258991
131.8872821654
131.5510656647
132.310177706
132.1144278607
131.2034739454
130.426213353
129.4426790516
128.0489296636
125.8577103648
126.5879776101
126.8861620702
126.1861644332
125.6924198251
125.5071055508
126.5435872356
124.269147137
124.4071028483
124.4381020335
124.5126010461
124.4161358811
125.6660638939
125.2678463946
124.0067421141
123.4865671642
124.9036608863
126.4651902606
125.623555177
125.8017314962
126.7373811266
126.9314868805
125.772820948
124.9637155298
124.8001937515
123.8584199082
123.9806412583
125.152998776
124.9633967789
124.8899755501
125.1102941176
124.7244673035
123.9223348394
123.2941461641
123.2134234669
123.5208711434
123.4603750756
121.6851808083
123.9800166528
124.4591559286
123.3851185609
122.524203896
124.6202383735
123.7013743303
123.6215902496
123.7507212926
122.5377920293
122.2794370065
123.3910034602
123.1850920316
123.5294117647
123.3287388008
123.2938197721
123.440909613
122.8363720286
122.5962646991
122.4345610378
121.0701191567
119.8200250598
117.6700984781
118.6599664992
118.6289784109
117.2452282621
116.7850011094
115.8356468629
116.4956502342
116.5236768802
115.7789835013
116.1711464619
115.5744866754
116.6430208447
116.7803697183
116.1456619502
117.3840692256
117.6320177877
113.7049816692
113.1767775603
111.0316867598
109.4209802054
108.8139851356
109.5769311724
111.5376367146
110.2653927813
109.6591504982
109.0662776157
107.8726273208
108.7613293051
110.7558755029
112.1299254526
113.862128024
113.418394471
112.7351056005
113.7879753559
113.7795275591
114.9370900097
114.8600836282
114.1704325371
113.6596836255
114.0840585863
114.7052564375
115.7555579422
114.5584977318
114.3007693118
114.1682479443
114.6695095949
114.6235418876
112.8769442387
112.5302982401
110.9561752988
109.9759991652
110.4959025005
109.565941501
109.1731669267
109.5317377732
110.0587371512
108.6154491143
110.3499469777
108.925567704
109.1319407998
109.1650973007
109.2530423836
108.665894493
108.1115070216
109.1900476443
109.9567099567
109.1082397797
109.7340425532
108.0611390285
107.1115745568
106.4718818724
106.503131524
103.5244983192
103.5377358491
102.8807845541
103.2423558383
103.0608052588
102.8028747433
105.2165860685
104.6152271797
105.7322218792
104.6097111248
103.7525562372
104.3097226518
104.2339544513
104.3974279195
104.6195091772
103.8841953431
103.2585305872
103.0937308556
102.4085365854
103.5834609495
104.0551667353
103.6806052551
103.1471040492
102.7283874923
102.8694404591
103.0855971297
103.4797605762
106.4119772845
107.7051228655
108.2395033147
108.4904666596
107.8515871347
109.314400763
108.9091101471
108.9249708161
107.3787846708
105.9576253409
106.975269499
106.5922493682
107.2437789962
105.6096284668
105.7519788918
106.4567430025
105.7822410148
104.0593122305
104.5313336904
104.3165467626
104.7249190939
105.6036347901
106.4786913474
104.8022296066
106.3755837949
108.1089954038
107.9416884247
107.8056768559
107.2034820457
106.7196689174
107.4587747079
107.9111500164
109.0768380321
109.2775496615
109.779706275
111.5035429584
111.257910514
110.6340378198
107.4605451937
106.325367244
106.6284327782
104.4042006001
104.1042766347
103.9598618904
103.0749381787
101.3166277341
102.8069423613
102.9483767962
102.5417419972
101.6462642465
102.1819722487
102.5467610694
102.0662028252
103.6179295624
103.2631802721
103.1300074778
103.0306275434
104.0656511478
104.2855616116
102.9898558462
101.7569856054
100.6552525893
101.2022780004
98.4169407895
99.9895189184
101.7034700315
100.9438909282
100.429544264
101.0009482668
102.2990952634
102.3641420625
100.8783068783
100.8257463477
99.9266708569
99.8117745477
99.4657448146
98.3537800147
99.0797546012
99.2594943404
99.471067386
98.3191489362
98.0340063762
96.6251463856
98.5286162501
99.4671016857
98.0696236851
97.4588286618
96.3791612624
97.4370112945
97.689373297
99.0603146853
99.6934194679
97.8400086834
98.8282521428
99.7813251695
99.2326244245
97.5516449885
97.0655363547
95.827091804
96.8924132019
96.3045793397
100.0329272308
97.6694232628
99.774991964
99.2189171838
99.371404219
100.6782215524
100.8138903961
101.9332541311
101.5665236052
100.9525825572
101.295964598
101.31314201
101.9461077844
102.0408163265
102.7261064785
102.2816931443
101.4588435736
102.5962970845
101.5987294865
100.855152027
99.6410472973
97.959824231
98.1041164764
99.1336502905
99.3680219086
99.6304898649
100.0631911532
101.2399321747
100.4755865568
100.9229789943
102.0111253744
102.2890918861
102.2661055358
101.9372792465
101.8528435258
101.7623526868
101.2541896421
100.9587417861
101.0696920583
100.9191176471
99.7184013863
100.1184578936
102.0588235294
101.5233949946
102.3783547894
102.883040297
101.9211876433
101.2383561644
101.4989059081
100.7757019556
99.6076721883
98.0177642981
98.5118401043
99.0726598298
97.9465449804
96.9814575248
98.6518808437
97.9943625325
99.2118226601
99.552841095
99.326745575
99.3699761025
98.2870771899
98.0219541354
97.2378682842
96.0423574714
96.3564483385
96.4518542268
95.9211927583
94.6023329799
95.0250346224
94.5369184806
96.1320653916
95.0052910053
94.0510214883
92.0275277925
91.8953011668
91.817892391
91.2600763683
91.935483871
92.6283081539
92.8433060697
92.0942688806
91.1579172458
90.8633786242
90.2748189178
91.4294851295
94.7442262033
94.2197778497
94.6960731576
94.6413230241
95.071028842
95.5012436466
95.7331011211
95.3080775093
95.463985135
94.8603230031
94.419667138
94.3307943417
93.6961206897
93.5278914495
93.1071620894
92.338362069
91.7315175097
91.9222462203
90.1303738821
91.1563888588
91.7545958882
90.4978354978
90.2575708589
89.3688426978
90.0747643298
91.2528523308
91.7556087998
92.5433336967
92.8787878788
92.8463203463
92.4344569288
92.0696324952
91.9280590943
91.5165165165
92.0605930382
93.062149331
92.7632995908
92.6771227691
93.3173704832
93.0797733217
92.7171783148
93.172823219
92.7730722693
93.1304443709
92.7593818985
93.5426408372
94.3534100974
94.3281938326
95.486381323
96.2026713765
97.2966959617
98.677924675
97.9879946643
98.0167474658
98.0658709107
98.2234066178
97.0640372258
97.7604456825
98.2596002695
99.5632698768
101.0917276308
100.202020202
99.9775205125
102.3575860124
102.4913028841
104.2442713625
104.4833427442
105.5069830816
106.3598995204
105.9334629016
107.4819814667
107.5188830396
108.2113449222
107.3253833049
109.6748061567
111.1395945001
110.1114464825
110.0502512563
109.568152718
112.335061263
112.621474283
112.1266214447
110.593220339
110.6532066508
111.3263257352
109.7843918444
109.0644635792
109.4910109736
109.130537229
107.7551973838
108.0618701664
107.2854640981
107.3645206114
108.4275556592
108.7946376979
108.2851191854
107.7858043802
106.678141136
108.5445245292
107.1895424837
108.8591234873
109.0994481625
107.3264781491
106.95834303
104.584295612
106.0423660146
106.8925504757
105.1937536148
105.957099557
105.7440336921
105.8823529412
106.0214302353
106.2071370452
108.2609716029
109.3118835134
111.0806950726
110.7615302109
110.7626514612
111.2177564487
111.5025161754
111.2425328554
111.7590361446
109.4228927203
110.2759622367
110.407239819
110.0024606299
110.5483157118
110.4433858556
110.4392892399
109.5985176035
109.5138718389
109.7683539649
108.8975800538
108.6616099829
108.9020771513
111.1419909045
111.6237799468
112.0481927711
112.8006012024
111.1607142857
111.9663407994
112.8112098086
110.3705545884
110.768654854
110.2076124567
110.3576751118
110.2401393555
108.5562815929
108.3404567102
107.824404402
110.7952456807
108.5928978306
109.4987775061
109.6261910579
111.0043130006
110.1623497335
109.4502779494
108.9279180388
108.5284483804
107.9499939313
108.5558252427
107.822717365
107.1645047885
108.0513133781
108.0471050049
107.3869900772
107.8317710903
108.4279368213
109.2908327156
108.0720235179
108.3353914547
107.5055187638
106.1186877995
103.376997957
102.9743343728
103.5472972973
104.0687817874
102.9811275394
103.2009626955
100.8105852903
100.9304544912
100.7990459153
102.1890786625
101.8146857349
102.0192307692
102.7942421677
102.7791321307
103.1747962535
104.1025641026
104.5614460755
106.0971112477
106.2507705585
104.802259887
105.5321782178
106.663345373
106.4741035857
106.6889632107
106.8722139673
107.2121362845
105.2526512789
105.6352075801
105.0397219464
105.5099502488
105.2533300137
105.0917777219
106.6137566138
106.0879368658
107.0577911496
106.9634419299
105.4345134934
106.5850306135
107.3042168675
107.0920214758
108.0669144981
107.4124321658
107.26758485
108.2379293181
108.6961915395
108.7504634779
108.6127954461
108.0647153267
109.4094094094
109.2273068267
109.6223357846
109.1898577613
109.2494126376
109.1663569924
108.542465076
108.7279020893
108.8636917825
109.1319741179
110.0073493386
109.9622457679
108.9898386133
110.2709211318
110.3767906585
110.2403091414
108.9734386217
110.4008667389
109.5683453237
109.5015015015
109.3067881986
109.3506181731
109.2383469486
109.2742898066
108.1016868615
107.7781736136
105.6536259542
107.2755791506
108.2074217334
108.6523460938
108.8598402324
109.2048710602
108.3422971196
108.0817684811
107.979347571
108.5454974069
108.3646175504
109.5260496295
107.7093023256
106.120307764
107.4979433541
108.4146198143
108.6787564767
109.9233899928
108.8593974175
110.2524038462
110.6763285024
110.4596453131
110.2505420381
110.5339279258
110.1774154879
109.776603411
109.8110027688
109.3734822729
110.3076550388
109.8622189993
110.2013585638
109.5804026195
109.3738645997
109.0181818182
109.1231937301
109.2806285293
109.6916840683
110.0024576063
109.472392638
110.2939382852
110.5622636907
110.4812048488
110.2073170732
109.6774193548
109.1362530414
108.7262150042
108.4714994554
107.172894389
107.4951876805
107.7979992768
107.1897810219
107.3903002309
107.939809151
108.5317947459
108.5735402809
108.262841731
108.1383895592
108.8869608329
109.1304347826
109.2521394022
109.3874007937
109.2588032504
109.8588060441
110.6569523339
110.6451612903
110.4270109235
110.0086924128
111.4392523364
111.6103928706
111.9959677419
112.181909801
112.9585276692
112.6733921816
115.0038177653
115.3424308124
115.2479550102
115.5581186723
115.4657745754
114.8892056499
113.814593612
114.66126079
115.0170201623
116.5173867229
115.8646912285
117.2218564845
117.1229270861
119.4451783355
118.2907558599
117.4004192872
117.1166448231
118.4196547145
118.3124833644
118.0987687012
117.6711604547
117.9778247096
116.6076812164
116.5610142631
116.8280068956
117.3008086968
117.2304019101
118.406961178
118.5170232809
118.1928359817
116.1355385236
114.9719775821
115.339469121
114.8458266879
115.7306397306
114.606891047
115.1495104525
116.3429336906
116.1186848436
116.1117796497
117.6185344828
117.0712189917
116.3416898793
116.36
115.4313647774
115.7936613181
115.7398805574
117.3663101604
116.4616207542
116.8120220046
117.6951972096
116.3522012579
116.1437996499
115.9548751007
115.672935841
115.5190819322
115.1130503768
115.044949762
114.4444444444
112.1752419766
112.6463398945
112.4807395994
112.9643962848
113.4049993524
113.9958645645
113.7899896801
115.9332720347
116.4486722156
116.1061481871
116.6688680491
116.3300558065
116.9934640523
116.5890647865
115.6527501657
115.6951268092
115.6357844439
117.5276999066
117.0442430704
116.8724279835
116.159343568
115.8857594104
115.0243389028
115.1388161341
115.1281380753
116.3114969745
116.0728424386
116.334082199
115.8619784833
116.0872974386
115.5786736021
116.0886571056
115.4946054855
115.8114092212
115.5998963462
115.666838311
115.021733572
115.5077474709
115.9295448701
115.6210150472
115.4279135218
116.3767931954
116.4611668997
116.9779938588
116.6774068823
116.6645268969
116.3944883899
116.6112531969
116.0411311054
115.9668155712
116.7563412759
116.0367850844
115.5611285266
114.1810505402
114.9720670391
115.4702351176
114.9076846307
114.9719276357
115.7219384577
116.1815920398
115.8446362515
115.5900621118
116.0400692555
117.2067039106
116.7786905651
117.2871680318
117.3318413527
117.5795383656
118.5542470559
118.8662644545
117.7072927073
117.4652432969
117.3691408678
118.1399975134
118.2561307902
119.0023459686
117.828987265
118.9478811495
117.9997572521
118.2254772482
118.1524470504
118.318785125
118.2122771329
117.9453368497
117.4829361753
117.5051026534
117.1844894027
116.7515094116
117.2711163615
116.2
115.9798642004
115.6534954407
117.2409778813
116.5894346617
117.5293707107
117.3269634118
117.5141897371
117.284668139
116.652955694
116.2427071179
116.4959254948
117.5121777355
117.1473016633
118.5425685426
117.4058978662
117.3228346457
117.3778675859
117.749850389
116.3285024155
117.0532387934
116.9450496248
116.6426339822
116.3355145747
116.0885521487
115.6374735853
115.4577464789
115.8352941176
116.0498220641
116.2586165914
116.0109030576
116.1630695444
116.289917474
116.502994012
116.2174940898
116.4982764769
116.2293144208
116.1454631604
116.3909241314
116.5358941328
116.9931555346
117.2935888337
116.5836889521
116.6765790413
116.6606736186
117.155919153
117.7254713582
118.5632394194
118.7767584098
118.243902439
118.8995505891
119.450856518
120.8857636319
120.988725065
121.1026147015
120.3048180924
119.1063362227
119.7990688557
120.2556299452
120.7843137255
120.9510936348
121.1210597326
120.6632967575
122.0909995027
121.5715529031
121.8522629177
122.0175547039
122.3532332134
122.6006961711
122.191746665
122.2277535781
121.4232116058
121.9475467436
121.6364772017
122.6186005758
121.7418390232
121.2739487435
121.3646532438
121.5574783684
121.2957260746
120.9024960039
121.2325410439
121.8746181107
121.6642228739
121.8769043266
121.3737668981
122.2195299249
121.3874910137
120.9833712167
120.751106327
120.9173871278
120.9562808623
121.5594119065
121.9975786925
122.905711141
123.0316409124
122.501532802
122.5006140997
121.2480156307
120.5667720749
121.2284350912
121.5307494804
121.8382352941
123.8421314741
124.2088213307
124.7228795616
124.8969394129
124.4351154464
124.4140143104
124.8855339686
124.6015074756
124.9754540992
122.7256295939
124.0257375258
124.5843950977
123.9530380053
123.4293982877
123.5973994703
123.6067551267
123.9355304306
124.0582500903
124.3606675471
124.8351121238
124.13507109
124.7061617001
124.7505938242
124.2915465898
124.7693229479
124.7169586462
125.2558083544
124.9346327549
125.2328636255
126.0506208214
125.5587256301
124.7078267029
124.6638358103
124.9028611798
125.645560665
126.1809163911
126.720264838
126.8875739645
126.8410510192
127.5606310337
128.7562307145
128.5985748219
128.1323877069
128.6891117479
128.7119213241
129.5872939478
130.3364060816
129.3955053479
129.9065420561
130.0084225725
130.2218450721
130.1466133527
130.1577669903
130.6311732113
129.6666265495
129.0795481855
127.1559414773
127.5219558509
127.9754166174
128.2100011878
127.3016621478
126.3638492156
126.5440056252
126.446378175
127.4757740487
128.152250766
128.5090823307
128.6250146524
128.8443506798
128.0438075265
128.872829001
129.2003278305
129.0866510539
128.7168560606
127.1284783896
126.0384524092
126.4058970396
127.3853928528
127.6682692308
128.0116816744
128.5352010627
128.047607598
128.2094391738
128.1396185678
129.4216462683
128.6827195467
128.9853358562
128.3075089392
128.3409036577
128.5457163427
127.9248916707
128.0657547396
129.5129284426
129.1024261982
129.7202797203
129.6545914069
129.8268814619
130.6639452515
130.2094554159
130.2729231506
130.9983120328
131.4111017864
131.9141237486
132.2468544038
132.7360192423
132.4138761744
132.5168107589
133.1742812836
133.3491461101
133.5872411331
133.8904694168
133.8053097345
131.9795182125
134.2252862818
134.6383776814
135.1654777219
134.1881338151
133.5768963118
132.3232323232
133.8283062645
136.2491252624
136.5779645191
137.1981242673
137.1187236039
138.0584795322
138.6565420561
138.895389656
139.6132400047
140.5414991724
140.5854241338
139.3098541444
139.7545866095
138.8750444998
139.7316700012
139.0855106888
138.6087161923
137.8403866557
138.4733184121
138.4769303202
138.9808618058
139.3596986817
139.6714724651
138.1396997991
138.9342806394
137.3120189461
135.928495825
135.372465818
136.3070051716
136.5577290076
136.6782421267
137.9008046115
138.2430174266
136.6472891209
135.6602882117
135.6822474032
133.7703756201
133.6133459536
133.4393404005
134.0120042368
133.1018246027
132.5581395349
131.3145539906
132.5652841782
133.1591448931
133.7045373771
134.3246445498
135.2667382743
136.3463594251
136.3658013813
136.8239629145
137.3850746269
137.516465094
136.9028997714
135.3571858812
134.980806142
136.8858381503
135.8983579048
136.7396008656
135.3465699679
134.5393953821
134.5917159763
133.9019189765
134.8033373063
133.9892665474
134.1039084843
133.0705840201
132.1772181969
131.0340761703
128.7479406919
128.0319962357
127.7438307873
127.9140744219
128.3158761916
127.7302052786
127.9365449668
127.7887865719
126.1647496224
125.8408721874
127.420296625
129.842012873
129.7527408444
130.9226641782
131.0676198289
131.0348864435
132.8326683877
132.676056338
129.8186468263
130.4176334107
129.7350230415
129.4773995218
128.6002014099
128.3718851268
127.8756130183
128.877425143
128.4371853675
128.6095068858
130.1684703782
129.4983944192
129.4332521585
128.2926829268
129.9234439143
129.3859167307
129.1785323111
127.7013752456
128.2842551342
127.27371746
127.9363695794
127.5914968223
127.3195311644
127.2329246935
128.5777336423
127.8690319755
128.7007745173
129.1840315859
129.2839991268
127.6030368764
126.5503035559
126.3169280692
126.4840182648
127.7685950413
127.2606087536
126.1293859649
125.9980204553
125.8377425044
125.893149787
124.2866407263
125.1822038508
126.6934870066
126.6948234785
127.3732119636
128.1099956351
128.8900920411
129.9803407602
129.5328324077
129.7332607512
128.6714051394
129.1046409807
130.1211393648
129.9475753604
131.3253012048
131.101369863
131.5233949946
130.7617398831
131.0012975779
130.9765035568
131.050375134
130.9531467782
132.4517667462
131.4594594595
132.4213700991
132.365903472
132.487909726
133.115211328
133.7245612146
133.7651122625
133.3727429063
133.13997207
133.6051502146
133.5621581036
133.2690246517
133.629170231
134.1716609589
135.1549053356
135.0134336378
134.7482091308
134.524819686
135.5914206838
134.4941076547
135.6164383562
136.7720643032
136.161379604
135.3710397619
134.8245521043
133.6303840441
132.2363500374
132.7110825019
134.9308459312
135.0603567995
134.7973689794
133.8675440459
133.0573248408
133.3474173445
133.3896336958
131.4861995754
131.8590625331
130.9609292503
132.460953989
132.3067187006
132.886402027
134.0609511758
133.9778129952
134.1499472017
135.0949367089
135.1211801897
134.3634637696
134.6652609383
135.9636132854
136.1004682844
136.118251928
136.4112639162
136.22874472
137.1743595287
136.2288828338
136.375588912
136.3000982855
135.5555555556
134.4345336417
133.671109153
135.044345898
138.4890478319
138.5469223007
138.1264584954
135.7309098969
136.3424383744
135.2647906049
134.2822730757
133.6382445824
132.2193380921
132.2832123024
131.2780508656
132.1901709402
131.6940473651
129.3905287747
129.016202478
128.5547785548
128.0772070457
128.8867765104
128.0462403666
128.1684297864
126.5781772575
126.3650710153
128.4440670771
128.2002734827
128.3405974274
128.7281636131
127.1386430678
127.4660681842
129.7088855095
129.5252547149
129.6024200519
130.3654701225
129.1458920442
129.8172666594
130.303030303
129.115720524
128.6318758815
130.3600744227
129.9956082565
131.4855631475
132.2110608235
131.9800884956
132.6887155258
132.1711741067
132.5112353393
133.6817262306
135.0165279836
134.2597844583
134.7821165818
135.2833428735
135.7142857143
137.4314442413
136.6263133851
135.4962262025
134.7319610948
134.6602377215
135.5329949239
136.0642841088
135.3079244439
135.9804791482
134.8493211171
133.4026485717
135.0733914579
134.8113831899
135.3489404194
136.4292856349
135.1084812623
134.595959596
132.7618419607
132.2954222659
132.3202290497
134.2570951586
132.8774617068
132.1629058888
132.1139101862
131.8083025429
131.5720808872
132.1061830894
131.3463626493
130.3779847949
130.8579435223
131.4878892734
131.0904370402
133.0672498633
131.6484468016
133.5247589121
133.8381087264
134.5615569648
134.1862734468
134.8161844681
134.054521852
134.4091844471
134.53850355
135.0326797386
135.7362637363
135.2979556329
134.4659668867
133.8994050838
134.5358556973
134.5470497916
133.4763948498
133.7222099934
133.9584951726
134.8506878425
134.9915966387
133.8387780132
133.4404788295
133.2412421262
134.1574785611
134.5119910764
135.3953026795
135.6344728399
136.3454928484
135.3266888151
135.8943044299
136.7588495575
136.620185923
135.7276427236
134.8653972423
135.0754428165
134.5283637556
133.4063286981
132.3068493151
133.3002426649
132.649478881
131.6244933728
132.5021968366
132.6619488296
133.6549002412
133.2273972603
133.480809645
132.9221279877
132.1744834372
133.0164973233
133.7980241493
134.398249453
134.9884399428
134.3702081051
133.9287683317
133.3735203858
133.9826125234
133.7107056496
134.9202858714
135.3779840849
136.0534452297
135.7395925598
136.9475676277
137.2326203209
136.6175329713
136.6314863676
136.9037102474
136.1388334442
136.8736807021
136.8831458171
136.6414758835
135.9277504105
135.2748333515
135.1069665387
134.7386912604
135.770664328
136.2076502732
136.6728644865
135.6159930653
136.477851186
135.6352701106
135.6897292651
136.7595260967
135.8681740614
135.6838062727
135.3078556263
135.2161933022
135.6891963811
135.0451887294
135.7544865668
136.6192699491
136.6501004547
136.4692218351
136.4327979713
138.0197171024
137.6813139932
136.8826509076
136.1146228403
136.7506058371
135.4617304493
135.0385496979
134.1493519852
134.6999896726
135.411497105
135.5429747813
135.8982250949
136.3282051282
136.5896250642
136.8724873724
136.8064118372
136.8964094098
137.319545408
138.0893682589
137.9611550714
138.8842544317
139.1591528622
139.3741439258
139.3444339721
140.3338263258
139.8165520117
138.5684430512
138.5416666667
139.2842280483
139.6324911255
139.3463099823
139.929438622
140.3026847725
140.3541280626
140.4951005673
141.3620743518
140.5151983514
138.9503895039
138.5690789474
138.7029506829
138.0091438071
138.3210912907
136.933907744
136.4252214695
135.6044182926
135.8473188702
135.5626218074
133.6428571429
133.4591836735
133.5895071216
133.3230863818
133.8432912963
134.103749358
134.0010272214
135.178813471
134.8224395265
134.4614114734
134.8509933775
135.1077050539
135.151389465
135.3497557426
135.5925112436
133.8491898629
133.7842088707
135.0406589925
135.3227513228
136.2005277045
135.9429477021
136.3168400042
135.8506310629
137.2983233154
137.9295804343
138.1485786748
137.9233934789
137.9260031266
138.5979641096
139.2559806091
139.0956887487
138.4663602173
137.5300135714
137.4633431085
137.9400945875
138.5025619575
138.9882204459
139.5039765592
139.1015665525
139.6585822838
139.9376299376
140.3510615934
138.9793362555
139.7957056494
139.7781962754
139.4929813534
138.4761102926
138.6717108029
137.8315298112
137.7059636441
137.8125332482
138.2403433476
138.9199655766
139.143501127
139.0222984563
138.7603572582
139.0772230044
139.2091007584
139.8936170213
139.9566160521
140.0260049843
140.002154708
139.4113191213
138.6334336055
138.6604631032
139.1599353796
139.9892588614
139.4049657534
139.6989752348
139.5547945205
138.2757890277
137.1012043102
137.4880661929
137.1792152704
136.6101694915
135.1911995809
134.9264705882
135.4665825977
135.551131601
135.1909830933
134.513830679
135.5445230802
135.951853025
135.2978453739
135.5961148468
135.6283566058
135.202225551
135.4724662524
135.5477107403
135.850274282
135.9068760152
135.4355325571
135.2036977319
135.8405172414
135.1797862002
135.8299158213
134.6398877011
133.2685245193
132.6247288503
132.9903606628
131.8868739206
131.2413129477
130.7995735608
131.4077877621
131.4958091554
131.6435084672
132.3245614035
131.7217239116
132.1756225426
131.7889458193
133.2752802874
132.95404814
131.628007804
131.9816873774
131.0813751088
131.7884405671
132.8852459016
132.6849104297
133.4105960265
134.1393078971
133.4784550123
132.7792033917
133.0390074885
133.7669619827
133.7068579113
133.9137272523
135.1057875294
135.4906749556
135.6285746327
135.7239057239
135.3046796095
134.8865795061
135.7263799526
136.6069403493
134.2235956296
134.4362745098
134.4823739402
134.9680170576
135.3277952402
136.1148497084
136.1931499158
136.8344356014
135.8543105369
136.9777777778
137.6555555556
138.2260596546
138.3169203223
138.3503306063
136.6209641751
136.612442295
136.113847838
135.0934732699
135.2109589041
134.7687575525
134.6778649575
134.3967325312
134.2440201887
134.2223685655
135.0666519775
135.2468932146
135.3031634446
135.2876106195
135.9260084689
136.5327133843
137.1161254816
137.6316944688
136.8116258741
136.8421052632
137.0211360634
136.9212067632
136.3566487317
135.3459673865
135.86222173
135.3796980051
135.090627763
136.1903700401
135.4094707521
135.9544286831
135.9474211875
135.6289764483
135.4664870327
135.3621560921
136.0285779088
136.1045130641
135.9420945487
136.5958896332
136.0873043081
136.3127214539
136.2952836637
137.8176043557
138.038277512
137.7742230347
137.2396429389
137.61289585
137.5731833314
137.7435897436
138.4730195178
138.2247425067
138.290005777
138.3566393158
138.6274055182
138.3319875418
139.0280330882
139.8794342685
140.0669127826
139.4636458213
139.5343422584
140.0069962687
140.8289550496
140.3144432711
139.8107628622
138.5655496767
137.9964850615
138.0840296575
138.5741265345
138.1047911258
138.8215728201
139.1097357772
139.0481856038
139.1474709095
140.1550387597
139.6974749881
139.9880739416
140.1710416914
140.1236770127
140.1651112706
140.6957350488
140.778786431
141.1447730811
141.1424439624
141.2616089736
142.6104805603
142.5326244563
141.7009436245
142.1722936441
142.4662487946
143.2125343858
143.3117195005
140.6059897052
139.4727633267
139.1309385863
139.1763341067
138.8290398126
138.6248973366
138.5477469064
137.8428637843
137.8384660081
138.8797750176
139.4767852934
139.5146088596
139.5730125029
139.2390151961
139.4644935972
140.6518209232
140.2876029224
138.9822755861
138.2740070963
138.2491119514
138.4211727128
137.4186179326
138.6135221562
139.2668352103
139.8980537535
139.3198847262
139.6150299677
139.6215530172
140.9700722394
140.8179631115
141.8989244825
142.225840214
142.2188342911
142.1399176955
142.2411778453
142.5486725664
143.3207010895
143.0272716446
142.2980849292
141.4314397071
141.701269427
142.2259175674
140.0587544066
140.0894538606
139.9482413834
140.1745694739
140.1557154654
140.8848929374
141.2508867345
141.5468694309
141.1590424271
139.6135831382
138.8914873714
137.6655052265
138.0935835071
138.2981193406
139.4636015326
140.0372656341
141.1294117647
140.035335689
140.5230298033
140.8134310712
141.6120966782
142.156045265
141.1156782149
141.4319248826
142.3693135306
141.293763042
141.4707935769
141.6617836634
141.0906118636
141.0144756973
141.4522382799
140.1049562682
141.5992496189
141.6961130742
142.4445227193
142.6271883445
142.927864215
143.9952996475
144.3778639408
143.8912429379
143.2694582446
143.3096085409
143.6589698046
143.4138829661
143.4293162697
143.6958842367
144.4588387705
144.5817154959
145.3328636844
144.7984013166
144.2975786642
141.9377004123
142.5747126437
142.9357798165
142.9303862368
143.7073281748
142.721411605
143.1279082964
143.4456928839
144.0218008402
143.3149668278
141.9606967396
141.9067749472
141.3019451813
141.8191841235
142.3650215303
141.2076388122
141.135688346
140.7485096048
142.0487264673
142.5634149067
143.4461951056
143.0336078344
143.783113516
142.9243170622
143.3821871477
143.6085144724
144.3050733565
144.1460674157
144.1768875886
144.3043623787
144.6440526668
145.2723360888
145.1196009523
144.4520547945
144.0697276974
143.8885081106
144.7259327499
145.1327433628
145.1950742318
145.3655728267
144.9671393981
144.573331802
145.28973035
146.1690501105
145.6627906977
146.1950197812
146.4186046512
145.9774129701
145.6953642384
146.3651974814
146.9115958668
146.6987620358
147.1493003354
146.9253800092
146.1091489119
145.4161433954
145.6737912904
146.6905394478
146.3473744951
147.0855148342
146.7658776658
146.8617771509
146.9661610268
147.5867710646
147.5165755496
147.4206349206
147.4844611235
147.7646784172
147.1207215541
146.2933210925
146.3319578175
146.9839449541
146.636874069
147.3581213307
147.2253939256
147.7071600965
147.6990335941
148.3993551359
147.5964871736
148.0120902116
148.4555309477
148.3695021469
148.7731481481
148.6858863031
148.3725240357
149.6174356596
149.3700419972
148.8645627111
148.7651444548
149.642228739
149.8652606913
149.2806176161
150.3400562852
150.176056338
150.3454737089
149.3559243356
148.5621521336
149.2987377279
148.4686153488
148.1819244709
149.271274095
149.5813185517
149.218658207
149.6298907296
149.1683378554
149.6698113208
149.0759270159
148.9386654157
148.9103834052
148.9757914339
148.5614443797
148.7284659557
149.3535496004
149.6936130097
149.7049799386
149.923574368
150.0648508431
149.852368017
149.2883190213
149.8751931535
150.011907597
150.1017598468
149.9701278528
149.8685468451
149.7604790419
149.1186279181
149.1509321933
148.9708506841
149.1072484333
149.7152349312
149.6778811739
149.8509953511
149.970213273
150.2603550296
149.7529992943
149.3601033228
149.0429505135
149.3913857678
149.6718237225
150.1477017606
150.5086349657
150.4109910756
150.4123468426
151.3443396226
151.0220864662
151.383305746
150.8354907037
151.2033978292
151.2411347518
150.8705882353
151.3404984056
151.3277469609
150.987034225
150.4472064119
151.6745856994
152.3748693532
152.8755663994
152.9117749622
153.4143518519
153.5492048859
153.7733671821
153.1785262674
153.0786051329
153.0861354215
153.8085823933
154.8289150998
155.0052687039
155.1821386604
154.8922642176
154.4348647691
154.5336328171
155.6551480127
155.9767800024
155.7712797443
156.0180780209
155.9382422803
156.048146824
155.81671415
156.5145030908
157.0492974518
157.0255800119
157.8897338403
157.4727773124
156.2276306371
154.4547398432
154.4344320607
155.041716329
154.674796748
155.4377935686
155.5555555556
155.7629772371
155.8571600917
156.1263868789
157.083939835
157.258944815
157.5042568718
158.2260024301
156.7695099819
157.0081025517
156.9015795869
157.8479161589
157.6450553461
157.28448797
157.1256184385
156.9299733463
155.5448640847
156.0288808664
157.2291339534
157.9164142944
158.1155015198
157.8594910508
158.0038806694
158.5698755888
156.9841080177
156.630097782
157.4694757003
157.8239461991
158.8313573675
159.3856240894
159.4166061486
158.9783842531
157.124214023
156.599976323
154.9153339605
153.9323220537
151.8561484919
152.7088430619
153.032243045
153.939038687
155.1467108377
155.1176470588
153.951048951
154.0657036347
155.6836902801
155.4841724098
156.4015062368
155.7244766694
156.7589864467
157.4382606641
156.8326646212
157.2776598254
157.3499941059
155.9714586501
157.1647419279
157.2134038801
157.4808711006
158.7710957927
158.8430930039
159.3660968661
159.5513661854
159.2933030918
159.997618197
160.3462686567
160.3665793859
161.2383679313
162.3023478678
161.4331627187
160.7054089241
161.0368090898
161.4864062686
160.9484291642
161.5703949709
161.8606858906
162.5089605735
163.0898203593
163.1610361705
162.932790224
163.3253301321
163.2459095284
163.330529857
163.3909287257
162.3501199041
162.3532231009
161.9865481624
162.3843288066
163.0945213727
163.583884546
163.173146583
163.6396702231
163.6749031008
163.6562537985
163.5225477088
163.8209899064
163.0933592327
163.7370663421
163.6938800341
163.9815040156
163.0574796452
163.7880633374
164.127914073
164.2430885398
164.0751970891
163.3635813672
162.4833595546
162.4604526649
162.7360214399
162.226010716
162.6973442663
163.7795275591
165.2420948617
165.7888229476
165.6384947563
166.0113748764
165.6648113791
166.7121080679
166.6831805796
166.2305603555
164.6698517702
165.6576842623
166.8885601578
166.568914956
166.560665362
167.0591120922
166.9080643182
168.04784807
167.9654747226
167.6571288824
167.9926784625
168.7974528533
168.3266202856
167.9546562652
168.6116207951
168.0871788628
168.5655037814
167.3004723265
167.5806842999
166.8437575465
164.9506855906
163.8171210858
161.9211588696
162.2672832918
163.2451120649
162.0939056201
163.1641648797
163.3993125519
163.1329862754
162.8659476117
165.3574422225
162.4584717608
161.8687167357
161.2215909091
160.2147999528
158.0262849096
150.2635415498
154.2700354407
153.9551897577
154.0809327846
155.5581101276
156.9131088742
158.7019621502
158.4745762712
156.5506946837
157.614213198
158.3555607097
158.0802225829
157.7698008337
158.0420392521
157.5974175697
157.9275328871
156.243620279
156.4753912452
157.8652968037
158.7281653157
160.2213766863
159.6612512962
159.6844771994
160.6460576589
162.1254355401
161.1378205128
162.7108851398
161.9195402299
161.9789280806
163.3051925523
163.7384259259
163.4140741591
164.7753589625
163.9300602131
164.5646345728
164.6627053478
165.3256929014
164.9724146027
164.8496900222
165.8264947245
167.3769719802
166.654913023
166.670575818
165.1925320887
165.3156300955
165.2324774462
164.2108898354
161.6413304378
163.4017662576
162.2521085024
163.1314859163
164.3256823113
165.4468280372
165.8203125
166.6090762497
165.698875373
166.6054624742
165.8117700939
166.6590310388
165.8406879384
165.1332808458
162.6344384078
159.8922840185
160.9947066608
163.5269200758
162.1385041551
162.4889184397
161.358133392
162.6581582132
161.2209428634
161.0279765777
160.5194805195
160.8879263671
160.9427609428
162.8486385184
161.8953603159
163.0044345898
162.019443217
162.1182157768
162.3644011512
162.8250722383
163.6769797833
164.2354518039
164.2897060467
164.5674585388
163.8412378069
163.8548752834
162.8581134639
163.2193022202
162.8117913832
162.0327498588
163.7016763599
164.9038461538
164.3150684932
165.6085864353
166.2728615245
165.9372885179
163.0660852063
163.1631855244
161.1111111111
161.5207625726
160.3017802866
160.3209256631
160.9427977688
160.5035577449
161.7107275508
161.4797864226
160.8803807052
158.9060158424
157.2363480313
157.252970774
156.4566170964
153.2244378447
156.0696730071
153.1776094276
157.296893349
156.8145376804
157.7756430782
157.9831034114
158.58000858
158.0521554018
157.2672258202
158.3288869918
156.524527092
156.2099871959
155.5412371134
155.8779282184
154.9690104723
156.5983034468
157.5567567568
157.9060982191
157.9179674884
158.513630463
158.5179608518
158.9183342347
159.0211441451
158.4161590253
160.025901144
160.3311115889
161.0927681329
160.4322614655
158.1552892131
157.2108913966
156.4748201439
158.7679202161
158.2312364872
157.5844716032
156.1698228467
158.1107559039
158.3324829064
157.462082912
156.1165436041
152.676056338
155.8437715751
154.9851632047
153.2699167658
153.7306008754
155.4122152792
156.4236285227
156.9301032566
157.5857256778
156.8529938333
157.8689834232
158.8702290076
160.5230769231
160.3789042499
160.2897663504
161.2223934258
161.05414274
161.1732411549
160.2788520252
159.6645448116
159.9130522697
160.3492031266
162.1572212066
162.9402129402
164.4952500261
164.0739593017
164.286448166
164.3507030604
163.5452552459
162.9447980799
163.2842676689
161.5257048093
162.4686978297
161.3529595991
162.257996633
162.7889869693
162.7068929395
161.9789473684
160.1183677707
159.3508500773
161.3070539419
162.1223209618
162.8394022311
161.9687270438
161.8765586035
162.1695056955
162.5635175775
162.9032258065
163.4415314191
162.8105990308
163.1519039735
163.6761032473
163.5156331695
163.8111334108
163.9864936161
162.1886399166
162.5092095569
162.1525228155
164.8771706904
165.8446622405
166.3870899246
165.9517426273
166.3102747781
166.3319295972
166.0187884678
167.4451292032
167.5410189983
167.4147604661
167.3720578709
167.7582134421
167.3282278071
168.2200647249
168.6593025774
168.2420872541
167.4744897959
167.0843066468
167.0682730924
168.1471274115
167.4597247413
167.5848814862
168.1176470588
168.177911474
168.4768637532
168.8898404882
168.6902992995
169.0943836925
166.9218668065
165.9295745127
167.9229303409
169.1101152369
169.6153846154
169.3165969317
169.2092221504
168.3848057678
169.4324557618
169.2084631082
168.5195198443
168.4438196172
168.3511499838
167.4521196471
168.5087055261
167.4461405218
168.8738097844
167.9232876712
165.8033943134
164.6280991736
163.4357848518
162.5163398693
162.7060892504
162.1272365805
162.1190449995
162.2722283205
161.5528428461
161.2231620039
162.6826320993
161.2899705337
160.6499780413
161.2478031634
161.0338407622
159.2278412181
157.8304131516
158.033286196
156.8967385416
154.3013639781
152.6930078167
152.5929127053
152.6066860153
151.5795148248
148.7994877815
152.4223869374
150.2592318273
148.6242386053
148.1907550722
150.1352194716
154.1408089022
156.6113945578
155.4331709384
155.3694476837
155.560298826
154.9978777589
151.3720954684
149.3681639588
148.7605932203
145.906309348
146.2900148399
136.5939834444
139.0736584371
135.88264545
136.933587863
134.10041841
136.7696202532
139.4809441095
137.3490307521
134.8294253799
136.5833841154
135.2480683205
131.5593935134
126.99477266
124.4368932039
119.5531252946
117.9617117117
120.2487706104
125.1503978265
126.967285588
125.036847794
125.3442980283
130.1262778112
128.6336202632
124.9093226154
125.1201098147
124.755668491
122.7130570758
120.4528012279
118.6356707317
123.0635335074
123.4141610087
122.9053529868
121.6425120773
120.6142034549
119.5766186707
124.2959104938
123.5725161782
122.9946524064
123.1004200076
121.4278887508
117.6388371226
119.0043978666
117.8029950702
118.6329066963
116.4901942731
119.8015210536
119.7323488694
120.8302377415
122.5661690631
121.8701488449
123.8462235923
124.3199423527
126.0293213941
128.0706473014
124.4484304933
125.4951386388
126.6376338233
126.7029478458
127.6112624886
127.5736961451
127.6806631826
127.4862252732
126.6612200436
126.5916923635
126.8889904066
126.7027430491
126.9469525959
126.5604741619
124.8018945259
121.5277777778
119.4832962138
118.1915846016
117.5336843045
116.7620239585
119.6420500768
118.8873812754
116.5930599369
113.284620125
115.4955917713
114.7641467531
117.1135857461
117.1065493646
119.0668461193
116.1932072766
115.3417266187
115.5767157743
115.4237288136
115.2232383002
117.941904151
118.7206626783
119.6554567946
117.5936847836
116.3529411765
116.2331188253
118.2302184689
117.2803232026
116.3216266174
117.782152231
119.5004712535
119.5709199925
120.565966307
123.4566708531
123.8557963269
125.7294952681
124.5445641528
122.5143636187
123.6451263893
125.1786423184
123.4425745497
123.9706601467
124.9258746788
125.1849659663
124.6003898635
125.5893573315
126.4803921569
127.6817288802
128.1274664562
128.549034976
128.9279636982
130.0641700987
131.6511987626
132.355825814
132.4126488386
133.2709912393
130.3538175047
128.2638347623
131.4226107689
130.1379310345
133.9292808899
134.3259718197
134.8710717164
133.3534318159
132.6516360734
132.0176760068
131.904857487
133.6935855099
131.4200890648
131.4064362336
130.9875930521
129.3236810789
126.6653605016
127.8725712595
127.2415818324
127.9283687249
128.7363010377
126.7722619278
126.480802624
129.1585886002
130.6140611095
131.7662260213
132.3110407598
131.9079597077
131.1286347955
132.7125024767
133.8204799052
132.4663939217
130.9054171077
130.3514988986
130.1290014334
128.3952959029
130.4159445407
130.7477893118
130.6895896657
131.1992445704
132.3796033994
132.6924898191
132.7164009112
132.262967889
134.9655774265
134.9550755114
136.9605098001
136.8083476929
135.5888281025
136.8060249107
137.6976721344
136.7840976186
136.8585365854
137.3821681068
137.9293472943
137.8009236514
135.1205645952
133.4650983417
132.7558150665
134.6213143188
134.3112735668
133.0711682333
133.9002375297
133.6838080673
134.0190329713
134.0340530771
135.0187086252
135.3173456612
136.5968939905
134.5754898194
134.206486279
132.5342465753
132.2583704828
127.8357175819
130.7706626955
128.8550323176
129.2457195743
129.9925484352
132.9277494812
132.1475379142
132.9257970469
134.2579488631
132.5327102804
133.3239674066
135.289648623
134.8729135053
135.5182926829
133.2737367084
133.5077537818
134.7926046556
134.8258235517
137.180952381
137.6550276665
136.8615910385
137.0603975535
138.3242294187
137.0819195347
135.7266104294
136.7176233055
136.1789393361
134.846474602
132.9086447716
133.8292428693
133.7901257744
134.0111079733
135.3719633236
135.415879017
134.9637168976
134.2762847713
133.5704924172
134.0568862275
133.129119094
132.4769617425
131.6288925742
131.954469739
132.9646840149
133.2094406244
133.8280025809
133.9553267764
133.9730052337
131.8856315599
132.8638924223
133.0061795711
133.5240690282
134.2732001095
134.3675853258
135.0602742247
134.7524842739
135.0301590203
133.8925868515
131.7769596839
130.7217601288
131.549981956
131.3038020086
130.4987441694
130.8851224105
131.3015417712
130.6995738636
130.3197158082
130.7461368653
132.0017953321
132.8244274809
133.0911374238
133.1545543935
135.2216079036
135.3293957292
135.5736961451
135.4443031074
136.6060054595
137.1287581102
138.2563913923
137.0459155449
135.7943067034
133.532825535
135.7711670481
132.6253262533
133.3604336043
132.60496614
134.9395399582
134.6227013316
133.3183614804
135.0796651364
134.3267504488
134.5289464222
134.4606203093
133.7035378415
133.547638182
132.5417373449
133.684963347
132.503777442
132.0939334638
133.4788807699
132.371170533
132.2314774222
129.8754109708
129.8247136411
129.2594510616
130.7632331283
131.2167466201
133.0510717121
134.0385307886
132.7492177023
129.9523305085
129.1187066163
129.7750330834
130.5570433851
129.7830898628
130.4906542056
130.3883756391
129.193330329
129.6232566564
130.2156309708
130.9032553874
131.1848601207
131.5553111539
131.4149995433
131.7095504075
132.0843306942
132.4618937644
133.4481795325
133.3426365243
133.5959221501
131.7615821278
133.2932358656
133.4451276318
133.2561799833
133.5726778975
131.7261418324
132.5050246665
131.9704971772
130.5966760512
130.6115042642
130.1702941444
128.7368901049
127.486437613
127.3962739627
127.7396641993
126.4413162378
125.5678769451
125.4196212189
125.658192346
126.2384322265
126.1797143374
126.7608200456
122.5984672964
121.7616580311
122.3532564996
123.3977801647
123.6278567572
122.8268678161
122.6070528967
122.4532037437
124.1201949107
123.6581600218
124.0916560161
124.758753791
123.9219618926
122.0527170969
122.1020371372
120.298879203
120.842217484
120.7367106671
121.0202991453
121.2429278642
121.0263720599
123.0338094377
123.2736804049
122.3401385017
123.5784136183
123.7664101403
124.4323835369
123.7397049507
124.3253033871
124.1864238709
123.0193105938
122.3728200958
121.9773299748
121.9812002892
122.7916820022
123.5075666141
123.9377950569
124.4236644755
124.56612529
126.4411847146
127.2300909858
127.579684101
127.2273497834
125.5962441315
124.9064721287
124.5219662345
125.5102991891
126.6417910448
126.5536196776
127.1568171242
126.3525467921
124.2385202908
124.3560151417
125.3054752355
125.1026502426
124.0884080948
125.8994160859
125.5647590361
123.2644705007
123.821620096
124.5696547832
124.818959842
125.0142072362
123.0769230769
121.3767774743
117.4538745387
116.4527956004
119.5074167366
118.5964259121
117.8947368421
116.7517401392
114.4804716286
113.4843879525
114.1389839919
112.9094236048
110.3423616698
112.7684428071
112.3235613464
110.4052475514
110.3482497293
112.0893084044
111.9019518838
112.047753577
111.8949958983
112.9064947029
112.4388216825
110.2853472796
109.9135552695
109.3632958802
110.0036576445
110.0455373406
110.4790693414
112.4139829342
112.6427331689
112.5388411625
112.1198365865
112.0975786705
112.3498361849
111.4966479435
110.4253018562
110.3008122824
110.261677235
109.960658083
108.1598298928
108.5362614009
108.9134051309
109.9579242637
109.9420849421
110.5010055084
109.9415714659
111.8733975776
111.9401664011
111.4366646012
112.2129989403
112.7962504422
112.6191517272
111.8936243936
112.5314806774
112.5447090639
111.752901143
112.221448468
112.1682960894
112.9248152977
114.0635980323
113.9775517362
113.4148456469
112.8036656004
113.8214193102
113.4659919376
113.4529147982
113.0778484276
113.1042714639
113.5926498369
112.5536296551
109.9036082914
110.4159504985
110.2663563486
109.5494111623
110.0906447751
109.8924547627
109.4019281631
108.8673749143
108.0511727079
106.5769554247
107.031183977
107.5704970785
108.6893493647
107.3867005506
106.7289090756
108.0743243243
107.884097035
108.8091216216
108.4020878936
106.597454789
107.0079731431
106.436473349
107.0803165516
107.596419309
107.9668049793
111.2147134303
112.0788684098
111.9488763081
112.1097770154
112.0901639344
112.8408611228
112.6423209918
113.6290798684
113.4500462924
113.6911740077
113.9727401957
113.6420525657
114.6026186306
114.1487410372
115.1265401265
115.3973647137
114.3445322793
113.9942646456
113.9294503692
113.4779050737
114.2143617457
114.464896563
113.9464910141
113.5931790499
112.5947664466
113.1269751236
113.2986506259
113.4071841655
112.661394448
112.8449328449
112.4244897959
112.8373450036
112.0270487844
112.0506206674
113.2940511744
114.0061708347
114.5255003228
114.4658693353
113.1585355954
112.4005843207
113.4059765561
112.584529111
112.8840436075
112.690397351
112.5438157236
112.6081890812
113.8271192108
114.0076845974
113.3561358138
110.9518681137
111.4900358542
111.8030594333
111.2931686413
110.4797234635
109.0035111185
110.5693110999
110.5584861425
110.5972865652
109.9652662918
110.7585977184
111.4444631721
110.8577177832
111.0383614539
111.6748727364
111.8785452119
111.5733736762
111.3888888889
110.6941522928
109.9179091975
109.9011559725
109.3773506059
108.7396351575
108.7111479486
108.8805970149
107.8015931674
107.9207920792
108.4287115762
108.5166842575
109.0768227043
108.9079754601
109.6937926444
108.3229400516
107.1991374305
107.0831609433
108.0659945005
108.8073852295
110.4540567364
110.7166556072
110.0124120811
110.5685674088
110.4374897591
111.673990548
112.3490488007
112.4464226838
112.3815800313
112.8122681177
113.6246786632
111.8019053876
112.279695057
112.4918619792
112.6194560157
111.1753685754
111.9538334707
111.638641609
111.9714847591
112.9335200593
113.3610648918
112.9479575641
112.3543123543
113.1876412962
113.3913625711
113.2172899142
113.6703808415
113.7002244576
112.9413710411
113.2146976438
112.7913633761
112.5286228328
112.8918719817
113.0167826443
113.2113987099
114.8887056884
115.0559762924
114.7317393805
114.9896651509
115.1138716356
114.6887966805
113.6702432632
114.2134051759
113.0642290891
111.1822620668
110.6897369045
114.6406604079
115.2394069513
115.0975471545
114.1610087294
114.7803575762
114.5857073091
115.1809788381
116.0649521925
116.9661339737
117.5155279503
119.6464646465
119.3919543126
120.3503130817
122.1994710349
121.5384615385
122.5735169131
122.1554859995
121.2438269022
121.1130668008
120.8795794042
120.1414309484
117.3300370828
117.9937355753
119.4955073778
119.1609421001
119.2364410945
119.4002949369
119.646799117
121.0734603018
120.6556307592
120.4288847372
120.7893454605
120.1926189705
119.5571658615
116.8510501844
115.7530943578
115.2811342033
115.8769876503
115.0311463474
115.0153547761
113.9570552147
114.6918665697
115.2969894223
116.1805442399
116.9473512099
115.8586353248
114.854805726
115.6067941249
115.6242314944
114.990234375
115.7184418943
115.5564548766
116.8713902221
116.4468894102
116.9887604108
117.4628663187
117.0768860739
117.6673346693
116.625409247
116.3729573855
115.3691813804
115.2001283388
116.5311216684
114.7786037492
114.3099273608
114.5627955438
114.7901452532
115.3593462062
115.5325799471
114.2167122847
113.9297484125
115.398931866
116.2159974093
116.5696734562
116.893579312
117.3174872666
117.3586429725
117.4212917884
116.0016187778
116.5015429592
115.0427488305
112.8273092369
111.4390263304
111.7870121662
111.9731119019
111.7977084156
111.2482202183
111.7944264625
111.8620037807
112.8591615638
112.7197112367
112.5969447709
113.1772053084
112.2109375
111.3809746225
110.9979161843
109.4970778222
109.3723527147
109.9815441403
111.5714848366
111.8307426598
110.3632976246
109.7008019741
108.61910594
109.0532453583
109.4242447536
110.8772468889
110.55257099
110.4743687835
109.547123623
109.9992361164
110.4568138196
110.5464857822
110.6402579456
111.2832029737
111.004601227
111.6284438972
110.565054052
110.2777990357
109.7604054677
109.0190359226
108.526833769
108.4761535479
108.7296064332
107.9247036951
105.9707271742
105.1220642769
105.3804765565
105.2009818963
106.4318059713
106.0981236543
104.2982791587
104.6205630355
104.9091464346
103.250229428
102.9895251931
102.9128440367
104.1200796447
104.1389335169
104.2350774896
103.7491321453
101.7564043565
101.9978484709
102.297878881
102.7379400261
102.8018730329
104.7703044712
104.64099417
106.8797399783
105.6495003843
107.0914855773
105.6949881035
105.5709236207
105.8751247984
105.4542657127
105.6258576002
105.9678769887
105.7116816041
105.1871006997
107.5360121304
107.2635007195
108.7153102588
107.5387505871
107.3481180697
107.8200530173
107.7993122851
107.3229760325
107.211201867
105.710955711
105.6745846918
106.1129978388
104.9302827209
104.3052988293
104.1676296125
103.7185310647
103.9698415141
103.9319790705
104.1275219467
103.3885192635
102.8289524397
102.8906674955
103.7969748947
103.7677097929
104.3127520943
104.4518685417
104.3637497078
104.6196920205
104.1271568475
104.2478838239
103.6377769141
103.7721204595
102.8110886155
101.9639934534
101.4601389865
101.308411215
101.1976979312
101.4499532273
101.7968263846
101.9022374678
101.9931217758
101.9124190149
101.8703241895
101.7511090357
100.9204368175
100.5672546429
99.7613732584
99.4845757366
100.0843687682
99.3252568624
98.7268518519
98.0499460459
97.8942514602
98.1639394638
97.6393694733
98.4277935424
97.4705927577
97.2825669763
97.8407868449
98.664004914
99.8764287921
99.5381417905
100.1385361348
101.2203653323
101.3909394669
101.8435321456
101.0586069346
100.1678492409
99.7253376059
100.5337806924
100.1446847396
100.6280156238
100.5052824989
101.9140594973
102.2179437813
103.0855105047
102.4060850668
102.4747866563
102.8540065862
102.3348742459
103.4335780251
104.4718030183
105.355721789
105.604719764
106.4539463109
106.7505812555
108.8622948169
107.7794744033
108.3178999919
108.2064160726
108.0486815416
107.7745146027
107.6935602052
105.8002581478
106.4555321562
108.110531464
108.2432543939
108.1516821584
108.4270592127
108.8825694212
109.1568071988
109.7233794368
110.4420350292
110.6548465334
110.1577497705
108.6182746972
109.3675270059
110.3768115942
110.8912537413
110.1763683034
109.3770599868
110.154507147
109.5324184403
109.5136378574
108.579930567
107.5941026275
106.868983521
106.8527712216
105.6923698022
106.2353226982
106.6100323625
105.9175908686
105.3342988173
105.9754521964
106.5648358791
106.9600651997
107.7738804144
106.5369018654
107.1353194253
107.57884443
106.9927243331
106.6452131939
105.6038955855
106.0474815528
105.5978827492
105.6417262718
104.553443042
104.3961314044
103.8308060654
103.170556839
103.6542459619
103.3540967897
102.5546862526
102.323904159
102.27929374
100.9207079927
100.7358759297
101.3800761421
101.879849612
99.7221119492
99.7138542246
99.6734628863
99.602575312
99.1658059903
97.9859410789
96.9269363437
96.863511928
97.7053802177
97.937007874
99.3827648967
100.039805748
99.2294860593
99.3085909561
99.1030322273
99.8571315184
99.9048298834
99.4411648957
99.4222855334
100.1815455048
100.9223918575
100.6971712477
101.0375613287
99.4588572338
99.2690871534
99.4975275164
98.642426167
100.9656823623
100
100.7187350264
100.1277241159
99.0409973627
97.7866242038
98.048430779
97.4012556624
97.5870032651
96.740423507
96.8794550927
96.6346153846
96.8979979425
96.7045096184
96.5178431064
95.5869650569
95.1764705882
94.2303181925
94.8455220962
96.1324669224
97.077309868
95.9167709637
96.1556493202
96.1839224273
95.1725217119
97.2562893082
97.0061752521
97.741046832
97.0191402573
96.6477809254
96.2047108537
96.6554398057
97.1334068357
96.9838136597
97.9865239794
97.9796372892
97.9911068763
99.0317460317
98.7250554324
98.7128168904
98.6309992132
98.4965365239
98.6734693878
98.6377952756
98.2010997643
98.4570802005
98.614481409
98.4867492551
98.7697853001
99.7236696668
99.9531066823
100.0469593801
100.0155508903
100.3425724074
100.1629549158
102.6601987325
103.3076074972
102.5076644918
102.4376861577
101.3548437622
101.6019379542
100.5528303356
100.8801308513
100.038889321
100.1397732567
100.3194390339
100.6163207989
101.0304449649
101.3982717989
101.9899717957
102.7473825081
101.4386239249
100.7275856673
100.860787229
101.4662066803
101.4731233349
101.8662886841
102.9434974747
103.331758034
103.8272583201
103.3484091089
104.221867518
103.5677228829
103.3838786911
103.9615076183
103.1018260107
102.9449321628
103.2409619366
103.5777032423
103.671048413
103.185584426
102.5519621218
102.9979103038
101.9654841803
101.4657850713
101.1368153271
101.0090576831
100.9371029225
102.1559669792
103.6348884381
103.5906204201
103.92077279
104.6498324753
105.77176781
106.0361177538
106.9775105033
106.4563824544
106.3188167625
105.9695381592
106.4674983585
107.2860797095
107.3601973684
107.127076344
107.7924217463
106.7138973556
106.5459036641
106.6001977587
107.1728914173
108.7946799668
109.0984974958
109.88900943
110.2203233643
111.279333838
111.8287740628
111.6451640105
110.8315098468
111.7637087889
111.5733288147
113.162173727
113.5562623571
113.8159593699
114.3290305813
114.5546014398
114.712543554
113.8997480671
115.2229580574
114.9522055599
114.0090718772
114.9327235951
116.9518433586
119.1049300169
119.3675183134
118.2180851064
117.5887403736
119.8995155213
119.9333753489
119.520732364
117.9714513698
117.8236231627
120.4123896993
122.4356057158
122.2010351403
122.1457049656
123.6247723133
124.0547945205
126.501341723
125.3124710675
126.6809661475
126.2636643932
125.2898279731
123.8638471527
125.4232532036
125.5525505922
125.7642329625
124.1623231571
124.8620850865
125.4273905692
125.2010473163
124.9321224604
122.6082110347
123.2479910297
123.2436472347
119.7431192661
120.3288627595
120.8479586181
122.1618583739
121.4432412248
121.6493882507
122.0061989293
124.2953402297
124.3538196439
125.4669747737
124.9568221071
124.5654470374
124.7171620326
124.6944232238
123.5860753457
122.2401518747
123.7995025827
122.58401367
122.534945221
121.1135145302
121.4245229548
120.5929562836
120.6208842897
120.7516955539
119.9346710219
119.925198691
119.2886329866
123.8530345292
126.4211446895
128.5601344006
129.6788263283
130.2812687014
130.7171314741
129.6021377672
128.1721906256
128.501755755
126.887481734
128.3233591681
129.5914319714
129.6244784423
129.2055610725
129.2971468337
129.2300049677
127.4872698786
128.3094724456
128.3331707793
128.3073929961
128.114890697
129.9137674695
129.8798053045
129.5702119232
130.2254300969
130.2732240437
131.8094077009
132.2327524712
132.4675324675
131.8265682657
131.746680286
132.1384425216
131.8787133784
132.2207433193
133.2677369239
131.7945582391
130.5213174379
130.6984736683
131.4498824972
130.6138933764
131.6182405165
130.8747855918
129.8015873016
130.8801441874
129.632564128
128.0413566528
128.8819573058
130.6833892949
128.6752592305
127.4603477929
125.9283756969
125.5064543484
126.6096866097
127.6686999619
127.5530598649
129.666993144
128.5658383878
128.003127749
127.9949188978
126.9471013078
128.0227875454
129.1716328963
130.149551346
131.0285829308
130.2602602603
129.323458767
129.6131703868
129.7438999798
129.22517426
128.8062543851
129.0840602696
129.8252581414
130.4317409554
130.3838904871
130.6193458594
131.560426302
131.6533066132
131.2767439546
131.7248255234
132.4573721163
131.8154643284
130.2343826616
129.9177115987
130.0049043649
130.5151395989
131.2735942778
131.3904007917
130.8405682715
130.0381343503
128.7605062313
128.8959476369
128.619625988
128.4308048639
130.0461191247
130.1394070293
129.7553816047
130.0429603593
130.7044185363
130.5828549188
130.541727672
131.6059113301
132.1781200632
131.915523537
130.1828082458
130.2177947065
130.2252385168
129.65435978
131.0848400556
130.8984297356
131.6424157863
131.3093928178
130.3753590175
132.0517928287
133.025682183
133.1031722206
131.9881011403
131.9793425365
132.1085470932
132.5032245262
132.2705218338
134.3973747017
134.4498558791
133.5738288199
133.3959466139
133.425387119
133.4356739626
133.0218374975
132.9174852652
132.5980392157
132.3621126486
132.4905183312
131.9314641745
131.5406976744
131.5692546283
131.4043960319
132.6596683999
133.3760220668
133.4644121117
133.0769989155
133.5112165234
133.7575876248
133.959495157
134.2495337194
135.1799196
134.1081501653
134.3978191023
134.4541910331
134.7303634232
134.9533627884
135.0662089259
133.7036672894
133.3102835128
133.2840090757
132.7779968454
133.4319818487
132.0429472025
132.3072354746
133.0190551806
133.7911814472
133.6711376056
134.6123101519
135.1614196912
135.2287516268
135.509059966
134.5245245245
135.9769650434
137.1454619125
137.4072191154
137.2999797448
138.5542168675
139.0752864157
139.1580456827
139.6578377821
139.2301392301
138.7567622742
139.0415140415
140.8763628883
141.7079719124
141.5544361057
141.3517665131
141.7319587629
141.6417139907
141.5653964985
141.2610392278
141.9022075511
142.2844648063
142.3012900541
142.5049412254
142.6545719946
142.8690749635
143.3357763585
144.6522378651
145.0189155107
145.1473684211
145.0885328836
143.3738729293
142.1481558876
141.880786435
142.3989133842
142.3924449108
142.319782062
142.174817898
140.8354822073
142.2645040549
142.1817801485
141.8893528184
141.1641977884
141.2058731646
141.160537556
141.4952490341
141.5045529801
139.9938612646
140.0389025389
140.5658436214
139.4873889513
139.2948915613
138.0738165832
136.7702114742
137.4085365854
137.2515212982
138.5736118186
139.2882707843
139.4174757282
140.0615700359
139.2476424764
139.703628002
139.4602851324
139.5801487822
140.8067158067
140.6566431421
140.2641277641
140.9730062609
140.8489695478
140.4985696772
140.2256410256
139.9795814191
140.9267197387
139.3103448276
140.3187902319
140.6122031122
142.6850612581
143.3515859076
143.1785345717
142.8100535641
142.7266194436
141.0956114449
140.9164639092
141.5142276423
141.2110761741
141.4658940734
141.1867185899
141.063394683
141.7654270535
141.3948256468
140.7471675003
140.4229236899
141.4481127224
141.9501133787
142.8808118463
142.845283802
142.6002909998
141.6244703937
141.6829947406
140.6176740393
140.7071530467
140.8989448052
141.2009754115
140.7859906333
140.2944162437
141.4357296247
141.5011263567
141.509627202
141.5324648682
141.6256157635
141.3274698302
141.5088545399
141.3627541118
141.9186225274
141.694880476
141.6343207354
141.8285948047
141.874744167
141.6207389263
141.4567249086
141.5353329944
140.8495071639
140.0875674575
140.4922385621
140.081799591
139.5074292693
139.2563242914
139.0219155844
138.8635673048
138.6227848101
138.654353562
138.9312977099
138.9761370589
139.0502394782
139.0380884305
138.3409669211
138.2747409063
138.825564828
139.1932015972
139.7396473965
139.741219963
139.7090462043
139.858490566
139.3007279811
138.6773136773
138.0097879282
138.0234335201
138.0432564783
138.2155225097
138.369598529
138.6760649709
138.749108689
138.7396588704
138.5650224215
138.727792526
138.8091603053
138.3473930277
138.2767359351
138.6609946318
139.0090364504
138.979945027
139.0331152903
138.7607186607
138.5539714868
138.17018684
138.612552131
137.7329821718
137.8356469754
138.2911713908
137.9282301515
137.5775450015
137.049047426
137.0678292609
137.0325326847
136.6653135782
136.6247209255
137.1550758579
136.7515274949
136.8737270876
136.9727300582
137.7290508544
137.6491155903
137.612704918
137.4974379996
137.3151191454
136.5298202614
136.307943639
136.6608943669
136.7732706652
136.6053169734
136.9979508197
137.0476678626
136.9271685761
137.0461538462
137.0164609054
137.3643410853
137.8490605211
137.6442457636
137.2218756498
137.2671453845
137.1413721414
136.712669918
136.7561381606
136.9096027526
137.9690949227
137.7896613191
136.3416175232
136.0970996217
136.9401799894
137.4334964886
137.7682861719
138.3069687901
139.041903333
138.6363636364
138.7967027085
139.3329747176
140.4368615518
139.8387272529
139.7821350763
139.9607800414
139.2161132281
138.579508375
138.7534171679
138.8257161601
138.4910626165
137.8032786885
137.1713018072
137.3696344275
137.1854917765
136.9708779907
137.4756018217
136.9091301532
136.3283356704
136.1057382334
135.5315276737
135.2400084584
136.0454015063
136.2094709898
136.6695150609
135.7896981977
135.8361042583
136.8181818182
136.8057056408
136.8188671118
137.6147780058
137.7542189528
137.9691432323
140.5135680646
142.3116379802
142.4273387829
143.2076120601
142.489369038
142.5802752294
142.5768701239
144.2759578655
143.6042484415
144.3042370919
145.545475692
145.0139794967
146.3334890238
147.7687507359
148.0925947797
145.8956542221
147.1347383377
146.9686246756
147.1522711226
146.8676401319
147.5964391691
147.6657605484
147.68093478
147.4358974359
148.2568587516
149.3863166849
148.7139234392
147.8468328761
147.3210052157
147.8691655724
147.5130270014
146.9691598724
146.7159277504
145.983770434
146.1858859931
146.2540327399
146.8888622467
146.8934732778
146.8320886533
146.9020172911
146.5984346779
146.8097937523
145.2275713774
144.9622618905
144.8982035928
144.4030299387
142.5855058598
141.2057325595
141.3718929254
141.2334169953
140.2988614801
139.9029930202
139.0068412361
137.968164794
135.3517675884
135.7470318561
136.4159811986
137.0519819606
136.6104095362
134.4872400756
132.6145870154
133.5227272727
133.8165959453
133.7495582519
133.818655303
132.5349301397
132.9696116391
134.5729704364
134.1520742743
134.3068261787
134.9463647199
134.46884273
135.0364092157
135.8758421559
135.361939855
135.4226020893
134.4064386318
135.977134691
135.2772808587
135.2640342531
135.3248604347
134.7283319463
134.7598668569
135.1450999049
133.703571002
134.0558017004
134.2864007689
133.935190721
132.6107784431
132.3522345026
131.2696493349
131.7481499454
129.7385620915
127.8776104905
128.7812575868
127.2374484599
128.5350163855
128.5957033621
128.8929219601
128.6128915226
130.0911489566
130.9378368667
130.6689003231
131.0826959847
129.7397325692
129.9094375596
129.907551927
128.6793810723
128.8240917782
130.2526038549
130.5915962385
130.9901108066
130.5304944064
129.7709008036
128.4372742596
127.3536130816
127.2333774197
127.1957040573
126.4919594997
127.9666070364
128.2145830855
128.3309455587
128.5594739988
128.617671742
129.5666746469
129.2023809524
129.7216936251
130.4590865842
132.2886989554
134.1708542714
134.4358912677
134.0903628935
134.2562627352
135.4263844038
134.9826284893
134.334969472
133.9495798319
134.6554823247
135.4174109801
135.5611150822
136.5014925373
136.0541771545
134.4307766522
134.5375196994
134.7536617843
134.0621963071
133.47509113
133.8618485742
134.8116947473
135.3560371517
136.1921310662
136.3681778444
138.5960560585
139.970152966
140.5553480264
139.6510606251
140.4827413707
140.052193364
138.7674932482
138.9713155292
139.082161362
139.2667571905
138.7216189536
139.9378881988
139.936023622
139.0803188228
140.1405845357
138.399603617
138.7200793749
138.4995674206
138.171909834
137.3423147581
136.1782661783
136.2864525655
136.6334195296
135.9862441661
135.7230392157
133.7449565962
133.4218787732
133.4829552347
136.7031077263
135.9777914867
135.8085605033
135.6001486436
134.9379652605
134.6688166708
134.7377578921
135.6939457719
135.2729528536
136.0856647685
135.8495235738
136.9270576639
136.5467803733
136.6225083571
135.7000746083
136.3951902814
135.7735662083
135.903793702
135.7936805295
136.1370716511
136.1704771372
137.3489473029
137.8926292079
138.5101636093
138.5964912281
138.3554837908
137.7813704763
137.2014925373
137.1960297767
138.1804715467
138.4596636607
137.429967815
136.999280403
135.8916209119
136.1939393939
135.7446292026
135.8554625925
135.0305498982
134.9873843566
133.4093363735
132.5246759424
133.2816229117
133.9882592548
135.1253178351
135.8297153883
136.901170508
135.7682619647
135.8088589312
136.4667551587
136.7198838897
136.2296260786
134.885119692
133.4773218143
134.3190287294
134.5969863669
135.0476880357
134.6513299784
134.7815679234
133.820009574
134.0677763142
134.6669861045
134.7668955548
135.4539987974
134.840489326
135.292001439
136.8775559298
136.4715759175
136.4071856287
136.3961387201
134.9869760834
135.8925373134
135.2526579859
136.0498561841
136.1084452975
134.375
133.5920446277
133.7447065941
132.8758878055
133.34538443
132.8045531606
133.0033800097
133.0395943988
132.6594843239
131.971796742
132.3386114495
132.2616407982
132.4590567664
131.8187415343
131.9193409566
132.355108055
131.8014254116
131.7319536832
131.3795656466
131.4066938372
131.769041769
130.8032424466
130.514931793
130.3501469148
130.3275671697
130.1054179946
130.2051345044
130.0332471371
130.4818092429
130.7597282273
133.8325558556
133.8876570584
133.731821543
133.8701745759
133.5801869613
132.9487490891
132.8098574535
132.9511164756
132.9924519114
133.1789371039
132.6670754139
131.5808644973
132.1705426357
132.7565343659
131.5840386941
131.7454589198
132.16522158
132.0697954272
131.6473988439
131.5846599132
130.6166606563
130.7534906115
129.1855743969
127.8524687686
127.5649389159
128.1349534033
128.2752120641
127.6962797794
127.5776836158
128.0991735537
128.2744773828
127.8874226323
127.8253726088
128.3683777752
127.2335468841
127.5914813507
128.1464802086
128.4054534677
128.5748162201
129.2746730083
130.0035633686
131.1600338696
131.804429384
131.1140487922
130.310880829
130.7907954678
130.2350052613
129.1049953747
129.8920532843
128.155672221
126.9183376274
127.2891907187
127.9064434763
126.8306571006
127.2986864649
126.1491317671
125.1433711908
124.6665159394
123.6231071228
122.8027180573
124.4056338028
124.4446975738
122.8119706381
123.7802097583
123.4558070754
124.2451759364
125.2904989747
125.1390939026
124.0180078784
124.7201176071
126.3146016701
126.8736494939
126.1235635453
125.5622104193
126.0147811256
126.0356347439
125.7809013833
125.7433489828
126.1069903349
125.8609047941
126.0820559062
126.3378210205
126.8759918386
127.273754378
127.3944850872
128.0490549055
127.3133661153
126.6814897165
125.6588377991
125.2468729427
123.0369889682
123.6263140782
123.2879671635
123.7328692626
123.2608933057
123.0340760157
122.7776570311
123.2720148035
124.1379310345
124.2268041237
123.7187910644
125.2986491013
125.3170189099
125.8355614973
126.0463045414
122.8277356446
122.2091656874
122.6609898882
122.562466773
123.0942184154
122.4200815276
121.853668942
123.4930615785
124.3798491968
124.0586001085
124.0575288734
122.9479642935
123.4255829157
123.5634063897
123.7766074172
123.0566534914
123.88686333
122.5940507437
122.6242850858
122.9777385938
122.7053140097
122.4115190152
123.7386085797
123.2872163807
122.5353657199
121.3004240513
120.9138464823
121.6898395722
121.9273743017
121.7451671473
120.6459177148
120.8141403321
119.7622585438
118.84472708
119.0592223753
116.9588812357
117.4257425743
117.9382947676
117.7966101695
118.0963326716
120.0486412181
114.1484359027
112.4032586558
113.4921449841
114.0010272214
114.2724458204
114.1553915539
114.2681426814
112.5888324873
112.4759103357
111.3750754983
111.1278648975
113.5737772298
116.3781345084
115.8635794743
117.0405476567
116.589376054
117.5140643244
116.8594164456
117.4223834418
116.4867724868
116.4595943506
116.3137836121
115.1419888924
116.1470992286
116.1371500472
114.1965199591
114.211225846
113.0780856423
113.2346980138
112.6188068756
112.8549618321
113.6219099395
113.1919665613
113.1637616538
113.3827863022
112.9906920275
113.2010528447
113.0517656501
113.0805497041
113.3566783392
113.4268537074
113.5747968295
113.429544999
113.2107695399
113.39231852
113.7951990277
114.1806293421
114.8876983309
115.2447841355
115.657921917
116.0515646117
115.2407522215
114.8212461696
114.3788187373
115.2151639344
115.2383888204
114.5011719148
114.8303352412
115.3428307882
114.9488752556
114.2111724985
113.7145182623
113.5346756152
112.3992747784
113.185483871
113.4316299737
112.9139072848
112.606644585
112.7439147053
113.5126934358
113.8973422601
113.8998883135
115.2476063008
116.0041407868
116.0187110187
115.0747037609
115.6136528686
114.5147941237
115.1236822879
114.4041450777
114.352574103
114.3198586719
114.1343857098
113.258983891
113.7733887734
113.0118478487
113.3951839883
113.5425354462
114.118385275
114.6647015475
115.2670951428
115.0971128609
115.2026675003
114.6931184129
114.4843927063
114.6822121337
115.3195488722
115.8364859185
115.2930016863
116.145888877
115.704240358
116.1677293851
116.8408447638
116.7940598384
116.8406019993
117.2574213558
117.831352072
117.976904286
118.80486158
119.6712018141
119.8981324278
118.9192225593
119.7138672975
120.979340258
121.637092158
121.3481868819
122.1717916714
122.0184531268
122.2576240328
121.1626313385
121.5405904059
122.3499655093
122.4809776343
122.6969138646
122.7658571092
122.8941176471
121.8954248366
122.4734982332
122.6417313573
122.7748383304
122.4422829017
122.4057156243
122.8094902514
122.064182438
122.008621694
123.0832069086
122.8403755869
122.4544920728
122.9396571965
122.30813618
123.3052828425
122.8043680297
122.3470806302
121.7596863469
121.4391606797
122.0819465167
121.0087869451
120.8380393043
121.1636611092
122.6863604893
122.6447610294
121.2912709181
122.1553486259
122.050466015
122.4871060172
123.090217767
121.4837536923
121.8668776133
122.0267816614
121.6371631526
121.3731007316
120.3070716127
119.6776359973
119.5596289259
120.5679375495
120.566893424
120.5460750853
120.8671776685
120.8909194746
120.7686203378
119.7698036561
120.0497850192
119.7229476553
119.7026444217
119.1184759328
118.5929084381
119.0524306725
118.750699653
120.0727438054
120.2885275933
120.8743419547
120.6294902497
120.5402940841
120.7679083095
121.4277516355
122.5195222784
122.3204039477
121.7864923747
121.7296678121
121.4164305949
121.0544102737
120.7564160288
120.7709497207
119.7496677005
119.7090828337
119.77827051
120.1371226363
119.873851942
119.3892282066
119.2247716641
119.0672306322
118.3503552398
118.0097409785
118.4974958264
118.0840447943
117.8190306803
117.6209498447
116.4526396663
116.2117724433
115.8721501036
115.3378231588
115.615843733
116.1262335972
116.5904637492
117.4811413578
116.5322580645
119.0251399715
121.5070469426
121.4948050497
121.0192500278
121.4596100279
121.8596334376
122.2782823186
122.6629213483
123.5115362971
123.900789177
123.5114676308
124.4119662023
123.964868256
123.6713326505
123.840308495
124.6620470294
125.43601359
124.0864527629
123.4576120728
124.7186002452
124.8499666593
124.9665029031
125.2156379523
125.3407821229
124.4516200869
124.3766696349
123.8089962331
124.3581230633
124.846864907
124.4891196289
124.3013365735
123.3176496334
123.2359698064
123.4393922713
123.7211357861
122.8389644581
123.3157199472
122.9737100469
123.6880062132
124.0053197384
124.3342618384
124.0107011481
124.131403118
124.1901369253
124.6188091263
124.9636993187
127.1296920656
127.6992143659
127.9811891166
128.2359550562
128.8079845753
128.4921892687
128.3740942029
129.4050991501
130.1243298734
130.1061765042
130.355515041
129.2992188384
129.0764872521
129.028262583
129.3202570172
129.5462184874
128.6974977659
130
129.5934236836
129.4117647059
130.0848403662
130.3913872379
129.8452632751
130.1374418089
130.421819788
130.1830613145
131.0512367491