1.6228854353
1.6142291411
1.6144346872
1.6175160123
1.6093125775
1.6139470014
1.6149216125
1.6031613977
1.5891251022
1.5876918897
1.5968586387
1.6002207201
1.5986778681
1.6071924465
1.6070340626
1.6024329555
1.6041608877
1.6086170952
1.6138669673
1.6099110546
1.6079014444
1.604859335
1.5985587113
1.6064342404
1.5948580308
1.5992897727
1.6030307322
1.5991788192
1.599154334
1.6096691386
1.5973382415
1.6002277904
1.59563543
1.5967054814
1.6022597254
1.6028348279
1.5995068175
1.593166353
1.5866358114
1.5938669738
1.5931443448
1.5937728402
1.5915780271
1.591055247
1.5904075327
1.5939705882
1.593297234
1.5964500513
1.5972262774
1.5992737836
1.6009960451
1.6020213857
1.594622093
1.5991585667
1.6035563329
1.5966867028
1.5966915532
1.5938138313
1.5968356285
1.5981762024
1.5900621118
1.5915639388
1.5988086374
1.6017489254
1.5958549223
1.5955904114
1.5959791512
1.598643468
1.5966212211
1.6032099866
1.5998813584
1.6118870728
1.6061102832
1.6003265064
1.6070143885
1.6016758941
1.5958245719
1.6008441363
1.6037450921
1.5945580277
1.6004221954
1.6012409201
1.6055170335
1.6035055908
1.6074355083
1.614187643
1.6116193962
1.6052591809
1.6056443184
1.612071535
1.6124401914
1.6055456172
1.6085585586
1.6031292312
1.5985280865
1.604997742
1.6032151442
1.6011396011
1.6005712568
1.6028368794
1.6037306642
1.5993957704
1.5869044052
1.5979239811
1.5959395512
1.591889824
1.5942604183
1.592564376
1.5886688162
1.5914061297
1.584992343
1.5855425401
1.5884053561
1.59293652
1.59397352
1.5976976674
1.5941275424
1.5923488906
1.5934405941
1.594511255
1.5949561741
1.5935861856
1.5955802813
1.5938513827
1.5957936752
1.6013793103
1.6045468605
1.600867679
1.5948622717
1.6070532915
1.6066164942
1.6044249176
1.6033187226
1.6037676609
1.6029203957
1.6077348066
1.6044268775
1.604321085
1.606895466
1.6092370744
1.6079420107
1.6011506764
1.6057618241
1.6068376068
1.6151376147
1.6080832823
1.606416629
1.5990665462
1.5962230216
1.595209759
1.595110316
1.5961165049
1.6012572968
1.5993765771
1.6067281929
1.5996722288
1.6011059632
1.608500449
1.6005112013
1.5957382953
1.6031240522
1.5996064184
1.6035060976
1.598753231
1.5954954955
1.5943763087
1.6036641221
1.5988760632
1.5845359259
1.6007662835
1.5993271142
1.5973113352
1.6036650008
1.6016346299
1.596176822
1.599065843
1.5995468278
1.5983383686
1.5985798459
1.5994236311
1.6147045137
1.603791031
1.6004025391
1.6016949153
1.6070381232
1.6035147218
1.6118870267
1.5968234575
1.6094110411
1.5856075621
1.6009814446
1.6014082351
1.6023436311
1.5988275966
1.5949461722
1.5908956109
1.5895533462
1.5841481481
1.5921346641
1.5932480666
1.5956390977
1.595020249
1.5891484329
1.5857605178
1.5903792238
1.5813310033
1.5940623163
1.59030837
1.5944263267
1.5954243542
1.5955728388
1.5987423267
1.5988820063
1.6038654695
1.6039347262
1.6009125475
1.6016173329
1.6070229008
1.6100966702
1.6126672891
1.6115843271
1.605112316
1.6074520717
1.6067138897
1.6075949367
1.6059757236
1.6023609817
1.6043870566
1.6036341238
1.6026757934
1.6044485923
1.6025461885
1.599003736
1.5975801383
1.6032369579
1.6027440467
1.6039714059
1.5975571066
1.5979037637
1.6021076162
1.592904868
1.599061767
1.5951006397
1.6000622956
1.5993735317
1.602748381
1.5977574226
1.6023233609
1.5995550612
1.5972921914
1.6014930114
1.5894321767
1.6026984127
1.5974952441
1.6033501896
1.6024726581
1.6078959886
1.604784689
1.6053976365
1.5989168525
1.5994910132
1.5982450642
1.605045943
1.6019823447
1.5977011494
1.6114849006
1.6103264281
1.6076047998
1.6080299953
1.6130755933
1.6171875
1.6119355353
1.6107574793
1.6122969098
1.6116304865
1.6106943336
1.602943529
1.6174291237
1.6109143593
1.6155102041
1.611028562
1.6103099619
1.6086164043
1.6108910891
1.6061688312
1.5983325159
1.6042588043
1.6118453255
1.6060213661
1.6098793609
1.6011701609
1.6116776316
1.610738255
1.6038380224
1.6026640676
1.6029627218
1.6020457867
1.6136837045
1.6090237636
1.6122548225
1.6057058047
1.6047319656
1.6099916736
1.6088177015
1.6087897453
1.6155264923
1.6080174438
1.5996647108
1.6041457706
1.607712766
1.6102204409
1.610433038
1.6054251955
1.6186822352
1.6096425603
1.6093154318
1.609509609
1.6184409053
1.6107483677
1.5963468817
1.5838337932
1.5840039415
1.5922490891
1.595844504
1.5897945659
1.5943380516
1.5786860831
1.5884381672
1.5742558063
1.5714754098
1.5756081525
1.5701682732
1.5704907271
1.5757024793
1.5718765473
1.5584054893
1.5740435356
1.5819726758
1.5667279105
1.5716442953
1.5724819842
1.576097888
1.5784799317
1.5710149864
1.5678010019
1.5628968594
1.5628844839
1.5497857755
1.5417529331
1.5521322889
1.5546699012
1.5477465032
1.5550600343
1.5649707803
1.5568221071
1.5407645467
1.5581355643
1.5580034423
1.5481352992
1.5526773296
1.5497490915
1.5570862752
1.5577950043
1.5713793103
1.5587932808
1.5676767677
1.569035533
1.5747087625
1.5712365591
1.5674034081
1.5703826955
1.5726864928
1.5695244364
1.5668187744
1.5686178062
1.56526022
1.5637792697
1.5652386382
1.5677398268
1.5581357318
1.5596894209
1.5651606589
1.5556098355
1.5477205641
1.549652433
1.553491458
1.549884374
1.5417551888
1.5564901864
1.5539744848
1.5596734694
1.5562285153
1.5536501715
1.5490578298
1.5476422764
1.5419785226
1.5456020772
1.5481035325
1.5546745953
1.5494705493
1.5470452294
1.5466269841
1.564889336
1.5432450553
1.5456359102
1.5555371078
1.5537052456
1.5521005624
1.5530827563
1.5540945406
1.5484411666
1.5490065119
1.5570560432
1.5426160338
1.5428815004
1.5462915601
1.5486016371
1.5418163161
1.5409386776
1.5474079127
1.5549630139
1.559091691
1.5614095108
1.5603889458
1.561625128
1.5606817008
1.5611909295
1.5620323647
1.5441100602
1.5447070915
1.5429988032
1.5438806993
1.5466366158
1.5432525952
1.5438229657
1.55174198
1.5538248529
1.5511522346
1.5455192034
1.5538570921
1.5436217663
1.5268855368
1.5198657955
1.5314437555
1.5296099291
1.5349044813
1.5208704959
1.5090618337
1.5058635394
1.5132321807
1.520963271
1.5155247181
1.516540317
1.5197447836
1.5312879182
1.5231114177
1.5287675995
1.5165425255
1.5155301058
1.5232171018
1.5185444367
1.5184795936
1.5158647141
1.5133298484
1.5071478382
1.4931172678
1.5063897764
1.5052166225
1.4950848972
1.5008922198
1.5030292231
1.502875629
1.5060240964
1.5036429872
1.5128298453
1.5164319249
1.523783686
1.5254267745
1.5219010463
1.524884465
1.5170354759
1.5132462028
1.5179423723
1.5150923295
1.5022791024
1.5289842227
1.5281177932
1.5218472469
1.5261658953
1.5262687634
1.532661508
1.520452099
1.5210099188
1.5212536023
1.5243968801
1.5187997108
1.5139456387
1.5116484292
1.5121478873
1.5072639225
1.5061133115
1.5108011567
1.5117475562
1.5103565365
1.5082440931
1.5046776663
1.4991444216
1.5026545641
1.5005144033
1.5000843597
1.5108494533
1.4997480262
1.4964670256
1.5161236424
1.5161022576
1.5186646933
1.5227123107
1.5143415906
1.5235525025
1.5140522876
1.513613662
1.513613662
1.5122263065
1.5418502203
1.5197241822
1.5241291147
1.5266376952
1.5200968523
1.5328122456
1.5381513147
1.5384490853
1.5405493787
1.5347925515
1.5306390669
1.5269722987
1.5346437346
1.5292869962
1.5357786147
1.5361525705
1.5239511067
1.5225359089
1.5231228245
1.5267577803
1.5211774325
1.5374816267
1.5388916297
1.5412362682
1.5384742677
1.5453492221
1.5342465753
1.5387809334
1.5366297338
1.5328771696
1.5353265408
1.5322280494
1.5363072279
1.5368702035
1.5320080863
1.53297352
1.5320338983
1.5308890005
1.536371308
1.5330536913
1.5392058725
1.5366457577
1.5350328947
1.535944472
1.5375989446
1.536039768
1.5364041605
1.5390082645
1.5367793241
1.5375168237
1.5385005066
1.547480288
1.5283760684
1.5336858264
1.5263335584
1.5304377565
1.5291278869
1.5351918775
1.5340870161
1.5304019237
1.5340241796
1.5215063051
1.5332868595
1.5274934952
1.519400953
1.5269582909
1.5265667575
1.5304465494
1.5361158433
1.523776824
1.517176551
1.5223625811
1.5223573754
1.5184233076
1.522039758
1.5376083189
1.5176170213
1.5325423729
1.5290102389
1.5347840987
1.5311380311
1.5340599455
1.5336438923
1.5352625195
1.5416882444
1.5442775764
1.5414211438
1.5465076072
1.5420852096
1.5400696864
1.5388898556
1.5347621537
1.5352014011
1.5314415835
1.5324380886
1.5346981263
1.5344347826
1.5283972125
1.5325174825
1.5265111347
1.5308773803
1.526942913
1.5227111427
1.5272791896
1.5262782826
1.5251645029
1.5194035214
1.5190305206
1.5149668399
1.5090586146
1.5193687231
1.5206019348
1.523758293
1.5211979073
1.5170810231
1.5249508138
1.5257567711
1.5349457585
1.5315443398
1.5267489712
1.5213202498
1.5227596017
1.515774548
1.5238853503
1.5230280572
1.5235907404
1.5191788223
1.519003227
1.5192100539
1.5229802513
1.5198633831
1.5200945626
1.5191168551
1.519103139
1.5190323728
1.5184466019
1.5082344608
1.5092002831
1.5146147033
1.5028911863
1.5018081626
1.5049248315
1.5060428177
1.5077136419
1.5093884582
1.5082276311
1.509372313
1.5052468605
1.5094079061
1.5080269291
1.5070253598
1.5090598291
1.5079365079
1.5064957265
1.5078138417
1.5031618527
1.5087867523
1.5125211506
1.5209144793
1.5162048699
1.5152069137
1.5258247251
1.5225838592
1.5159415477
1.5066997519
1.5251954099
1.5171841275
1.5180682764
1.5192532089
1.5150507234
1.5185370741
1.5139738713
1.5118790497
1.5164578112
1.5092860794
1.5169766251
1.5108860759
1.5148067592
1.5184872531
1.500492126
1.5040650407
1.4986816084
1.4926196269
1.4786448298
1.4753234308
1.4850900973
1.4686855874
1.4373914417
1.4614155616
1.4645181775
1.4756955548
1.4806514028
1.4752106286
1.4831042846
1.4845294022
1.4856401103
1.4834683955
1.4823016001
1.4778903361
1.48545425
1.4849422106
1.4815789474
1.4803315995
1.4780487805
1.485690924
1.4803407602
1.4787948256
1.4773324573
1.4775327475
1.4802128367
1.4787216427
1.4799140354
1.4730064388
1.4718424479
1.4727863526
1.4743464052
1.4737442922
1.4681440443
1.4716207349
1.4767078189
1.4662195321
1.4630145973
1.4642740085
1.4655087662
1.4714428858
1.4707840852
1.4661016949
1.4639841033
1.4629045643
1.4562994723
1.4536577292
1.4590599568
1.4636787737
1.4657237937
1.4616404308
1.4609812315
1.4692728176
1.4709455023
1.4755129054
1.4699272968
1.4693979101
1.4733113674
1.474137931
1.4781307168
1.4723875661
1.471911958
1.4751527159
1.472303682
1.4768125408
1.4719229514
1.4772280472
1.4639477977
1.4652123616
1.4845046571
1.4811623585
1.4822001012
1.4842281879
1.4782535965
1.4781670264
1.4802062542
1.4869264924
1.482832618
1.481236568
1.4731289153
1.4751033912
1.4760086336
1.4817275748
1.4705979518
1.4800463653
1.4868794919
1.4641672196
1.4675995336
1.4690353644
1.4688382915
1.469269103
1.4717580214
1.4689539749
1.4718813906
1.4705581157
1.469328802
1.4791167408
1.4769680303
1.4761823167
1.4773383127
1.4757858963
1.4737913486
1.4691253595
1.4767461525
1.4792719919
1.4788399933
1.4836790207
1.4831098286
1.4812553011
1.4821549966
1.4821880804
1.481122449
1.4798572157
1.4834291512
1.4764815758
1.474025974
1.4723738063
1.471826205
1.4783128415
1.4806122449
1.4744154524
1.4729138627
1.4706962765
1.4755645433
1.4702920443
1.4685560959
1.4669123806
1.4599470374
1.46091421
1.463681592
1.462419114
1.4617929209
1.4633863486
1.4591666667
1.4598868176
1.4618849041
1.4658155552
1.467329067
1.4646940148
1.4627014454
1.4606685515
1.4612448133
1.4618587608
1.4679893298
1.4654710023
1.4646010328
1.469459279
1.4675518672
1.4655114962
1.4693707228
1.4691399102
1.4660835121
1.4642504119
1.4637514384
1.4676247109
1.4673267327
1.4650246305
1.4643089961
1.4619759506
1.460492228
1.4578819725
1.4525793015
1.4515765766
1.4541560914
1.4517509111
1.452884157
1.4566371681
1.4522934314
1.4517823043
1.4550821765
1.4575395544
1.4486607143
1.4561431539
1.4555941846
1.4533985176
1.4503154574
1.4531617762
1.4574585635
1.4592839037
1.4580696203
1.4623740554
1.4654847819
1.467280962
1.4589212919
1.4676990458
1.4776960401
1.4684614181
1.4705150148
1.4708541147
1.4697442296
1.4716951788
1.4806638484
1.4728125
1.4765173974
1.4752305048
1.4724934139
1.4666666667
1.4683120049
1.4681880006
1.4770905792
1.4562612343
1.4721184033
1.4691266181
1.4652746927
1.4642063139
1.4628308058
1.4649843213
1.4635860625
1.4668375038
1.4638563159
1.4715386896
1.4680439952
1.4698813056
1.4673687333
1.4725837111
1.4587621394
1.4694589878
1.4577964384
1.4626585928
1.4555683785
1.4588477366
1.4523983088
1.4398561151
1.4498680739
1.4551129608
1.4617437722
1.4548425431
1.4483063328
1.4496476806
1.4585618977
1.453667371
1.4567753515
1.4612825166
1.4590410341
1.4607110846
1.4568414797
1.471686837
1.4658024139
1.466051221
1.4704644521
1.4674467447
1.4651998204
1.4718930416
1.470508167
1.4732697259
1.4679008659
1.4725060096
1.4691468699
1.4691339527
1.4732984293
1.4638128861
1.462673355
1.4605980262
1.4602821084
1.4609770629
1.4576905796
1.4617232062
1.4668562023
1.4677638532
1.4718811581
1.4617819991
1.4695991593
1.4572402549
1.4607930829
1.4620452163
1.4626843438
1.4679064187
1.4657451923
1.461147639
1.4566499558
1.4664484452
1.4554191927
1.4584256388
1.4600924959
1.4610235049
1.4650884028
1.4616863905
1.465043788
1.4613104062
1.4606042654
1.4648034673
1.4680119581
1.4679467796
1.4693075295
1.4715127701
1.4704293005
1.469765343
1.462785114
1.467979555
1.4636106563
1.4680977937
1.464115545
1.4615952733
1.4633895818
1.4595426561
1.4634860237
1.4527696793
1.4630891951
1.4616938393
1.463742944
1.4579061372
1.4645142525
1.4672023375
1.46485623
1.4651061355
1.4712340799
1.4703209732
1.465239073
1.4734820505
1.4742390497
1.4703352121
1.4759422017
1.4760914761
1.4741992883
1.4684086212
1.4712219599
1.4735138317
1.4700779297
1.4688820872
1.469473991
1.4750073078
1.4734073641
1.4770815202
1.4699090778
1.473744951
1.4662953442
1.4575861087
1.456667141
1.4619766448
1.4576102418
1.4516765286
1.4518309859
1.4533464291
1.4530988275
1.4537255446
1.4512296214
1.4536396347
1.4525680606
1.4556130295
1.4581301379
1.4578954743
1.4579750347
1.4597717149
1.4603042877
1.4614639546
1.4625501869
1.4616235652
1.4601514109
1.4587268994
1.4614963753
1.4616118914
1.4625562679
1.463033433
1.4657738095
1.4690589032
1.4688008681
1.4676414839
1.4677287582
1.468125855
1.4673024523
1.4664601293
1.4688949523
1.466522386
1.466675716
1.4660843456
1.4671492965
1.4685745584
1.4681196697
1.4706524707
1.4713053006
1.4714384033
1.4707090063
1.4686016547
1.4697712418
1.4642711864
1.4598322965
1.462747223
1.463391399
1.46105919
1.458556867
1.4583054477
1.4591755319
1.4637816245
1.4698408453
1.4657298157
1.4678105879
1.4683004795
1.4662891046
1.4690749863
1.4680674592
1.4711498547
1.4722569879
1.473844873
1.4758698092
1.473829964
1.473371144
1.4766251729
1.478820598
1.4741014077
1.4754364596
1.4763129399
1.4850324183
1.482192159
1.4848232848
1.4858101496
1.4858694139
1.4859942045
1.4950865052
1.4976336303
1.49625
1.5034108311
1.4971798046
1.5017945886
1.5035921525
1.5092373941
1.5043919846
1.5064738292
1.5002718869
1.5022458146
1.5063030967
1.5072384594
1.5139679957
1.509261745
1.5096166779
1.5159039055
1.5132105685
1.5037125431
1.5098580442
1.5085369057
1.5152071316
1.5133429736
1.5130057803
1.5069416898
1.5115303983
1.5124287934
1.5118863049
1.5127973113
1.5143819642
1.5238832946
1.5275418275
1.5225756798
1.5249449268
1.5280884432
1.5307662287
1.5247242051
1.5370807128
1.5368351937
1.5395487552
1.5488691972
1.5413711584
1.5365308804
1.5378074307
1.5413336827
1.5414767548
1.5442806834
1.5431518475
1.546031746
1.545239036
1.5444858817
1.5298477829
1.5284801703
1.5348067761
1.5423683147
1.5432666306
1.5536463266
1.552755061
1.5516637478
1.5472181059
1.5485652701
1.5528589058
1.5482588429
1.5449338606
1.5498843065
1.5512415969
1.5502747253
1.5489408833
1.5429789575
1.5363113182
1.5363463109
1.5368035787
1.5430905378
1.5447449872
1.5461050358
1.5455155747
1.5467132679
1.5470833895
1.5499250783
1.5404442007
1.537368493
1.5321471896
1.5321621622
1.5324710321
1.5369245308
1.537749966
1.5425200054
1.5440513591
1.5448709193
1.5439054555
1.5441822173
1.5487906589
1.5487821851
1.5434722222
1.5433770631
1.5431731178
1.5408929837
1.5339245495
1.5391022021
1.5388637648
1.5389364389
1.5367255397
1.5339737251
1.5318367923
1.5382771747
1.5386215504
1.5400055371
1.5464315238
1.5520399667
1.5526425302
1.5562276602
1.557453844
1.5546429069
1.5538355218
1.5579690094
1.5546138072
1.5537380019
1.5543228251
1.5541858575
1.5456624075
1.5416946421
1.5415335463
1.5389790265
1.5380063125
1.5401738672
1.5470588235
1.5450587149
1.5487179487
1.5512297777
1.5476190476
1.5489372868
1.5489130435
1.5458135861
1.5481983779
1.5489072495
1.5482152371
1.5520777837
1.5519670388
1.5515518148
1.5480352214
1.5457392666
1.5482300303
1.5535001331
1.5529255319
1.5497535633
1.5505482749
1.5588515444
1.5635449232
1.5677339901
1.567916495
1.5690359477
1.5732658366
1.5669934641
1.5690816052
1.5724462366
1.5665733707
1.5566162822
1.5518904824
1.551427454
1.5502411052
1.5461268976
1.5538095867
1.5521779181
1.5456313197
1.5480093677
1.5494959938
1.5536363636
1.5547980448
1.5599586937
1.5583997942
1.5515832482
1.5483094846
1.548231715
1.5489922677
1.5512182676
1.5510976533
1.5528373266
1.5522538403
1.5544281598
1.552375
1.556197413
1.5565730055
1.5613504661
1.5528120713
1.5533932136
1.5585359739
1.5611492817
1.5602986932
1.5613272027
1.5569463378
1.5586198368
1.5619458128
1.5689888193
1.5676277688
1.5650735294
1.5674719375
1.5648397357
1.5621396148
1.5604907975
1.5664718319
1.5697615424
1.5695977668
1.5690063583
1.5672492872
1.569416996
1.5668322981
1.5669458682
1.5678092399
1.5700795229
1.5625078844
1.5687311178
1.5692774896
1.5680199875
1.5687843922
1.5678873941
1.5664120256
1.5676845098
1.5685887147
1.5783830417
1.5756942738
1.5779759693
1.5747749969
1.5762109135
1.5750708215
1.5772620082
1.578030303
1.5777722027
1.5713224368
1.5747763639
1.5767671649
1.576879343
1.5791878173
1.5844256976
1.5777431097
1.5764203442
1.5783976563
1.5803811229
1.5792148393
1.577611748
1.5706062932
1.5680708965
1.5640862135
1.5677056719
1.5640992835
1.5571338781
1.5598019299
1.5547876351
1.5520492834
1.54841169
1.5515792155
1.5589104458
1.5622024958
1.5604859335
1.5581041693
1.5601565459
1.5659425912
1.5669928245
1.5615483871
1.5534030079
1.5504045204
1.5499551109
1.5489667565
1.5529947917
1.552593941
1.5517465264
1.5532824032
1.5516974313
1.5571092525
1.5545073375
1.5578892098
1.5578240253
1.5532556007
1.5478882391
1.5485221031
1.5460671245
1.5540417802
1.5533133707
1.5476098936
1.550783739
1.5506670087
1.5476190476
1.5409132301
1.5406144233
1.536516129
1.5404771216
1.5392093325
1.5355547045
1.5343080672
1.5357507661
1.5369629725
1.5368569235
1.5350709084
1.5389602136
1.5402035623
1.5288689363
1.5292939409
1.5287846482
1.5254892185
1.527368158
1.5285051998
1.5230063252
1.5227862171
1.5181424149
1.5137844612
1.5070317362
1.5133501259
1.5167861184
1.5173663168
1.5212213354
1.5105823419
1.5082069137
1.5101073122
1.5123811906
1.516104775
1.5125465839
1.5199048573
1.5215215215
1.5298573412
1.5251284622
1.5199950012
1.5170503509
1.5170412448
1.5178835718
1.5190867804
1.5186228865
1.5176974893
1.5195298151
1.523061704
1.5221021611
1.5290913592
1.5243812791
1.5259732285
1.5328132739
1.5347553325
1.5294851016
1.5310527645
1.5344784036
1.5384909508
1.5372944027
1.5412562364
1.539369069
1.5383337593
1.5410276074
1.5370677555
1.5375494071
1.5356428214
1.538847747
1.5419435737
1.5409836066
1.538654934
1.5317804485
1.5343027591
1.5364213672
1.5357009346
1.5365671642
1.5406183502
1.5424737309
1.5381577271
1.5392943574
1.5406472987
1.5432828153
1.5408098097
1.5416244939
1.5362903226
1.5351685819
1.5314720812
1.5334180432
1.5354330709
1.5360837749
1.5399873658
1.5422473321
1.5418762575
1.5431446541
1.5435252256
1.5438974879
1.5474072191
1.5496815287
1.5442990184
1.5458101969
1.5474755087
1.5493491722
1.5495654365
1.5517762661
1.5538888189
1.5484674807
1.5493626593
1.5542473731
1.5545741325
1.5548525876
1.5535759414
1.5509617787
1.5493116395
1.5484722746
1.5461761371
1.5431098928
1.5386419753
1.539295393
1.5394833948
1.5380202612
1.5367486006
1.5370573202
1.5324721923
1.5327878715
1.5340730913
1.5277478125
1.5272923151
1.5329485329
1.5350495528
1.5317517374
1.5287342674
1.5271803356
1.5272362047
1.5269631031
1.5237193896
1.519420904
1.5209896811
1.5253837072
1.5253261253
1.5174743709
1.5183926898
1.5133441634
1.5164515754
1.5149797571
1.5104381739
1.5108931219
1.5142401458
1.5149823402
1.5129899727
1.5224699828
1.527339703
1.5249573621
1.5272665303
1.5304377565
1.5344470046
1.533210119
1.5359962843
1.5357802401
1.5357225434
1.5307543079
1.5360824742
1.5395300382
1.5390274744
1.542204797
1.5429921623
1.5450274977
1.5468571429
1.5470327925
1.5441559914
1.5440172884
1.5449189985
1.5462529942
1.5456943011
1.5517321824
1.551273067
1.5473647142
1.5488471595
1.5476471979
1.5508854782
1.5477439664
1.5491736022
1.5493907488
1.5459810875
1.5448512857
1.5443323442
1.5421629347
1.5475343765
1.5468990869
1.5497250777
1.5473124631
1.545540797
1.5479273073
1.5494061758
1.5538865045
1.5546800382
1.5591100421
1.5592256503
1.5618802791
1.5599609613
1.5574229692
1.5538832029
1.5575596175
1.5543842837
1.549553837
1.5472370766
1.5469378104
1.5458200307
1.5444877703
1.5366929865
1.5374854482
1.5431507649
1.5419046509
1.5379438385
1.537402264
1.5428470671
1.5479419743
1.5462292785
1.5528789659
1.5486756506
1.5518518519
1.5487706337
1.5493152261
1.5517722255
1.550832654
1.5473004153
1.5479087012
1.5505356311
1.5520169851
1.5528359614
1.554438861
1.5537963296
1.5547953427
1.5530376085
1.5542183175
1.548864994
1.5504543281
1.5532401831
1.5546004843
1.5512495473
1.550968829
1.5507751472
1.5482209177
1.547208001
1.5495549675
1.5502162422
1.5554072096
1.5524450318
1.5456593928
1.5435478137
1.5421871317
1.5446576641
1.5456375044
1.5435299715
1.5427925247
1.5425709516
1.5385349559
1.538204792
1.5407220823
1.5425391887
1.543242276
1.5463769846
1.5471197879
1.5478890229
1.5462951843
1.5439315415
1.5454987835
1.5457216306
1.5437996335
1.5430140329
1.5435497625
1.5445762505
1.5491236732
1.5485024035
1.5476805709
1.5459896983
1.5482315113
1.548664944
1.5456799306
1.5362968497
1.5321388297
1.5358348968
1.533576001
1.5318856858
1.5305638723
1.5362681341
1.533266508
1.5391547151
1.5386969272
1.5383239653
1.5387158296
1.5398038466
1.5461548175
1.5452695829
1.5409212029
1.5424203822
1.5407928389
1.5416507208
1.5422374429
1.5458386684
1.5478294276
1.5523039404
1.5504408714
1.5516297262
1.5535108327
1.5543393276
1.5494091676
1.5550482651
1.5548827622
1.5563631727
1.559912292
1.5597833097
1.5601708075
1.5603671148
1.5639958377
1.5636033229
1.5612323492
1.564095917
1.5627430646
1.5617452279
1.564568462
1.5600976989
1.5622826227
1.5588047504
1.5567326101
1.5559762716
1.5575810913
1.5609725212
1.5576559546
1.5577287066
1.5567594809
1.5526545909
1.5517284413
1.5518020846
1.5521449239
1.5493811569
1.5475555556
1.5503629186
1.5526649746
1.554468031
1.5517023162
1.5459459459
1.5463218679
1.549866937
1.5507246377
1.5472337222
1.5432358771
1.5404741432
1.5454208837
1.5428359501
1.5431440615
1.5437328682
1.5431837952
1.5447686117
1.5476911431
1.5450314465
1.5479989868
1.5522103659
1.5515128303
1.5535417996
1.552079359
1.5542338194
1.556501548
1.5571631572
1.5573876915
1.5562596999
1.5573982897
1.5552682612
1.551863435
1.5522582325
1.5491389356
1.5473764646
1.5506782698
1.5494731432
1.5471552058
1.5475700694
1.549521593
1.5496153846
1.5546532611
1.555816074
1.5528022833
1.5479700026
1.5455602947
1.5425778235
1.5446770488
1.5483125882
1.5464272067
1.5448143406
1.5467802297
1.5478922264
1.5426525131
1.5436943333
1.5446230237
1.5437516374
1.5432389937
1.5415845487
1.5374541645
1.5376428853
1.5408755274
1.5441934205
1.5479470199
1.5476756471
1.5489653354
1.5475656419
1.5483445456
1.5513342974
1.5503947368
1.5469430873
1.5468238376
1.5473283445
1.5499013807
1.5455265241
1.5434897206
1.5411012526
1.5403499608
1.5391590013
1.536952851
1.5401355225
1.5410553411
1.5441842412
1.5403050109
1.5432369644
1.5494902568
1.5516037248
1.5530521352
1.5544007367
1.5570716347
1.5578615526
1.5565616798
1.5584483892
1.5598313126
1.557338243
1.5563593318
1.5538319968
1.5500064691
1.5474033431
1.5445607763
1.5419944177
1.5427148512
1.545210041
1.5445519348
1.5477936447
1.5496680286
1.5507357646
1.5497946612
1.550878994
1.552550628
1.5514102564
1.5473882945
1.5473313192
1.5490468375
1.5512430238
1.5527528809
1.5560561205
1.553074764
1.5542261675
1.5549274059
1.5561026173
1.5578851413
1.5547909634
1.5554108608
1.5574921956
1.5555990603
1.5562238494
1.5586270143
1.5571278826
1.5589817609
1.5634764343
1.5612911657
1.5582003662
1.5610747051
1.5601936666
1.5633061332
1.5666137986
1.5638772298
1.565234529
1.5634517766
1.5629061606
1.5601508649
1.5604410028
1.5597541841
1.5654574132
1.5687153785
1.5702631579
1.5641759958
1.5657484407
1.5682081669
1.5726451613
1.5714101073
1.5745734011
1.5757694314
1.5763715301
1.5768172888
1.5731308105
1.5706853947
1.5748134573
1.5759937646
1.5814226159
1.5807587016
1.5811612903
1.5772044667
1.5772158431
1.5772887095
1.5775659441
1.5759937646
1.5733593242
1.5709279689
1.5729680602
1.5677402863
1.5659487702
1.5682250095
1.5743865031
1.573670111
1.5712474645
1.5747111845
1.5811239376
1.5783844992
1.5668734491
1.5620203021
1.5611537509
1.5607557422
1.5605314961
1.5603574927
1.5615327929
1.5578895945
1.5591463415
1.5559453248
1.5482708934
1.5503575324
1.5536038764
1.5485242318
1.5502779792
1.5537693338
1.5484921592
1.5513578757
1.5539717349
1.5566394342
1.562215944
1.562622549
1.5586065078
1.5603259548
1.5627515551
1.5601930036
1.5584275066
1.5595672259
1.5628128434
1.5577988428
1.5568825412
1.5539106834
1.5540991715
1.5503990178
1.5542688185
1.5561444595
1.56128151
1.5588854489
1.5616674889
1.5634871285
1.5619700748
1.5636589919
1.5642236025
1.5645121038
1.5657385441
1.5652546523
1.56698506
1.5681901728
1.5691207301
1.5693726937
1.5665770828
1.5676307692
1.566879764
1.568164979
1.5624691966
1.5620906957
1.5628899426
1.5663783377
1.569666002
1.5723356574
1.5699430552
1.5743487474
1.5755449762
1.5766596089
1.5728767462
1.5724682373
1.5719738948
1.5726380368
1.574240374
1.5768662232
1.5728226397
1.5726872247
1.5744419917
1.5761986301
1.5796438288
1.5812220566
1.5797568841
1.5817147099
1.5783398821
1.5807483998
1.5809676623
1.5787155963
1.580935918
1.5812716477
1.5806411685
1.5800099083
1.5801111797
1.5773081201
1.5762232604
1.5778764336
1.5792840448
1.5803045187
1.5815331441
1.5827035064
1.5825471698
1.5816797704
1.5807816779
1.5843847595
1.5871032242
1.5922730683
1.5891667714
1.588485607
1.586569782
1.5873015873
1.5908864542
1.5796618536
1.5778795002
1.5780900274
1.5810625855
1.5837177409
1.5861465366
1.5833850739
1.585523857
1.5879849812
1.589156023
1.5890359168
1.5888510531
1.5909148585
1.5941826496
1.593519695
1.5940089229
1.5924701094
1.58947102
1.5925973035
1.5895625867
1.5883685801
1.5905172414
1.590661774
1.5936946062
1.5907040842
1.5903072695
1.5883381196
1.585941381
1.5877596716
1.5906826109
1.5957553686
1.5976896032
1.5955406079
1.5962740685
1.5936917919
1.5931342174
1.5947191431
1.5948737091
1.5976065819
1.5967802321
1.5952232865
1.5939793507
1.5933888406
1.5867910631
1.5853121175
1.5833534962
1.5848532431
1.5875965251
1.5912664812
1.5874251497
1.5904750537
1.5919245013
1.5876325509
1.5887482083
1.5894308943
1.5906193626
1.5914055936
1.5921828022
1.5943498732
1.5974499089
1.5977517107
1.6011758942
1.6016990291
1.6052182395
1.602484472
1.6030795552
1.5946077241
1.6015166341
1.6081842686
1.6063933626
1.6088070261
1.6091197269
1.6108619227
1.6163104888
1.6138772492
1.6079643829
1.6092167037
1.6136955713
1.6124890939
1.6106327218
1.6140394704
1.6156152405
1.6120539057
1.6136108688
1.6177389132
1.6175149701
1.617334832
1.6154323285
1.6188155922
1.6152027868
1.6189819458
1.623793406
1.6228399699
1.6212612164
1.6193259545
1.6166999501
1.6142803645
1.608884477
1.6144115094
1.625436409
1.623798227
1.6242796292
1.6263887155
1.6267657993
1.6237795081
1.6212046408
1.6218715325
1.6242738846
1.6270913372
1.6260374086
1.6224439517
1.6217048534
1.614531269
1.6123842028
1.6113013699
1.60486618
1.5996578272
1.6060531798
1.6050543279
1.6117589297
1.6190887764
1.6150171485
1.6096758469
1.6055602768
1.6110569898
1.6078028747
1.6131812113
1.6128875969
1.6171428571
1.6203332117
1.6191520468
1.619776482
1.6202961884
1.6205639281
1.6232960078
1.6213168425
1.6235436893
1.6283520234
1.630257223
1.6302367942
1.633520645
1.6389093589
1.6344282238
1.6386821232
1.6409694313
1.6433608949
1.6442961165
1.6393085942
1.6359036145
1.6394746355
1.6421586382
1.6411992263
1.6386382774
1.642384106
1.6429520473
1.6464756378
1.6479382686
1.652892562
1.6508918821
1.647723133
1.6461612981
1.6469521045
1.6490074291
1.6488196642
1.6463623047
1.647804878
1.6516278503
1.6517304189
1.6536955458
1.6556673209
1.6572234486
1.656496063
1.6537185003
1.6532891507
1.6505713233
1.6514426028
1.6528255528
1.6480371774
1.6453709381
1.6483206668
1.6529809465
1.6500672948
1.6467437614
1.6427789269
1.6463519313
1.6505130424
1.6547751765
1.6555237977
1.6553355746
1.6590229312
1.661656937
1.6634412604
1.6648065476
1.6615517881
1.662611718
1.6548160905
1.6549434333
1.6543422184
1.651554245
1.6559655597
1.6540012217
1.6497640082
1.6546780073
1.6565730269
1.6546605013
1.6598051157
1.6579844206
1.6555179908
1.656878084
1.658125827
1.6583694084
1.6571256765
1.6579263892
1.6564674826
1.6609375
1.658940795
1.6659027862
1.6676321506
1.6647244477
1.6561145883
1.6487728207
1.6445138805
1.6477737665
1.6447305101
1.6501204819
1.6439303601
1.6394768133
1.6430706684
1.6500179233
1.6387791741
1.6408104544
1.6421509525
1.6422695379
1.6419166057
1.6262895983
1.6275479436
1.6238244514
1.624954792
1.6321312266
1.6341727919
1.6419219219
1.6419292759
1.6369312042
1.6383259384
1.6418179632
1.6458660229
1.6475211608
1.6485766202
1.6442145778
1.6451496574
1.6353276353
1.6358032009
1.6429844363
1.6466895653
1.6485941393
1.6496428571
1.646912114
1.6490373188
1.6539099526
1.6500996366
1.6525055745
1.6532097172
1.6498308643
1.6539002108
1.6590829131
1.6602519244
1.6625774039
1.6635722679
1.665447682
1.6599718111
1.6643513068
1.6655605594
1.6676133002
1.6715906405
1.68228612
1.6793793675
1.6775259679
1.6749881685
1.676786769
1.670877193
1.6723329426
1.6665095451
1.671986856
1.6699120235
1.6695845005
1.673255814
1.6804940573
1.6759173247
1.6765183125
1.6717610281
1.673351775
1.6692023974
1.6665903104
1.6612263402
1.6539371409
1.6473495058
1.6424297166
1.6432913102
1.6468343062
1.642496352
1.637043653
1.6371859296
1.6397515528
1.6367445964
1.6349223825
1.6354614621
1.6350830857
1.6386155037
1.6488447371
1.6498993964
1.6566760563
1.6553047404
1.649267911
1.6493871584
1.653052014
1.6552581046
1.6590319305
1.6663643578
1.6671585878
1.6687221651
1.6651687982
1.6565307533
1.6596406358
1.6591565569
1.6585365854
1.6603053435
1.6671681518
1.6692566392
1.6682769726
1.665377176
1.6584376057
1.6573474258
1.6541728004
1.6441964286
1.6407345576
1.6351456096
1.6421064401
1.6393716578
1.6358362156
1.6313643377
1.6304323908
1.625150224
1.6197490453
1.6117892885
1.6143532256
1.6091549296
1.6019072965
1.6054743322
1.5868759538
1.6013476796
1.6097882146
1.6107660455
1.6150650486
1.6147209785
1.6079047103
1.6053972039
1.6123668768
1.6112211221
1.6072016687
1.6011496794
1.6014572753
1.5994264917
1.6070523416
1.6152055857
1.6055750658
1.6021188292
1.6150115728
1.6118766404
1.6173491854
1.6130647795
1.6078750407
1.6110386788
1.61284741
1.6100702576
1.5982564857
1.5840292276
1.5827600584
1.5757607121
1.5815999172
1.5776021351
1.5726145332
1.5631305411
1.5809445246
1.5807437596
1.5808547356
1.5686785643
1.5527017683
1.5664716962
1.5611238418
1.5581746751
1.5577620968
1.574754902
1.5751363361
1.5666567549
1.569598888
1.5707171315
1.5686644175
1.5785800971
1.5844300466
1.5817594182
1.583350131
1.5950203252
1.5922546634
1.5832417857
1.585842312
1.582256934
1.5824912456
1.585466225
1.594208687
1.5976711504
1.6126292089
1.6063915858
1.6025255562
1.6138071066
1.6244296972
1.6176318243
1.618146079
1.6135845931
1.6197857069
1.62165565
1.6292657158
1.6328660272
1.6313412457
1.6268104451
1.6196828064
1.6124491711
1.6224958264
1.6288865546
1.6328619671
1.6332275132
1.6297729888
1.6365745623
1.6259724095
1.625
1.6215937242
1.6159435121
1.615968023
1.6180677024
1.6220954357
1.6296763346
1.6225725621
1.6093071355
1.612195886
1.6073619632
1.6181024628
1.6119020793
1.607714403
1.6114755805
1.6069214876
1.6099498328
1.6118041723
1.615248227
1.6171077308
1.6125545625
1.6210394228
1.6169926524
1.6225290242
1.6208294356
1.622460673
1.6150687744
1.6075910621
1.6065339459
1.608138352
1.6114384397
1.6114989733
1.609185975
1.6123704995
1.6168147077
1.6213792393
1.621377184
1.6165581774
1.617282697
1.6068652196
1.6090447154
1.6172512235
1.6187314881
1.6216547497
1.6276815182
1.629253112
1.6257662338
1.6294489987
1.6274145233
1.6305325939
1.6321911349
1.6341054397
1.6321971683
1.6331621423
1.6306800211
1.6341876721
1.6288933773
1.6240284974
1.6195121951
1.6224256293
1.6177618738
1.6222465753
1.6104223807
1.6135567236
1.613688462
1.6181978409
1.615911314
1.6243281781
1.6167815337
1.6110988769
1.6172744299
1.6151142355
1.6154694913
1.6094628874
1.6079690094
1.6026563365
1.5910299003
1.5900981267
1.5988227304
1.5973222322
1.593268359
1.5894220905
1.6061806656
1.5881234623
1.5860136725
1.5811202857
1.5778312199
1.5969404722
1.5926926819
1.5912392931
1.595992595
1.5916138895
1.5910031587
1.5784453459
1.5779672425
1.5760942761
1.5725494655
1.5622594521
1.5465767516
1.5536813312
1.5407081642
1.543138587
1.521532723
1.5423090099
1.548259045
1.5404667046
1.5221540559
1.5273140261
1.5322506335
1.512758342
1.4940821536
1.4931267474
1.4762514552
1.450496192
1.4491052754
1.4608675954
1.4739963504
1.4774178567
1.4829445552
1.5092409625
1.511744186
1.4978253203
1.5027084315
1.5042422814
1.4892658048
1.4852140998
1.4935828236
1.5122994652
1.5207362256
1.518207954
1.5253210565
1.5339924326
1.534320323
1.5448333733
1.541795298
1.5497533389
1.5488830171
1.5424304965
1.519253911
1.5346928925
1.5366415918
1.532223287
1.5495407226
1.5555154143
1.5601924233
1.5555954089
1.5785562633
1.5751209725
1.5838358071
1.5750313819
1.552
1.5439904885
1.5393831817
1.5206719756
1.5165145589
1.5064164779
1.5162961364
1.5018686599
1.4808234925
1.4911780243
1.4915018707
1.4858420268
1.4882126018
1.5042091272
1.5107454668
1.4976438356
1.4974863388
1.4980544747
1.4892294026
1.4775601567
1.4723898949
1.4706677176
1.4770672916
1.4850847458
1.4812779114
1.487802058
1.4974021476
1.4976814282
1.5017135024
1.5002276867
1.5174385363
1.4930907416
1.4891443167
1.4917101449
1.4857044437
1.4897415092
1.4992428655
1.5058370301
1.5150249449
1.4974003466
1.4927435272
1.4925512104
1.492641094
1.4845420735
1.4782710829
1.4811976895
1.4890193776
1.480282997
1.4836943862
1.4895675487
1.4864139942
1.4873469388
1.481360671
1.4795954369
1.4754694836
1.4805728372
1.4733936333
1.4613788333
1.4648279059
1.4679005205
1.4782608696
1.5250029695
1.5323672645
1.5407776197
1.5385617818
1.5296106318
1.5335657259
1.5318668923
1.5290815181
1.5248587571
1.5202823846
1.5263810598
1.5206951749
1.5167050691
1.5124042529
1.516532721
1.527239778
1.5228276878
1.5224559409
1.5167447708
1.522266743
1.5212359681
1.5224139928
1.5142241868
1.5114955611
1.5118272197
1.5134174312
1.5220588235
1.51104359
1.5116007928
1.5132712456
1.5122035859
1.5085805205
1.5061388411
1.5035550459
1.5092886271
1.5097725454
1.5066484828
1.5081190798
1.5102894618
1.5087898378
1.5124760077
1.5089633671
1.5076496674
1.506477688
1.5060307624
1.5049176705
1.5131328937
1.5107071158
1.5131256952
1.5158091881
1.5194663167
1.5196747967
1.5169987007
1.5161010517
1.5124388919
1.5119487291
1.5095691222
1.516463545
1.5166082988
1.5172376759
1.5157252888
1.5193453994
1.5187937063
1.5167045086
1.5112335278
1.5113660733
1.5097427064
1.506557377
1.506147318
1.5065174886
1.5131593198
1.5070696168
1.5057521163
1.5026122188
1.5323764654
1.5255498413
1.5235160558
1.5266869169
1.5243571661
1.5200729927
1.5190806592
1.5191701966
1.5158307039
1.515487447
1.5132743363
1.5118906704
1.5138858755
1.5136570561
1.5186071817
1.5179879362
1.5185025818
1.5199483815
1.5196497223
1.5145786607
1.5154902587
1.5213583938
1.5214507329
1.5245444802
1.5233946434
1.5276507729
1.5314540705
1.5226641009
1.5263325209
1.5270398984
1.5291684345
1.5293239497
1.5354049372
1.5351210509
1.5307027027
1.5291966878
1.5287504015
1.5237738274
1.518546474
1.5200731891
1.5154156921
1.5167270403
1.5148085466
1.5180122907
1.5173765628
1.5233204964
1.5228946526
1.5160300497
1.51719031
1.5164624401
1.5124920601
1.5132123528
1.5162144977
1.5197710166
1.516503029
1.5164412071
1.5140603922
1.5128178516
1.5132981476
1.5163696643
1.5168179942
1.5156040787
1.5148148148
1.5157492513
1.5142915685
1.5138319672
1.5086818042
1.5086348684
1.509137842
1.5119245127
1.5177238806
1.5144701228
1.5093071355
1.5119735756
1.5107234479
1.5174767322
1.516644474
1.5181705554
1.5172343045
1.5172308007
1.5152069983
1.5153885221
1.5167532335
1.5139268713
1.511712808
1.5097546259
1.51102608
1.5132360342
1.5148797391
1.5129936566
1.5114441137
1.5109503922
1.5095267363
1.5096635648
1.5104391649
1.5101750102
1.5118006104
1.5103806228
1.5119395466
1.5101422949
1.5103956399
1.5104113763
1.5092508341
1.509334948
1.5118126273
1.5109629181
1.5119675456
1.5129903209
1.5113510241
1.5104061427
1.5090054032
1.5062211519
1.5060398631
1.5070946966
1.5075908909
1.5075658884
1.5068931069
1.5097343338
1.5117084097
1.5106208312
1.5113648051
1.5105771206
1.5125659324
1.5121724778
1.5132346811
1.5081439983
1.5029883611
1.4935823855
1.493478034
1.4944514238
1.4886399004
1.4911697486
1.4903138921
1.4877947869
1.4888958074
1.4862147595
1.4830797889
1.483747412
1.4837879568
1.4855992567
1.4816910101
1.4799049489
1.4768109994
1.4750432042
1.4759385492
1.4768353528
1.4769183736
1.4751743947
1.4737919738
1.4755858367
1.4734864301
1.4713555254
1.4715666909
1.4711508473
1.4717178042
1.4719572282
1.470223064
1.4734776151
1.4719136782
1.4728289543
1.4723251138
1.466112532
1.4673269458
1.4648625521
1.4670639566
1.467164976
1.4663379074
1.467377261
1.4661135653
1.4672
1.4677158564
1.4668177404
1.4650334556
1.4642895616
1.4648970748
1.4639576354
1.4644288035
1.4624233953
1.4636176884
1.4639741519
1.4627773038
1.462847297
1.4631262094
1.4634120172
1.4631601592
1.4618680377
1.4621884694
1.4578211106
1.4527680374
1.4528521537
1.4481236203
1.4364134443
1.4369230769
1.4339043993
1.4266384778
1.4289538494
1.4275136817
1.4280076792
1.4321184996
1.4310694104
1.4225796279
1.431707832
1.4337797619
1.4324037748
1.4321199143
1.4330936796
1.4334800816
1.436679825
1.4408830397
1.4335620053
1.4363961312
1.4342035726
1.4324668435
1.4331772718
1.4355631545
1.4334901625
1.4336817153
1.4355670103
1.4351802044
1.4341706366
1.4325677588
1.4341563786
1.4329518463
1.4329605906
1.4326521644
1.432747888
1.4105916242
1.4116666667
1.4203348487
1.4092015041
1.4041939421
1.4010468872
1.400969451
1.4005911106
1.4017045455
1.4258809936
1.4244172629
1.4415345739
1.4343154246
1.4257368299
1.417101147
1.4241236162
1.4256303493
1.42122298
1.4167339873
1.4145891043
1.4079555967
1.3947551636
1.3887985127
1.3756176031
1.3780068729
1.3839193678
1.3899965426
1.3968760689
1.3931759123
1.3871803537
1.3754315625
1.3723770401
1.3704484902
1.3598895028
1.3584968407
1.3597051056
1.3515051998
1.3383393188
1.320354748
1.3207974138
1.3282434597
1.3364585553
1.3347182273
1.3376375953
1.3273320699
1.330459468
1.3385901778
1.3357029178
1.3396942541
1.3447548761
1.3435576421
1.3586830756
1.3637129025
1.3517393127
1.3460851287
1.3436164669
1.3541995995
1.3618448637
1.3783037894
1.3741410297
1.3599875221
1.3577523413
1.3679617702
1.3733001142
1.385279562
1.3791657933
1.3757129524
1.3871238335
1.3839417599
1.3629535597
1.3495798319
1.3441210465
1.3330218069
1.3425800396
1.3396108626
1.3241429162
1.315560617
1.3180399501
1.3066611673
1.3012431933
1.3022039979
1.3098345494
1.2996719295
1.2900569337
1.3004065041
1.2968813285
1.3113802932
1.3027114529
1.2864504395
1.2890506521
1.2901259651
1.295477694
1.2973872692
1.2951717272
1.3032277466
1.3265016234
1.3180165623
1.3139008946
1.3204586602
1.3202291584
1.3140495868
1.3264743527
1.3260206591
1.3240686561
1.3298858425
1.3360800471
1.3423854645
1.3306443775
1.3379450464
1.3393286525
1.3450213096
1.3374026723
1.3391186964
1.3277479893
1.3389326166
1.3383487287
1.340861244
1.3378921194
1.3399301513
1.3421457412
1.3483602593
1.3627287854
1.3555685018
1.3648715172
1.3632943971
1.3676817289
1.3687420085
1.379751861
1.3737887834
1.3717272372
1.3608207882
1.3490267523
1.3441326777
1.3348111025
1.338855862
1.3338544211
1.3385564587
1.3384131354
1.3425925926
1.3402337559
1.3591535237
1.3628557164
1.3465464275
1.3319741422
1.3278053625
1.3381690845
1.327952677
1.3127629734
1.3059895833
1.3173790889
1.3095308936
1.305438922
1.3068304668
1.3094113014
1.3086590797
1.2999705044
1.2971170818
1.2936968291
1.2845512882
1.2793947571
1.2778099652
1.2774055734
1.2669691996
1.2577892819
1.2459063214
1.2597502402
1.2624891712
1.2639330061
1.2463919483
1.2526355779
1.2429013213
1.2495092082
1.2483666231
1.2600795003
1.2706506024
1.2560740455
1.2479482476
1.2539728682
1.2653917455
1.2701941748
1.2854942728
1.2875470242
1.2825583639
1.2880833012
1.2885957365
1.3002220292
1.3008044436
1.2949216896
1.2880747805
1.2907272899
1.2977836711
1.2824305228
1.2886442751
1.2934406288
1.2994062765
1.2880060394
1.2995215311
1.2964487413
1.3092842771
1.3147597583
1.319070668
1.3184787908
1.309147347
1.3050782004
1.303820614
1.2926968429
1.2941399224
1.2937003405
1.2822005257
1.2814248415
1.2774175621
1.2776230269
1.2820226808
1.2821584471
1.2789410571
1.2985464033
1.2948860478
1.2926039063
1.2999345733
1.2925423098
1.2889386309
1.2900167317
1.2924981523
1.2794763823
1.2626124898
1.2610261026
1.2762411028
1.287239819
1.2841401734
1.2823678954
1.2853777858
1.2946477837
1.2941338474
1.2971902349
1.298226266
1.2995695577
1.3164767991
1.3120443009
1.3156044769
1.3156057683
1.3119552253
1.3150360171
1.3079710145
1.2981717154
1.2941071109
1.2921498662
1.2920282723
1.2774089359
1.2875517179
1.2909430938
1.2871908127
1.2888770811
1.2843923504
1.284247477
1.2889493549
1.2918885881
1.2839698623
1.2854550169
1.2780550775
1.2766744046
1.2682502393
1.2633333333
1.2515085265
1.2654032613
1.2603261833
1.2588006368
1.2614601019
1.2535310734
1.2518773743
1.2547294325
1.2615750948
1.2461592485
1.2391668873
1.2388112196
1.2291938998
1.223906453
1.2216534425
1.2172393213
1.226062468
1.2110045432
1.2183578947
1.2227329712
1.2219061166
1.2305306396
1.2203375668
1.2228956229
1.2096095591
1.2027468386
1.2229170188
1.2118239208
1.2043367347
1.2101252963
1.2084142942
1.212258988
1.205569959
1.188971759
1.1855135497
1.1940885875
1.1925729002
1.2046441697
1.2216889787
1.2313109885
1.231897575
1.2228325165
1.20244987
1.2102243968
1.1938561982
1.1735171261
1.1678059353
1.1597410048
1.1560254735
1.154185022
1.1501472031
1.1580798168
1.1642892277
1.1767209626
1.1725573423
1.1590194339
1.1637502007
1.1542108647
1.1496062992
1.1332440312
1.1112064929
1.0876091285
1.0975366434
1.084532925
1.0918218748
1.0718486128
1.0383183709
1.0362202424
1.0769813608
1.0979560355
1.1333228643
1.1434354659
1.1391715976
1.1341675907
1.1328770356
1.1348899582
1.1386279308
1.1443544545
1.1430162265
1.1687525232
1.1856302109
1.1797284031
1.1589190928
1.1349956325
1.1170271333
1.1098443151
1.2042011019
1.2092183335
1.2164498385
1.209795774
1.2045856941
1.2038988409
1.2023496405
1.2045691452
1.2072978649
1.2053208414
1.2152123689
1.2263275324
1.2245804989
1.2206615315
1.219183045
1.2184979387
1.2205882353
1.219240779
1.2160036166
1.2135931211
1.2256694367
1.2303355208
1.238421004
1.2385092019
1.2334988713
1.2377279739
1.2332351103
1.2351725377
1.2379760415
1.236397917
1.2354104847
1.2429898116
1.2299685958
1.225543959
1.2259797446
1.2246370436
1.2246524396
1.218661397
1.221810025
1.216185576
1.2156637168
1.2160106148
1.2160569821
1.2203839689
1.2384684685
1.2360538117
1.2326719217
1.2325033952
1.2392284118
1.2364742193
1.2402014652
1.2388456253
1.2382352941
1.238339595
1.2375847535
1.2352242624
1.2288735632
1.2266666667
1.2313772901
1.2288166882
1.2266494893
1.2257770486
1.232263978
1.2340366719
1.235261708
1.2428796734
1.2398633047
1.2356811863
1.2361316568
1.234271291
1.2321529478
1.2368170569
1.2242823529
1.2207524158
1.2189958786
1.2176218831
1.220562144
1.2220453268
1.2225863845
1.2231683354
1.2207282913
1.2201056205
1.2188736108
1.2165587159
1.2157563223
1.2166899767
1.2185118992
1.2183393639
1.215691896
1.2136051829
1.2129093498
1.2132619912
1.2096135721
1.2084643981
1.2091403492
1.2096712901
1.2073663441
1.2081464873
1.2085046729
1.2077415762
1.2086504548
1.2074773274
1.206681351
1.2066312511
1.2047164617
1.2040346352
1.2050086829
1.2054078827
1.2074067267
1.2065067549
1.2096715328
1.2102671651
1.2112406631
1.209127566
1.2086192698
1.2075853816
1.2065588915
1.2074080899
1.2080271859
1.2069468502
1.2081357169
1.2058448653
1.2056320174
1.2040962347
1.2051581596
1.2052683451
1.2056142251
1.2059223037
1.2068146524
1.2061639464
1.2053120118
1.2052269601
1.2056176711
1.2059202059
1.2057960382
1.2061637534
1.2118786073
1.2072429045
1.2062837776
1.206010929
1.2058877142
1.2056271125
1.2057989573
1.2048510174
1.2050632911
1.2054225034
1.2054720058
1.2054122775
1.2035749752
1.2039562822
1.2035030697
1.2038123167
1.2019690835
1.2011736659
1.2016291415
1.2017994859
1.2013736264
1.2017327861
1.2025735294
1.2025351336
1.2017214541
1.2021998167
1.2022718945
1.2014185687
1.2019397932
1.2018941809
1.2020579129
1.2017615545
1.2013775603
1.2015440509
1.202
1.201587881
1.2014441093
1.2016158649
1.2014534082
1.2012927054
1.2011686144
1.2015015293
1.2012251717
1.201234337
1.2009969902
1.2012442266
1.2011146798
1.2006979157
1.2014287057
1.2010562052
1.2011093048
1.2018585936
1.2008251775
1.2016685846
1.2011162433
1.2012006197
1.2010880124
1.200814506
1.2005388761
1.2008109674
1.2007840138
1.2012235924
1.2012693528
1.201076509
1.2010582011
1.2007062416
1.2009724473
1.2009505703
1.2011664595
1.200756859
1.2006432693
1.2011087746
1.2008412198
1.200922456
1.2013267955
1.2011361448
1.200947226
1.201196354
1.2011828675
1.2010284735
1.2012066654
1.2009884679
1.2011735941
1.200995219
1.2008622379
1.2007839294
1.200945161
1.200981836
1.2014698677
1.2011967824
1.20101831
1.2012326355
1.200729927
1.2010095012
1.2009764847
1.2009507775
1.2007627616
1.2008941588
1.2013324189
1.2011713031
1.2016412661
1.201382716
1.2010679612
1.2012389894
1.2014318885
1.2012432012
1.2010561314
1.2007031937
1.2010901304
1.2010906612
1.2008016424
1.201146633
1.2009359462
1.2009536785
1.201309329
1.2009440324
1.2008975461
1.2008813105
1.2012095613
1.2010127066
1.2009395072
1.2008645533
1.2011274603
1.2009532888
1.2010900746
1.2042610108
1.2049031766
1.2090187181
1.2081088744
1.2079068457
1.2084388186
1.2129299004
1.2164843315
1.2168831169
1.2115581158
1.2111018441
1.209193684
1.2119686801
1.2101958579
1.2110331931
1.2094029149
1.2094157367
1.2087870822
1.2097364225
1.2098719267
1.2111090261
1.2110894037
1.2113225058
1.210261194
1.2105114705
1.2103483895
1.2092132312
1.2086988986
1.2080687337
1.2087657524
1.2104631851
1.2088753575
1.2089289029
1.2100630096
1.2105606866
1.2097497198
1.2102315161
1.2097679641
1.2085636653
1.2085197614
1.2070730572
1.2054054054
1.2061118947
1.2070463776
1.2083922678
1.2062381853
1.2058127426
1.2061054228
1.2053664549
1.2042827364
1.2039293473
1.2039777547
1.2046014012
1.2044406812
1.2049303726
1.2039418114
1.2042517325
1.2044147653
1.2036779047
1.2045242972
1.2033661893
1.2037861915
1.2051163222
1.2085724866
1.2130084314
1.2121155984
1.2095238095
1.2078782787
1.2075982451
1.2128195559
1.2109548483
1.2082832578
1.2075194865
1.2079507896
1.2081088485
1.2081547022
1.2076986226
1.2080543069
1.2079325822
1.2063942836
1.2078005115
1.2091533181
1.2072680789
1.2069690873
1.2102080088
1.2098300413
1.2087213054
1.2086884031
1.2088905285
1.2088420274
1.208973173
1.2117335283
1.2183111435
1.2262090484
1.2394274561
1.2375628843
1.2483886035
1.2418197073
1.2421415913
1.2366171004
1.2369399517
1.2422666047
1.2478664193
1.2466882816
1.2427399281
1.2360225824
1.2343480236
1.2368587714
1.2314621054
1.2332274172
1.2295514512
1.2294495413
1.2271432509
1.2315393093
1.2338924022
1.2342201835
1.2318773663
1.2329424799
1.2330778465
1.2350336685
1.2329298716
1.2297372834
1.2261783025
1.226136258
1.2168562372
1.22101044
1.2216826968
1.2289860535
1.2247222745
1.2274997644
1.2308129619
1.2355660377
1.2374964276
1.2361032062
1.2337059492
1.2343928435
1.2312352106
1.2265639677
1.2252269289
1.2210107139
1.2217502124
1.222127579
1.2222326896
1.2202008717
1.219544592
1.2183535248
1.2172014429
1.2166856492
1.2162597009
1.2170035108
1.2141979393
1.2166477702
1.2140724151
1.2154536111
1.2195394798
1.2183564966
1.2200427629
1.2166682152
1.2169257983
1.2155379221
1.2145654606
1.2162916124
1.2185751585
1.2203516648
1.2271055362
1.2323289748
1.2300926802
1.2275127286
1.2276010883
1.2250256028
1.222314892
1.2214018692
1.2255259467
1.2271234162
1.2303930788
1.2304745889
1.2336061718
1.2402255998
1.2436266053
1.247736467
1.2448940083
1.2403115684
1.2477385468
1.2438647343
1.2501452081
1.2617179839
1.2514999032
1.2429286127
1.2472267773
1.2540208597
1.2452830189
1.2459172954
1.2442206235
1.2365560911
1.2400151788
1.232718026
1.2310479376
1.2370883234
1.2378858746
1.2310402373
1.2276826799
1.2299953853
1.2293493309
1.2345587554
1.2322907084
1.2318014706
1.2283354982
1.2266193765
1.2235821732
1.2285687488
1.2263812936
1.2320635221
1.2303689688
1.2354722695
1.235902791
1.2317084714
1.235727264
1.2342983553
1.2396917148
1.2442369419
1.2422426293
1.2378326996
1.2352163234
1.240353545
1.2374317454
1.2344043593
1.2379375591
1.2361463919
1.2345124462
1.2373103577
1.2370960187
1.2356622455
1.2321395435
1.2349380762
1.2331596576
1.2326833798
1.2369184686
1.2327762303
1.2319554111
1.2313888889
1.2287268369
1.2307904412
1.230904059
1.230740775
1.2370951181
1.2401534288
1.2383042301
1.2349559573
1.2339067703
1.231757687
1.2308117062
1.2336534909
1.2332565638
1.2339148897
1.2296105805
1.2289611946
1.2326599013
1.2290794005
1.2330623306
1.2332397004
1.2359876485
1.2383962264
1.2351285419
1.2352557533
1.2394840157
1.2381085358
1.2370817844
1.2366461939
1.2362372567
1.2372614415
1.2347938621
1.2321086699
1.2310702585
1.229978158
1.2301030176
1.2299299936
1.2280557834
1.2249094203
1.2238603473
1.2260901097
1.2260131781
1.2254002518
1.229317852
1.2268413918
1.2276386
1.2296141245
1.2326344576
1.2349721791
1.2330608538
1.2351756955
1.2365000915
1.233366435
1.2345144712
1.2330718601
1.2330739648
1.2292948204
1.2316202712
1.2326869806
1.2346463742
1.2359500045
1.232987106
1.2304560261
1.2310709725
1.2303979601
1.2298210373
1.2323250729
1.2294781253
1.2319815668
1.2331401233
1.2327586207
1.2319384672
1.2325709058
1.2340717686
1.2331568377
1.2331238043
1.232257473
1.2319450801
1.2293652956
1.2326917814
1.230664488
1.232292045
1.2320797463
1.2311735387
1.2302315025
1.2288786482
1.2265632049
1.2258903741
1.2230755492
1.2234108942
1.221413998
1.2216125321
1.224002849
1.2213319088
1.2209984011
1.2196116677
1.2224295743
1.2245720943
1.225407633
1.2250939009
1.2257659918
1.2261648746
1.2270323564
1.2241486619
1.2247071353
1.2268885132
1.226916221
1.2298767875
1.2303309821
1.2316236229
1.2370881365
1.2366718309
1.2349304482
1.2335680751
1.2309772809
1.2332582244
1.2357058449
1.2322545553
1.2329840547
1.2332878581
1.2332756895
1.234715262
1.2304300882
1.2244295302
1.2248388252
1.2276934136
1.221496915
1.2245414295
1.2221719457
1.2195055936
1.2229558611
1.2224932249
1.223441576
1.2238095238
1.2240466577
1.2241255605
1.2247565813
1.2222818312
1.2221131537
1.2215285829
1.2218175358
1.2200141945
1.2202529391
1.2191549796
1.2211752156
1.2192570263
1.2196253345
1.2174569348
1.2153859695
1.2120356481
1.2178964172
1.2188304197
1.2197676465
1.2177461822
1.2180860404
1.217635693
1.2155097045
1.213078876
1.2127028442
1.2153080817
1.2165326809
1.2166462668
1.2182332655
1.2177597317
1.2200826519
1.220496072
1.2199416084
1.2186170213
1.2193456867
1.2175758112
1.2184740374
1.2206064905
1.2230145289
1.2222420405
1.2208103785
1.2189432762
1.2182620203
1.2167703496
1.2156228132
1.2152210212
1.2153913808
1.2183756166
1.2191442435
1.2202596485
1.221170015
1.2214551248
1.2197899197
1.2192626566
1.2192070485
1.218818766
1.2209158416
1.2208135235
1.2201302129
1.2180636092
1.2178339477
1.2172202797
1.2189141856
1.2180140598
1.2196808511
1.2213245739
1.2195121951
1.2201157098
1.2206786001
1.2213209733
1.2227970032
1.2217957872
1.2227492393
1.2212579404
1.2211469534
1.2208105932
1.2227011494
1.221313685
1.2207570865
1.2199069934
1.2222422008
1.22148553
1.2196827104
1.2175892857
1.2191829802
1.2196786067
1.2184941981
1.2173756633
1.2181458502
1.2183504412
1.217695621
1.2186234818
1.2181442929
1.2165952126
1.2176407314
1.2164265903
1.2166010029
1.2163753122
1.216008576
1.2157754011
1.2145138396
1.2135259706
1.2138348004
1.2159649593
1.2155056783
1.2153640018
1.215236224
1.21582798
1.2141262613
1.214011602
1.2145980191
1.2153350054
1.2154537287
1.2140035907
1.2148634076
1.21449744
1.2151042137
1.2149625485
1.2154845696
1.2149642631
1.2147311342
1.2161966083
1.2174902175
1.2165969824
1.215805196
1.2165200834
1.2164695177
1.2142597639
1.2140778465
1.2136783065
1.2132692831
1.2134423252
1.2133393829
1.211728451
1.2091048686
1.2110939908
1.2108373488
1.2104927589
1.210814261
1.2099058759
1.2077232796
1.2088717808
1.2069344067
1.2060600513
1.2062953106
1.2072262572
1.2068965517
1.2067033976
1.2060549604
1.20620285
1.2068675935
1.206651719
1.2103189493
1.209232782
1.2096969697
1.2104080869
1.2087451054
1.2113927603
1.2069674045
1.2073572302
1.207263148
1.207424812
1.2082585278
1.2074488249
1.2067522587
1.2065950774
1.2058626945
1.2070649052
1.20792834
1.210623065
1.2122232916
1.2124580738
1.2130896565
1.2108427985
1.2090109049
1.2078962426
1.2070938215
1.2052200132
1.2073997364
1.2074312187
1.2061651584
1.2064620049
1.2063250143
1.2064128257
1.2058291266
1.2055223456
1.2057737814
1.2054146157
1.2056798623
1.2059474545
1.2058141781
1.204512722
1.2038161318
1.2040400117
1.2036983251
1.2024189647
1.202972686
1.202184208
1.2021409972
1.2009596929
1.2013124879
1.2009583134
1.20118683
1.2017442975
1.2017850213
1.2027680991
1.2030510766
1.2021726591
1.2020046261
1.2015653686
1.2023866808
1.2046294495
1.2033053002
1.202507045
1.2023669797
1.202284487
1.2021338506
1.2036803874
1.2013383765
1.200462606
1.2010428737
1.2008255736
1.201296816
1.2040776318
1.2029484029
1.2030636292
1.2025679012
1.2022881941
1.2038968707
1.2027067075
1.2030045464
1.2024727992
1.2024247242
1.2035213369
1.2022022022
1.2014308746
1.2010880516
1.2013811313
1.2012808783
1.200771417
1.2009749162
1.2008355411
1.2008964955
1.0331285065
0.9932908997
1.0194063927
1.0107658643
1.0002592465
0.9903427875
0.9882342611
1.0130220027
1.0267703717
1.0282557508
1.044534787
1.0380724664
1.0513962334
1.0579175505
1.053335794
1.0568527919
1.0471698113
1.045979134
1.0482809749
1.0494331909
1.0592503023
1.0620985011
1.0580452809
1.0665047637
1.071408331
1.0786229135
1.0713748354
1.0791353204
1.0756238732
1.0773679719
1.0682251908
1.066901744
1.0718189663
1.0759846302
1.0670714079
1.0728405882
1.0668238994
1.0695292496
1.0693335994
1.062764884
1.0667672197
1.0538368823
1.0659285355
1.0652523628
1.0577896932
1.0548502281
1.0575216925
1.0576625387
1.0450760838
1.0543060361
1.0486345653
1.0471616559
1.0483480283
1.043681292
1.0403397028
1.0432447982
1.0443598287
1.0486455551
1.0454764428
1.0425941987
1.0415934388
1.0376175549
1.0330957727
1.0358600583
1.0310709778
1.0287631831
1.0274521018
1.0264514897
1.0245807927
1.0376245285
1.0327258849
1.0369768775
1.0381686655
1.0475599274
1.0453053185
1.0520686744
1.0450677887
1.043775138
1.0358827337
1.0390933284
1.0387203835
1.0434257021
1.0425114454
1.042296633
1.0424459113
1.0400329038
1.0495776717
1.0482038969
1.0436288737
1.0401124649
1.0397907715
1.0402488453
1.0387706856
1.0341847878
1.0346073398
1.0324957491
1.0339206633
1.0340941377
1.0424440299
1.0518691589
1.05308331
1.0456766917
1.0473659674
1.0492505353
1.0530041919
1.0525330087
1.0445659224
1.0534080299
1.0487918649
1.0435386753
1.0500369276
1.0439985272
1.0460235641
1.0444984575
1.0463049579
1.04934919
1.0434945281
1.0387180437
1.0430187973
1.0480696442
1.0481768373
1.0440358322
1.0433349034
1.0387427595
1.0470956126
1.0430372547
1.0480271212
1.0458341241
1.0411347518
1.0424721455
1.0420618952
1.04253889
1.0444123314
1.0488038278
1.047861605
1.0518610659
1.0566945808
1.0674286812
1.0644570768
1.062078922
1.0592060565
1.0625784645
1.0606735049
1.0660313138
1.0669217937
1.0708684572
1.0763111373
1.0834316038
1.0899109792
1.084635543
1.0890692217
1.0873682155
1.0821449502
1.0776670574
1.0721349622
1.0771747498
1.0764566556
1.0821287779
1.08203088
1.0797610015
1.0834056504
1.0759018759
1.0833494488
1.0850019253
1.0888738128
1.0838451789
1.0842576377
1.0897648551
1.0960407683
1.0904827047
1.0956225681
1.1051042275
1.0951044892
1.0990648743
1.0945605885
1.0989694731
1.0932961431
1.0861100349
1.0829439252
1.0927048699
1.0959104187
1.0948419301
1.0937226277
1.0928765528
1.0902886115
1.093679789
1.0906092355
1.0913081651
1.0907418168
1.0942092457
1.0908915103
1.0923401805
1.0931885868
1.0911006801
1.0889628925
1.0829217325
1.0821527051
1.0832376579
1.0845514474
1.085949464
1.0812621359
1.0779919757
1.0864949872
1.0884528153
1.0876830827
1.086487022
1.0876604146
1.0868836292
1.0863402062
1.0795544948
1.0834662944
1.07996379
1.0785041107
1.0782634972
1.0787251156
1.0796274038
1.0823410696
1.0795477488
1.0810234542
1.0842759605
1.0888234697
1.0854056258
1.0827895595
1.0815725315
1.0848651961
1.0861645518
1.091208565
1.085080148
1.092968187
1.0836404586
1.0881325482
1.0875525315
1.0867300951
1.0801507787
1.0842530548
1.0823610836
1.0810226155
1.0842602618
1.083085465
1.0771960958
1.0780191311
1.0780939117
1.0832919686
1.0822728618
1.0816022264
1.0814653896
1.0843790139
1.084486166
1.0842011306
1.0798693587
1.0862741178
1.0879318978
1.0853817598
1.0840310703
1.0863636364
1.0873961357
1.0859764612
1.0878824235
1.0873796148
1.0926485398
1.0922164119
1.0941152962
1.0951136135
1.093784406
1.0942696854
1.0959070237
1.097543646
1.1002641203
1.1051773339
1.1066775244
1.1098154533
1.1082379395
1.1105332925
1.1108848386
1.1126080837
1.1143511146
1.1053885085
1.1053361053
1.0985819736
1.0976539589
1.1020328762
1.0981349478
1.1010659297
1.1010380623
1.1057644608
1.1036639857
1.1017721018
1.1011482776
1.0918367347
1.0869650956
1.0919790327
1.0898842777
1.0838150289
1.0854743577
1.082269645
1.0851591157
1.0928060413
1.0958536343
1.0965270176
1.0975221415
1.1005800806
1.0950137417
1.0944905213
1.0956513164
1.09537458
1.0941608662
1.0914811229
1.0903363381
1.0910063199
1.0906963136
1.0905722921
1.0915933529
1.0905105222
1.092416602
1.0911983033
1.0912839198
1.0913968193
1.0922074188
1.0886511272
1.0903620212
1.0870520784
1.0876239512
1.0887066005
1.0877796902
1.0895839367
1.0894584139
1.0913833076
1.0906201849
1.0922707633
1.0970460048
1.0989203385
1.0983558426
1.0985860556
1.0996981793
1.0996309963
1.0967398665
1.0976779889
1.0996183206
1.0977049805
1.0994549106
1.1043158506
1.1071809284
1.1054930124
1.1098976109
1.1102262795
1.1034014924
1.1026066582
1.106790425
1.1069649311
1.1082621083
1.1094832706
1.111518636
1.1099009901
1.1067103435
1.1060561007
1.1066442222
1.1045323812
1.1059898679
1.1061569017
1.1049144665
1.1044451044
1.1081107524
1.1034817186
1.0968396637
1.0929050815
1.0915139826
1.0849446849
1.0889789616
1.0799383608
1.0849584862
1.0832205683
1.0814935688
1.0881900365
1.0823880023
1.0831816004
1.0888079026
1.0839724299
1.0786670576
1.0842652541
1.0876127009
1.0820873644
1.084526244
1.0826454307
1.0825849278
1.0828044136
1.0819479757
1.0864864865
1.0860764469
1.0931309747
1.0917936118
1.0899372303
1.0883510429
1.087845141
1.08587203
1.0863685717
1.0865659856
1.0838027473
1.0834237255
1.0906203474
1.0916765991
1.0862018241
1.0824682255
1.080890179
1.0827785818
1.0854866913
1.0844124233
1.0859941234
1.0889697208
1.0912039312
1.0901015228
1.0859367397
1.0881808438
1.087954855
1.0850182939
1.0860308285
1.0850411799
1.0872070688
1.0886708982
1.0887926888
1.0887922705
1.0919829589
1.0934306569
1.0940773372
1.0961368328
1.0962861073
1.0965530748
1.0941972162
1.0931098696
1.0921014282
1.0900621118
1.0946169571
1.0954287947
1.0929961089
1.0959906351
1.0945341373
1.0931544146
1.0932327882
1.0953547628
1.0930004895
1.0896396836
1.0865105477
1.0895334174
1.0901956985
1.089223301
1.089204159
1.0846622209
1.0913685848
1.0922013436
1.0970207762
1.0930550137
1.0933581505
1.0939367225
1.0956641432
1.0939909073
1.0907832278
1.0899397769
1.0882906068
1.0868405453
1.0870425321
1.0850811239
1.0848448806
1.0817747712
1.0809897645
1.0821740859
1.0841530055
1.0828114127
1.0858560794
1.0855530251
1.0783185409
1.079766537
1.082083739
1.0783933249
1.0769455822
1.0762546378
1.075191665
1.075654321
1.0706891452
1.0718986837
1.0740518363
1.0713141026
1.0702354599
1.0703741153
1.0720711614
1.0735576437
1.0730839602
1.0735353946
1.0737962494
1.0741830729
1.0763698977
1.0788884365
1.0762763371
1.0779561749
1.0840716875
1.0824575586
1.0827370755
1.0785888573
1.0738665308
1.0781075879
1.0758481013
1.0765888653
1.0730626546
1.0713846154
1.0684398977
1.0689832425
1.069326223
1.0704254229
1.0733511403
1.0735490498
1.0752776635
1.0706258377
1.0724014337
1.0738138872
1.0713481421
1.0689973344
1.0710852
1.0708295443
1.0719365983
1.0730890265
1.0735996747
1.072415194
1.0739209359
1.0729271737
1.0720857345
1.0726889914
1.0718370623
1.0735056543
1.0727565069
1.0728072807
1.0746253746
1.0741222367
1.0684863027
1.0681931807
1.064615691
1.0685691637
1.0685680215
1.0691774034
1.0694168981
1.065614453
1.066001994
1.0635315172
1.0671940717
1.0671349724
1.0658887436
1.0649128112
1.0659683755
1.0650869826
1.0639534884
1.064619707
1.0637610977
1.06729407
1.0648997279
1.0640289943
1.0676600886
1.064098706
1.0641684295
1.0647613256
1.06783945
1.0709729675
1.0712115073
1.0697461929
1.0717179903
1.0777856349
1.0733058101
1.0709892104
1.0723511604
1.0686147402
1.0709587403
1.0716212167
1.0735995232
1.0709262011
1.0704994539
1.0700207983
1.0704502907
1.0699259259
1.0719912254
1.0691170595
1.0697
1.0687719298
1.0685576827
1.0718816068
1.0697067095
1.0681245591
1.0684406814
1.0695564516
1.0674587193
1.0675376884
1.0664925673
1.0684986461
1.0679166251
1.0692891374
1.0710654839
1.0676984523
1.0807416268
1.0863180871
1.0829516033
1.0810058642
1.0832753652
1.0851910828
1.0835568803
1.0827134781
1.0843873518
1.0850034554
1.091344714
1.0978337531
1.0963381418
1.094140153
1.0938689641
1.0935724963
1.0936018957
1.0928178964
1.087798201
1.0905281622
1.0930142051
1.090625609
1.0922415478
1.0901846453
1.0892700517
1.0908913404
1.0901375476
1.0879078323
1.0890896726
1.0869984568
1.0864066422
1.0848012321
1.0863066538
1.0854874625
1.0854982551
1.0853930406
1.0855703072
1.0904430257
1.0870794734
1.0901208106
1.0875158367
1.0856836147
1.0856057655
1.0844755517
1.0855065439
1.087163541
1.0888439696
1.0923579109
1.0933613928
1.0945621943
1.0950727992
1.0956563707
1.0940847245
1.0991337825
1.0996722576
1.1010628019
1.1048870002
1.1013500482
1.1030308899
1.1053342336
1.1043511744
1.102928551
1.0999618102
1.1065145031
1.1035852805
1.1013532696
1.106752778
1.1142309535
1.1254341953
1.1373631696
1.1417109715
1.1393687868
1.15