0.7094330548
0.7130104349
0.7103356677
0.7026127979
0.7082575482
0.7040214151
0.7048078685
0.7088902514
0.707155852
0.7063338571
0.7013615734
0.701754386
0.700881536
0.7030917816
0.7015656169
0.7002960188
0.6978820974
0.6975650916
0.6946921444
0.6918876282
0.6904414447
0.6884676338
0.6890188197
0.6920446914
0.6890448581
0.6895939242
0.6911522257
0.6909947388
0.6969715584
0.6949695216
0.6915956599
0.6908420406
0.6856039713
0.688000979
0.6850730753
0.6827675436
0.6790024631
0.6816576844
0.6860108811
0.6887948734
0.686806335
0.6764486909
0.6764305177
0.6748078354
0.6727657456
0.6743187757
0.6770101362
0.672495829
0.6727127398
0.6728794916
0.6694022538
0.6735435398
0.674432901
0.6758430411
0.6745968484
0.6688570902
0.6697985753
0.6665853063
0.6646341463
0.6675677336
0.6629261977
0.6638993867
0.6661289322
0.6693713224
0.6710239651
0.6728021464
0.6691015796
0.6804744869
0.6754435459
0.6712294674
0.6706452816
0.6719940531
0.667595862
0.6687961298
0.6657973174
0.662950576
0.6605533105
0.658808933
0.6607353948
0.6576353153
0.6572543192
0.6568377925
0.6585260294
0.6575783864
0.658645775
0.6581451763
0.6571126585
0.6530988687
0.657032873
0.6594123385
0.6601775329
0.6619545175
0.6608883405
0.6583060481
0.657218723
0.6588802373
0.6590291502
0.6586072904
0.6576687874
0.6602436599
0.6601947809
0.6627441162
0.6609873307
0.6559308227
0.6549931086
0.6497002248
0.6516096831
0.6483870968
0.6449139865
0.6435199601
0.6436967473
0.6430178772
0.6504049844
0.654
0.6537261266
0.6525208784
0.6491872703
0.654012947
0.6490642132
0.6488487358
0.6510576863
0.649613475
0.6496570817
0.6534296029
0.6545557585
0.6572111454
0.6545741325
0.6554589862
0.6539755061
0.6509014728
0.64879068
0.6494950137
0.6551525619
0.655081757
0.6548008466
0.6567154555
0.6517243594
0.6532460027
0.6526632138
0.6520822688
0.6528888605
0.6531557247
0.6629142021
0.6668355713
0.6666877051
0.6649784756
0.6708390993
0.6674836601
0.666917152
0.6626089106
0.6597607596
0.6607308477
0.6593528505
0.6645901437
0.6675324675
0.6672259508
0.6681843697
0.6648521589
0.6614266186
0.6602918348
0.6578505196
0.6599013302
0.6556753724
0.6561622465
0.6571428571
0.6603481385
0.6549036723
0.660082769
0.6574435901
0.6578698747
0.6587716535
0.6576514246
0.657906182
0.659849099
0.6650902302
0.6615346257
0.6588066945
0.6588008219
0.6529869168
0.6462188994
0.6428703761
0.6471210049
0.6439695988
0.6452513966
0.6408962206
0.6411093991
0.640619218
0.6407647996
0.6397701571
0.6351145038
0.6359261741
0.635447036
0.6381212121
0.6468227425
0.6478590951
0.6480038654
0.6468989673
0.6469627299
0.6456055572
0.6484866828
0.6428181983
0.643743568
0.6489374547
0.651713923
0.6479889377
0.6513706436
0.6494221903
0.6480761175
0.6458896295
0.6445438283
0.6433094133
0.6420539956
0.6404623578
0.6391921397
0.6429270082
0.6405403761
0.6397878954
0.6396839866
0.6373686448
0.6383516077
0.6429409947
0.6411906677
0.6411568821
0.6416184971
0.6413746382
0.6388906086
0.6363580285
0.6379438327
0.6407432474
0.6370663533
0.6372397603
0.6372785084
0.6326681449
0.6329846843
0.6315691736
0.6326174914
0.6296850639
0.6308569281
0.6297408937
0.6277134814
0.62514828
0.6313125077
0.6295726075
0.6310423193
0.6280829079
0.6256242678
0.6227762388
0.6246665426
0.6267355706
0.6306171919
0.6285375888
0.6280852655
0.6259376356
0.6274204595
0.6283909327
0.6256962495
0.6268001731
0.6230726361
0.6207854761
0.6218560278
0.6222772277
0.6244643076
0.6288747864
0.6289675301
0.6250607681
0.6288313591
0.6261288748
0.6267314702
0.6251822157
0.6232693709
0.6205567452
0.6190709646
0.6178355613
0.6152817458
0.6140054331
0.6117611397
0.6070519811
0.6086930165
0.6115626719
0.6050877515
0.6007510928
0.6018834025
0.6027567366
0.607014053
0.6197694813
0.6146350663
0.6140823876
0.6132977403
0.6150127069
0.6145373079
0.6195447114
0.6163668386
0.616309658
0.6141487109
0.6145126129
0.6158609044
0.6167645956
0.6229741433
0.6245559364
0.62189708
0.61188965
0.6075164422
0.6118212884
0.6128829339
0.6115681559
0.6089237186
0.6094336024
0.6056105611
0.6047772106
0.6117260135
0.611104069
0.6107412339
0.6124690496
0.6163226421
0.6150034936
0.6178566883
0.6189080716
0.6140830736
0.6090396911
0.6108557396
0.6132093257
0.6085173502
0.6056062992
0.5997858807
0.6025367324
0.6013441367
0.5969215367
0.6036322786
0.6073704802
0.6069393441
0.6064785524
0.606869988
0.6030755656
0.6008445733
0.6001260239
0.6015639781
0.6022841999
0.6014442263
0.5938588161
0.5931484296
0.5943121358
0.5956543773
0.584825666
0.5844526102
0.5759248683
0.5852451642
0.5884320916
0.5799769112
0.5738136518
0.5783124716
0.5863669041
0.5854343566
0.5916982117
0.6016254791
0.6000532552
0.6010160992
0.6056543669
0.6037081499
0.5980700931
0.6030384875
0.6023675007
0.6063166365
0.6132510511
0.6163522013
0.6193557175
0.6269862645
0.6217647848
0.6235876178
0.6240907574
0.6230299779
0.6261527234
0.6232962402
0.624828038
0.6308812914
0.6339120064
0.6320185615
0.6313632157
0.6364840697
0.6388093494
0.6303671849
0.6359319351
0.6344882306
0.6312694112
0.6299139024
0.6202305246
0.6231122347
0.6255333333
0.6276362185
0.6243466755
0.625765659
0.6301866878
0.6284373347
0.6277964759
0.6315231788
0.6312089661
0.6258337185
0.6295610788
0.6283864147
0.6245935364
0.623087159
0.62505002
0.626607717
0.6241139494
0.6157292851
0.6153693407
0.617071725
0.616126263
0.6181818182
0.6215609949
0.6174039542
0.6147191908
0.6190444415
0.6157543391
0.6123953099
0.6051628436
0.6041167066
0.6015500795
0.6001997337
0.5992140145
0.6055388722
0.6010772709
0.6019926935
0.6065922382
0.6104918908
0.6103956763
0.6086606244
0.6052207757
0.6055720453
0.605135463
0.6087484812
0.6129864837
0.6120965002
0.6125798256
0.6126373626
0.6123013131
0.6159797344
0.6155217332
0.6117460755
0.6021058465
0.6086048454
0.6096392334
0.6099532114
0.613034188
0.6123822342
0.6138465917
0.6137645463
0.6082613969
0.6034960563
0.6005527211
0.5984510187
0.6018372523
0.6020119893
0.6026703184
0.6038369305
0.6036214554
0.5974561938
0.5997272417
0.6004801097
0.5993275235
0.6010925183
0.6008583691
0.5992258243
0.5996551724
0.5949037605
0.5869771863
0.5876422987
0.5863212435
0.5892696435
0.5803385597
0.5822776047
0.5822461517
0.5737221269
0.5776260432
0.5757427814
0.5786982249
0.5784941792
0.5805140219
0.5856906306
0.5932941583
0.594195872
0.5953546075
0.6003363229
0.5984806245
0.5997750756
0.6023054755
0.6037379252
0.5984853748
0.5992446496
0.6012201108
0.6001264755
0.5976003368
0.5960753974
0.5954953047
0.598879671
0.6006718605
0.6000999929
0.6009449263
0.6043607113
0.6032872094
0.6125676531
0.6076987215
0.6109506122
0.6125781793
0.6186369958
0.6149421304
0.6109959939
0.6013040494
0.606357982
0.6031428768
0.6057777475
0.6086190541
0.6070991432
0.6074574882
0.6153950492
0.6203219453
0.6253809169
0.6255155162
0.6283473086
0.623160289
0.6219209343
0.6289750285
0.6291856416
0.6313471675
0.628115653
0.6329815656
0.6359938654
0.6345330479
0.6323954066
0.6307290271
0.6366428524
0.6425287356
0.6373106061
0.6398801417
0.6327764195
0.6390941759
0.6380414056
0.6401010722
0.6380272109
0.6339744028
0.630967036
0.6318602261
0.6300308536
0.6343732895
0.6370796521
0.6365541957
0.6376396838
0.6369858372
0.6375231434
0.6388204707
0.6358789725
0.6398480663
0.6403859407
0.6322709438
0.6302797586
0.6250517598
0.6320546433
0.63777347
0.6305206961
0.6308300944
0.6261429759
0.630055812
0.6299218047
0.6336338419
0.6384333264
0.6402338377
0.6350707676
0.6324169842
0.6356694846
0.6356716725
0.6340964841
0.6343939497
0.6336065574
0.6308414441
0.6298651918
0.6269444444
0.6267788293
0.6315937346
0.6331932773
0.6270580817
0.62434905
0.6247636389
0.6243290345
0.6233384637
0.6187391153
0.615857922
0.6200577912
0.6208403835
0.6233766234
0.6286033364
0.6285674216
0.6282897021
0.622248292
0.6191838158
0.6179603202
0.6196928636
0.6191903003
0.6168627724
0.6167694032
0.6198127707
0.6200278164
0.6265243902
0.6234778373
0.622835686
0.6234975335
0.6266434783
0.6194425087
0.619927232
0.6218493246
0.6229805014
0.6213497275
0.6221743062
0.6188060324
0.6188309415
0.6222034614
0.6195399873
0.617584895
0.6164856861
0.6168913227
0.6190776121
0.616088262
0.6115293462
0.6089614449
0.6062328911
0.6041154575
0.608159796
0.6033888772
0.6046577077
0.6029701577
0.6011495864
0.5962772333
0.5969801736
0.5982869682
0.6028952597
0.6084895497
0.6108672184
0.6160202972
0.6137720192
0.6155744248
0.6136903477
0.615247341
0.6140875133
0.6141676169
0.6101973684
0.609724705
0.6045887752
0.6054941943
0.6091661362
0.6091897233
0.6076109937
0.5997440637
0.6001983424
0.597387928
0.6032570047
0.6007104796
0.5970714286
0.5994475138
0.601790663
0.6055019853
0.610070922
0.6056317998
0.609155181
0.6106270533
0.6108539278
0.6152815013
0.6100875657
0.6101279989
0.612621496
0.6155683575
0.616133324
0.6146358543
0.6138627754
0.6133127586
0.6131386861
0.6144334218
0.6169543644
0.6190009108
0.6213777057
0.6194877584
0.6214230199
0.6257621417
0.626638626
0.6315308347
0.6321058527
0.6333009169
0.6328956462
0.6331745045
0.6320271393
0.6291793313
0.6313506815
0.6316444322
0.6317832144
0.6309012876
0.6276265932
0.626455391
0.6278718881
0.6257736212
0.6239944998
0.614200527
0.6108553762
0.6144553504
0.6188653452
0.6167032364
0.6200515184
0.6178435115
0.6183450058
0.6272237748
0.6291159995
0.6303828568
0.6332358741
0.6320709655
0.6266694203
0.6262066133
0.6278072683
0.625228643
0.6228296256
0.6191350469
0.6208040065
0.6252302654
0.6204933586
0.6198699716
0.6195784353
0.6244734339
0.6271012007
0.6289299504
0.6247745873
0.6275063736
0.6279358939
0.6272438553
0.6242487047
0.6251990308
0.625756627
0.6266966735
0.6251843528
0.6255253572
0.6257076955
0.6220022309
0.6222390422
0.6230668774
0.6192862045
0.6178300403
0.6172924089
0.6151261657
0.6155904755
0.6129385215
0.613480055
0.6132043099
0.6146234195
0.6111958935
0.6115456496
0.6163464897
0.6194212849
0.6234703261
0.6212888701
0.6205751431
0.6219028741
0.6226963425
0.624397505
0.623172024
0.6231741573
0.622937004
0.6288421053
0.6259124088
0.6259058608
0.6261219874
0.6261289645
0.6215139442
0.6194159872
0.6191336995
0.6201813274
0.6191532118
0.621056972
0.6198341443
0.6187469979
0.6215191618
0.6212960399
0.6178827793
0.6074423117
0.6069648297
0.6053610805
0.6086418054
0.6100372774
0.6122266538
0.6118253695
0.625484228
0.6247739602
0.6204126852
0.6210299534
0.6189352398
0.6191238944
0.6182851598
0.6157410609
0.6167966324
0.616664356
0.6147952076
0.6140656583
0.6149569085
0.6155453406
0.6191376172
0.6178616529
0.6172292546
0.6127270148
0.6114107295
0.6117006225
0.6101539331
0.6084832177
0.6083609915
0.6115092749
0.6138242985
0.614557544
0.6158865248
0.6161445103
0.6162594777
0.6116457462
0.6101943784
0.6111072253
0.6099469125
0.6104150626
0.6130158508
0.6101303069
0.6105617505
0.6121694229
0.6099186308
0.6096543925
0.6100904466
0.6129055057
0.6095191157
0.6111618112
0.6120410747
0.6152927121
0.6168499195
0.6155360281
0.6173796603
0.6184758811
0.6197621744
0.620672671
0.6192348192
0.619194612
0.6193086003
0.6196886832
0.6188174303
0.6150765772
0.6149908849
0.6142416597
0.6127378695
0.6112670128
0.611239739
0.6108798224
0.6117147235
0.613220032
0.6117228882
0.6135033445
0.6114841237
0.6125975474
0.6125217391
0.6142410559
0.6119382218
0.6119994438
0.6135621483
0.6153366584
0.6141090306
0.6149595967
0.6133931653
0.6138764239
0.6156500138
0.6176106681
0.6180956307
0.618740568
0.6185347784
0.6192883
0.6161567878
0.6241574181
0.6243270869
0.6232447171
0.6220283084
0.6223972603
0.6246490928
0.6244607272
0.6230933812
0.6237814088
0.6254460609
0.6317125026
0.6322288537
0.6306584362
0.6350980661
0.6340475209
0.6320159188
0.6325507963
0.635666872
0.6390067041
0.6405099536
0.6372414738
0.6415726496
0.6449651592
0.6436166564
0.6479945149
0.6459716613
0.6454794521
0.6429978936
0.6431145869
0.6407014682
0.6409075516
0.6385713319
0.6371622075
0.6414511253
0.6430477716
0.647925837
0.6496840705
0.6471410504
0.6460014433
0.6467544377
0.6476209176
0.6451802508
0.6424840016
0.6436397035
0.6413919654
0.6393141055
0.642978224
0.6420671367
0.638998512
0.637024177
0.6386288813
0.6408119114
0.6411824669
0.6431981667
0.6424424169
0.6426987646
0.639092982
0.6343302658
0.6324677798
0.6343983771
0.6320127796
0.6280472158
0.6272189349
0.6261347654
0.6315586668
0.6283005663
0.6285057178
0.6273283835
0.6334547347
0.6317923233
0.6371512964
0.6383339862
0.6399947787
0.638284085
0.639804878
0.640057206
0.6402067927
0.6402251456
0.6398457416
0.6378720042
0.6392925242
0.6386554622
0.641440501
0.6385848319
0.6354119548
0.6335616438
0.6355833764
0.6369863014
0.6333610171
0.6331651874
0.6312985429
0.6297508988
0.6266417718
0.628055466
0.6285989099
0.6265953332
0.6291304911
0.6305931322
0.6306938986
0.6328934664
0.631094223
0.6293097893
0.630109735
0.626552298
0.6258660508
0.6276397715
0.6293158364
0.6278106886
0.6288653207
0.6287406087
0.6250079826
0.6277003707
0.6294174445
0.6317774936
0.6301877155
0.631680123
0.6334789311
0.6319148936
0.6325518485
0.6258621801
0.6281835811
0.6311252269
0.6328574197
0.6307126259
0.6297157623
0.6289449955
0.630142253
0.6322547509
0.6314538916
0.6324300141
0.6370895618
0.6396222779
0.6395088572
0.6397483631
0.6388853705
0.6372499685
0.6368788967
0.6358483436
0.6347705497
0.6360354655
0.6382157545
0.6379867047
0.6348704991
0.6369119421
0.6338028169
0.6317856464
0.6352120786
0.6393833849
0.6412529933
0.6403401404
0.6389870814
0.6390209431
0.6348468446
0.637712539
0.6362479318
0.6404422979
0.6387358287
0.6426388181
0.639685359
0.6442897817
0.6421815889
0.6413862381
0.6433360486
0.6403826913
0.6396300694
0.640943997
0.644911574
0.6453714143
0.6459860876
0.6484286966
0.6492858479
0.6528539382
0.6522198075
0.6522198075
0.6494133885
0.6477944379
0.6512539673
0.649095446
0.6518665509
0.6530701208
0.6566328752
0.6586019829
0.6574558128
0.6596143044
0.6576157709
0.6589981447
0.6636233774
0.6632425743
0.6633259094
0.6636458911
0.6633402718
0.6633039863
0.6601231482
0.658206327
0.653867152
0.6524805447
0.6565071625
0.6602983988
0.6562042906
0.6621473067
0.6638608995
0.6599090797
0.6633932432
0.6640044577
0.6689076667
0.6686526407
0.6715848703
0.6715245933
0.6728661782
0.6793826076
0.6807088352
0.6805091688
0.6849419379
0.6834177215
0.6808712721
0.6848019299
0.6892945427
0.6882066831
0.6848280597
0.6856483503
0.6859318437
0.6909136358
0.6872392103
0.6834469932
0.6771702578
0.6784202212
0.6771231829
0.6793176155
0.6770480271
0.6781154239
0.672935457
0.6753807107
0.6780621339
0.6781857451
0.6829689298
0.6856961221
0.690393262
0.6918929206
0.6875079831
0.6828849456
0.6867747933
0.685235332
0.6884918075
0.6889073695
0.6869316375
0.6842406512
0.6848261395
0.6881412095
0.6911157681
0.6920923723
0.6926552953
0.6959390213
0.695097977
0.6913400759
0.691348744
0.6946752266
0.6912966922
0.6934338674
0.6974884418
0.6978649454
0.7000561342
0.703168773
0.7034739454
0.7108562116
0.717265064
0.7158170261
0.7181112147
0.7156978551
0.7116287692
0.7024345146
0.7105198325
0.7138841359
0.7124939113
0.7133800671
0.7144254279
0.7210310916
0.7238519241
0.723383509
0.719359374
0.7185950913
0.7182883653
0.7178735105
0.7217744416
0.7166564605
0.7145092375
0.7043363204
0.7136515658
0.7078515649
0.7052012718
0.7055049172
0.7102057959
0.7044683763
0.702049302
0.6962945312
0.6989336987
0.6982177264
0.6925519803
0.6918674699
0.6914088118
0.6881235725
0.693312276
0.6947604066
0.6964521948
0.6926870339
0.6872307324
0.6897689769
0.6868215174
0.6915492958
0.6941789216
0.6974336988
0.6923218222
0.6954217758
0.7015299724
0.70497675
0.7035201104
0.7103921445
0.7083411434
0.7086407403
0.7136462543
0.7103777681
0.7113019836
0.7078001969
0.7069252078
0.7029531694
0.6991040319
0.700666293
0.7057180108
0.7075195008
0.7065473972
0.7055469476
0.7029413594
0.7066169618
0.7058823529
0.7040587649
0.7025387694
0.7055799373
0.7016372796
0.7004469063
0.6974394377
0.6930824781
0.6907844631
0.6920677362
0.6926646326
0.6925617735
0.6900506971
0.6961157654
0.6984137096
0.6901175723
0.6899402264
0.6904385243
0.6983257805
0.7002580726
0.7052909388
0.7030424943
0.7029012811
0.7049445759
0.7053097897
0.7031230324
0.700872818
0.6968871836
0.6950250581
0.6949869989
0.6925488305
0.6926048898
0.6920806986
0.692252035
0.6956626217
0.7019433247
0.7015176054
0.7000538825
0.6967726397
0.7008199174
0.7085363653
0.7098405056
0.7030827474
0.7089839058
0.7020126164
0.7013498985
0.6980396859
0.6932482405
0.6948412936
0.6966997489
0.6975924488
0.6975286745
0.695665013
0.6972568872
0.6937319417
0.6889164306
0.6869815872
0.6858860983
0.6839094019
0.6819859507
0.6835224909
0.683510321
0.6850285029
0.6892983191
0.6875336323
0.691295729
0.6956002627
0.6938497124
0.6973184623
0.6952505034
0.700300053
0.7007595831
0.6988426062
0.6989676208
0.6939317096
0.6948044298
0.697251462
0.6940847042
0.6964451673
0.6952403092
0.6983879355
0.7000115848
0.7033381713
0.7034442836
0.7052953392
0.7008262566
0.7004470939
0.6971277877
0.7030767471
0.7053903878
0.7027304338
0.7029798323
0.7010443127
0.7012619546
0.7038570618
0.7026475424
0.7015211268
0.7019957154
0.7019306763
0.7046915529
0.7046029337
0.7044970281
0.7025107644
0.702860967
0.7012218721
0.7003016178
0.6968480114
0.696346783
0.6957110365
0.6907706432
0.6911469359
0.6910078783
0.6920118668
0.6893939394
0.693735629
0.6911797012
0.6903461832
0.6896065129
0.6923752539
0.6899702741
0.6913093478
0.6879355401
0.6834032222
0.6836734694
0.6830423528
0.6832135859
0.6840067615
0.6846714534
0.6884171766
0.68269179
0.6794672942
0.6805356289
0.6778917319
0.6762754154
0.6754627181
0.6747506562
0.6743303101
0.6709963567
0.6730210016
0.6733765191
0.6711089957
0.667147051
0.6673279005
0.6689355772
0.6656325221
0.6649599651
0.6655698146
0.6685877381
0.6723090278
0.6703737861
0.675763836
0.6784665669
0.681371733
0.6783531504
0.680312864
0.6777489369
0.6733311302
0.675004087
0.6706152083
0.669425959
0.6663607902
0.6654289303
0.6723509934
0.6688533627
0.6685201497
0.667268154
0.668061291
0.6656253366
0.6618394448
0.6609619194
0.6581824115
0.6617080189
0.659510543
0.6599858009
0.6570121951
0.6566284959
0.6671695161
0.66995571
0.6687851926
0.6647312541
0.6646770055
0.6678675974
0.6713049381
0.6670991032
0.6640900689
0.6659026108
0.667606428
0.6725100051
0.6746085389
0.6736491446
0.6753159602
0.6785435486
0.6735194161
0.6662372578
0.6677753975
0.6742053093
0.6707976566
0.6715349207
0.6752146472
0.6797016275
0.6766020021
0.6747069053
0.6719120135
0.6708938547
0.6699565072
0.6675672695
0.6677698715
0.6679742835
0.6664120888
0.6654473986
0.6662855899
0.6671033241
0.6640718563
0.6674638548
0.6695264987
0.6680289902
0.6601092896
0.6567415121
0.6609824523
0.6654713963
0.6640240569
0.6565507437
0.6574730186
0.6600097949
0.6607337847
0.6643775409
0.665291756
0.6662653899
0.6667948155
0.6661188715
0.6706513919
0.6706900353
0.6689215201
0.6722125245
0.6717887024
0.6678786563
0.667097887
0.6673666074
0.6673488072
0.6653798724
0.6637387509
0.667420449
0.6669906582
0.6653120154
0.6639593909
0.6674754664
0.6666666667
0.6646440568
0.6612692182
0.6602902016
0.6628047441
0.6613823368
0.6633630657
0.6610496173
0.658660685
0.6602595696
0.6600186291
0.6605137755
0.665997722
0.666340562
0.6699536911
0.6682342648
0.6714207351
0.6710633447
0.6708874518
0.6747047244
0.6754727323
0.6747869784
0.6763380591
0.671887063
0.6739421681
0.6723600757
0.6738936573
0.6709850346
0.6716966424
0.6753685844
0.680167364
0.6787449054
0.6793514974
0.6775968557
0.6813954799
0.6810426805
0.6836231071
0.6832035595
0.6824177659
0.681707046
0.6837039122
0.6789599955
0.6794084821
0.6810547531
0.6835830873
0.6831186214
0.6841959129
0.6800155305
0.6805709228
0.6800640424
0.6852140078
0.6859476763
0.6895055892
0.6883655733
0.6905055487
0.6913080169
0.6898389721
0.6915237247
0.6887553553
0.6888739721
0.6858548036
0.6896263712
0.6913135123
0.6950330942
0.6936377743
0.6933912948
0.6905621172
0.6913728925
0.6956781409
0.6943747956
0.694496014
0.696959755
0.6953133515
0.695623704
0.6907973458
0.692674469
0.6987409096
0.6975225347
0.6968030622
0.6947538337
0.6984058128
0.7004340749
0.6983793679
0.6998158379
0.7001672331
0.7013028965
0.699838013
0.701862017
0.7021425495
0.6994392523
0.699978737
0.7017376563
0.7009439435
0.7013555567
0.6952924543
0.6893445169
0.6907178927
0.6917324256
0.6917970358
0.6903023447
0.6887831618
0.691986862
0.6905047763
0.6916519389
0.6898987276
0.6903401781
0.6863516381
0.6844732644
0.6873748524
0.6943204236
0.6993887467
0.7024901021
0.7045442715
0.7035450746
0.7053127589
0.7084333577
0.7082684118
0.7075895187
0.7080575691
0.7063664844
0.7045406323
0.7032275273
0.698392283
0.6988041854
0.6992813415
0.7013048761
0.7018214646
0.7010491382
0.7026054257
0.6978374906
0.6952548894
0.6921843259
0.6947844598
0.6948439331
0.6956218478
0.6952229299
0.6907298458
0.6911327959
0.692940989
0.6924875146
0.6913724449
0.6895744681
0.6858435338
0.6869649491
0.6890661206
0.6885263555
0.6891487771
0.6891435917
0.6864155734
0.6873911437
0.6922218087
0.6906672297
0.6904510405
0.6888174536
0.6935695194
0.6924085142
0.6908197407
0.6897127066
0.6891638935
0.6865749427
0.6864539749
0.6874247106
0.6885169205
0.6896821669
0.6914419087
0.6958326846
0.6978207729
0.6989615784
0.6981230721
0.6956226494
0.696437844
0.6945671952
0.6934333177
0.6936946436
0.695111673
0.6945736434
0.6927643189
0.6931556697
0.6904608789
0.6887834018
0.68895148
0.6867189155
0.6862692922
0.6852187834
0.6844039629
0.6845320302
0.6873335464
0.6865536843
0.6868030231
0.6833032778
0.6821738211
0.6812503323
0.6830003172
0.6846141724
0.6801378446
0.6818987078
0.6833307132
0.6822742475
0.6791919615
0.6807247899
0.6795545283
0.6759972742
0.675531358
0.6785525621
0.6814505471
0.6808589022
0.6793580868
0.6783261122
0.6817916157
0.6842021361
0.6841121495
0.6810700692
0.6830205009
0.6877108958
0.6873776908
0.6893156349
0.6879084967
0.6878390968
0.6873290294
0.6879614943
0.6882131353
0.6875549209
0.6902489854
0.683944929
0.6769821674
0.6749461831
0.6757470695
0.6746548868
0.6735253772
0.6687561321
0.6701582106
0.6717351924
0.6691127786
0.6688466441
0.6666666667
0.6638143821
0.6632832218
0.6702797394
0.666483848
0.665169524
0.6654575433
0.6630530486
0.6631001372
0.6652259547
0.6647395661
0.6693061631
0.6749637236
0.6753459475
0.6768469544
0.6785429256
0.6783825286
0.6849598163
0.6876045452
0.6869877049
0.6872571654
0.6888420573
0.6878448325
0.6876354511
0.6894956303
0.6917102917
0.6966630039
0.6936633776
0.6951036866
0.6905539325
0.6906115418
0.6918617998
0.6902513935
0.6896002729
0.6894273128
0.6885903009
0.6936754445
0.6954642416
0.6946745562
0.6920880228
0.6918679594
0.6887018561
0.687749004
0.6844278087
0.6833112143
0.6829403299
0.6795546447
0.6790928341
0.6777443776
0.6797222222
0.6791247848
0.6813382239
0.6818585052
0.6823242674
0.6808818617
0.6838593934
0.6838369836
0.6812687996
0.6804666305
0.6795658073
0.677561214
0.6762836186
0.6744325295
0.6754051996
0.6746485062
0.6730494897
0.6730779769
0.6762378976
0.6775159412
0.6742676431
0.6749473217
0.6747387626
0.6782963046
0.678780378
0.6782961004
0.6790647645
0.6811003566
0.6819471236
0.6814319701
0.6787301949
0.6778447198
0.6784235895
0.6848928974
0.6881140326
0.6876924832
0.6865517834
0.6867298037
0.683667066
0.6828813559
0.68672778
0.6827483709
0.6798636751
0.6768813253
0.676701941
0.677743868
0.6778132527
0.680618231
0.6806637888
0.679756606
0.6776345545
0.6810163916
0.6794727355
0.675230083
0.6757560167
0.6760555301
0.6760417862
0.6750863061
0.6720476272
0.672972973
0.6727691422
0.6742817584
0.6803469554
0.6819319174
0.6848883968
0.6828316935
0.6846710219
0.6855068254
0.6843022243
0.6838080784
0.6859499332
0.6853520963
0.680307053
0.6758222735
0.6755104395
0.6775859102
0.6772304513
0.6754122939
0.6750912825
0.6736392135
0.6740978438
0.6751711263
0.6780435518
0.6780651015
0.677787186
0.6807967314
0.6762491444
0.6784381281
0.6828145676
0.684480868
0.6844200808
0.6851263079
0.6894623405
0.6874092994
0.6884854832
0.6859729557
0.6877152698
0.6888383982
0.6885031303
0.6862014453
0.6835077793
0.6838793788
0.6871283765
0.6832689687
0.6832742217
0.6858129138
0.6852797639
0.6862366568
0.6876135332
0.6857644792
0.6882767887
0.6872414179
0.6863183801
0.6855381166
0.6840977041
0.6838443263
0.6825343426
0.6799684809
0.6798876404
0.6819601385
0.6854408984
0.6861677745
0.6864762343
0.6876471602
0.6828024748
0.6830416069
0.6862598062
0.6830670192
0.6845471307
0.6847401104
0.6846418338
0.6828681149
0.6832836163
0.6802647344
0.6813905461
0.681637817
0.679954377
0.6810152632
0.6858904814
0.6860060471
0.6865449551
0.6846136128
0.6868774112
0.6862180226
0.6891476911
0.6899462335
0.6881227809
0.6903070577
0.6929250384
0.694235589
0.6931584949
0.6922460199
0.6916428163
0.6902868994
0.6908245825
0.6876931883
0.6902720622
0.6931719965
0.6954029577
0.6980047151
0.6971369438
0.6980347479
0.7013298328
0.6982921117
0.6953726031
0.6943901598
0.6947657771
0.6915914544
0.6909858994
0.6916533455
0.6926421594
0.691424713
0.6908137069
0.6922558166
0.6926445817
0.6929829466
0.6943184999
0.696741014
0.6955919046
0.6935200439
0.6901870692
0.6861262242
0.6857468396
0.6864007793
0.6851782162
0.6844683715
0.684224642
0.6859641592
0.6824234707
0.6819696409
0.6808238863
0.681492109
0.6765189705
0.6781390431
0.6799914721
0.6814055948
0.6829799671
0.6828889603
0.6828563787
0.6854586612
0.6860909335
0.6842077315
0.6850536658
0.6861411588
0.6865180467
0.6894846019
0.6891753962
0.6889666308
0.6865979381
0.6862213057
0.6830432189
0.6835264045
0.683481273
0.6825731754
0.6832079658
0.683835527
0.6828686123
0.6862500677
0.6878214247
0.6881832665
0.6899884672
0.6906159162
0.6900005503
0.6925498426
0.6922410526
0.6953592001
0.6932076698
0.693594985
0.6946697882
0.6925901923
0.6915141973
0.6920612511
0.6924209378
0.6888852673
0.6883746256
0.6883002693
0.6846200208
0.6835449908
0.6832395585
0.6828191461
0.6828305763
0.6832183408
0.6841963031
0.6832241435
0.6838322068
0.6833315491
0.6834639791
0.6817431144
0.6782705452
0.6753967838
0.6734437225
0.6733805403
0.675206958
0.6759989415
0.6732233503
0.6737911332
0.6749551262
0.6769895191
0.6796147333
0.6811848543
0.6811632448
0.6779625119
0.6757056771
0.6758401694
0.6760824633
0.6744529396
0.6748810153
0.6739027595
0.6726422038
0.6737692873
0.6752360965
0.6768092974
0.6792151858
0.6793307401
0.6792432606
0.6814401459
0.6769321093
0.676755835
0.674344718
0.6737531969
0.6752500532
0.6734379154
0.6724557874
0.6721725408
0.6731881771
0.6706983593
0.6694977843
0.6728976912
0.6773488322
0.6777433486
0.6758002968
0.6742424242
0.6737110391
0.6755922278
0.6737016457
0.6750977975
0.6759394037
0.6759114653
0.6754456832
0.6737970796
0.6729735541
0.6708326657
0.6702890792
0.6714232469
0.6698874496
0.6702281105
0.670560623
0.6705913692
0.671159742
0.6710942441
0.6688222923
0.6692170632
0.6684472375
0.6694275529
0.6687190822
0.6707079226
0.6709444241
0.6700078719
0.6729236577
0.6720163103
0.6736819952
0.6760905111
0.6783105748
0.6777371683
0.6768711074
0.6754164031
0.6755532139
0.675374889
0.6758152883
0.6774327122
0.6775976038
0.6757742283
0.6750654282
0.6736291101
0.6729458108
0.6734044166
0.6751621403
0.6756921514
0.6771252483
0.6758648883
0.6769812092
0.673740458
0.6722321201
0.6707970017
0.6697741126
0.6720131606
0.6711074952
0.670810618
0.6713265306
0.6705172766
0.6651469098
0.6706274008
0.6711663343
0.6704690126
0.6739741428
0.6737110771
0.6732532806
0.6748025844
0.6735071748
0.673818408
0.6721539891
0.6705845964
0.6692359423
0.6636499203
0.6602626335
0.6585365854
0.6585950245
0.6566573675
0.6567270146
0.6565395716
0.6554307116
0.6562846487
0.6585849344
0.6586343344
0.6588265306
0.6612046963
0.6605504587
0.6629465423
0.6620398617
0.6589174891
0.659762257
0.6584065404
0.6607614213
0.6658154145
0.666547076
0.6659988699
0.6697337309
0.6692154764
0.6727775502
0.6734515997
0.6734756566
0.672121925
0.6722822469
0.6703263034
0.6705870373
0.6711358075
0.6738577389
0.6743474715
0.6731732243
0.6782868014
0.6807426283
0.6801411447
0.6807331849
0.6808918849
0.6784457781
0.6823827761
0.6837664354
0.6838159255
0.6834030683
0.6854979916
0.6839396902
0.6785914488
0.6790381866
0.6786187226
0.6773009887
0.6769558816
0.6790456326
0.679335643
0.6796616216
0.6791791538
0.6760663028
0.6761311874
0.6767027629
0.6810917762
0.68064746
0.6809205491
0.6811498682
0.6793302307
0.6815721584
0.6814400242
0.6808200593
0.676510201
0.6771394375
0.6794506866
0.6789796835
0.67822351
0.6807596202
0.6810465349
0.6833115644
0.6823670892
0.6829902059
0.6804763334
0.6833249623
0.682476612
0.6822584693
0.6826932718
0.6805045987
0.6785177767
0.6816780389
0.6819076457
0.6841945749
0.6848597754
0.6834226762
0.683427009
0.6838908852
0.6834864714
0.681164557
0.67799084
0.6767417259
0.6777688199
0.6782959415
0.68005652
0.6795644467
0.6793815996
0.6783534278
0.6770760116
0.6783672651
0.6775051433
0.6798318902
0.6796823296
0.6783973187
0.6745658008
0.6737621002
0.6759419112
0.676544958
0.6761635823
0.6749962291
0.6733363422
0.6721870922
0.6732395776
0.6739446142
0.6735010252
0.6728401241
0.6727127367
0.6745055055
0.6759892889
0.6747931222
0.6756274179
0.6757105943
0.6775556881
0.6755939096
0.6776888098
0.6772432113
0.678780716
0.6775905272
0.6765687911
0.673573104
0.6723323431
0.6737360441
0.672344982
0.6709740102
0.6700935939
0.6684213092
0.6700267835
0.6729668377
0.6759533689
0.6725111733
0.6732492859
0.6729229106
0.6751554924
0.6793122136
0.6793730841
0.6781750319
0.6758477714
0.67648658
0.6771066368
0.6786821318
0.6761560476
0.6775041715
0.6812055126
0.6791729702
0.6801049498
0.6797608881
0.6768816131
0.6794750708
0.6781757663
0.6792885257
0.6775777414
0.6771969847
0.6761876426
0.6748724553
0.6757199603
0.6759295886
0.6767541908
0.679189469
0.6804083042
0.6811308674
0.6845396356
0.6841612919
0.6903302944
0.6948787332
0.6942012308
0.6976709316
0.700661988
0.6973553883
0.6967898303
0.7007183552
0.7007244938
0.6987898246
0.6976231316
0.6964565388
0.6936985496
0.6938274032
0.6928620453
0.6921758715
0.6903089543
0.6931438127
0.692465854
0.6991050354
0.6965513853
0.6960184142
0.6965999114
0.6966722293
0.6985135928
0.6960913483
0.6974748471
0.6951451574
0.6953548576
0.6976687476
0.701643181
0.6994519618
0.69808948
0.6957671958
0.6936157948
0.6948738812
0.6960826724
0.6978227508
0.6964599667
0.6957634347
0.7017846036
0.7047965116
0.7042790294
0.7128972689
0.7156201095
0.714605975
0.7157992384
0.7164179104
0.7194377121
0.7210137891
0.72
0.7182982838
0.7175786925
0.7133130523
0.7155322862
0.7143620639
0.7104587512
0.717181045
0.7237738083
0.7216885868
0.7231186775
0.7195850054
0.721034043
0.7179311693
0.7163937641
0.714702537
0.7115574906
0.7156195679
0.7190066093
0.7234042553
0.7245974459
0.7288641538
0.7277415441
0.7312326695
0.7336842105
0.7382577278
0.7355121804
0.7352156626
0.7440028281
0.7464303797
0.7488716466
0.7451169398
0.7457429556
0.7495526814
0.755756369
0.7561100056
0.7598201972
0.7548944826
0.7478695719
0.7446139808
0.7479541735
0.7431069959
0.7446971242
0.7461432013
0.7475013952
0.7419208011
0.7450980392
0.7439319166
0.7443241883
0.7466311344
0.7526930894
0.7508983248
0.7464451353
0.74617737
0.745675453
0.7445083145
0.7443030179
0.7436263512
0.742586365
0.7429035698
0.7489915752
0.7518600236
0.7556911403
0.756267051
0.7548400245
0.7536990898
0.7532256426
0.7528520949
0.7605088496
0.7639439731
0.7643681056
0.7655273241
0.7673117629
0.7657964624
0.7653503312
0.7619047619
0.7621863354
0.7640404644
0.7671199011
0.7672940481
0.7720700716
0.7852325523
0.780180714
0.7880601519
0.7793228537
0.7795883362
0.7766696887
0.7793823706
0.788054046
0.7878500947
0.7917461593
0.7957817376
0.789569528
0.7889006502
0.7855244019
0.7880611989
0.7906004433
0.7981907811
0.8018309645
0.7975792566
0.8022541504
0.7983948312
0.8047686978
0.8087736184
0.7997588061
0.7904585131
0.802019692
0.8011824832
0.803152789
0.7949459583
0.7879995963
0.7858614279
0.7902236195
0.785105632
0.7833358674
0.781562009
0.7871043138
0.7873073804
0.7879160266
0.7882737821
0.7931175958
0.7930436557
0.7962516046
0.7954451984
0.7938483695
0.7961874585
0.7966119097
0.7954533922
0.8015465229
0.7933141443
0.7971226653
0.7953891944
0.7960919307
0.7893886617
0.7854140289
0.78577207
0.7915967241
0.7861106868
0.7907309837
0.7961040953
0.7991164373
0.7944038929
0.7920462688
0.7915224913
0.7923460727
0.7892305323
0.7887044205
0.7931422147
0.7924007967
0.7856672242
0.7912594318
0.7901894866
0.7912924342
0.7914020021
0.7917274694
0.7904083475
0.7904360056
0.792341236
0.796055603
0.7919273461
0.7920472322
0.7956972918
0.7953055937
0.7939929329
0.797815313
0.7991753821
0.7984259074
0.7946080879
0.792521774
0.7922285486
0.7932432432
0.7948332833
0.7925873845
0.785260737
0.789346247
0.7893334674
0.7894868711
0.7869407131
0.7865474928
0.7867884538
0.7885190252
0.7940681853
0.7921233227
0.7914849962
0.7879769618
0.7834713326
0.7810947875
0.7840029488
0.797338464
0.7924093999
0.7882188691
0.7888115632
0.7920171444
0.7904223836
0.7932138284
0.7987163583
0.7967974984
0.7966027875
0.8019228668
0.8046845072
0.8056457382
0.8103620613
0.8146237524
0.8159125486
0.8102300925
0.8081151536
0.8051074503
0.802906911
0.7989884065
0.796435915
0.7927258506
0.7938397898
0.7922077922
0.7877473871
0.7911642184
0.7853677152
0.7970355945
0.7917565818
0.7915316483
0.7958938517
0.7947225245
0.7984139308
0.7901803269
0.7907985133
0.7832021295
0.7783103993
0.7770631138
0.7787934186
0.790454151
0.79330617
0.7929896907
0.7804680728
0.7820233731
0.7791467557
0.7788629229
0.7775208141
0.7771805807
0.7768751853
0.7898417372
0.7971762657
0.7998107852
0.8023745691
0.8000898184
0.7852185559
0.789155523
0.7879256966
0.7996333986
0.8116521848
0.8108394661
0.8063026008
0.8106339728
0.8169077179
0.8145313007
0.833344395
0.8488070893
0.8598067698
0.8471371505
0.8456662441
0.8361004117
0.8484439344
0.8491332611
0.8497856907
0.8464797914
0.8421603243
0.8371308017
0.8260728218
0.8502828664
0.8528701717
0.8583531006
0.867068872
0.8668128254
0.8721809588
0.875903045
0.8771066469
0.8883504812
0.8937253064
0.8930953315
0.9025634319
0.9280496477
0.9543055648
0.9339705189
0.9404938605
0.949265506
0.9515019413
0.9589789093
0.9581715376
0.9738162326
0.9793907432
0.9573241852
0.9560928831
0.9603761842
0.9283565764
0.9038976694
0.8997300678
0.9012102078
0.8887349954
0.901586448
0.9081029027
0.9038633089
0.8955704882
0.9028649386
0.9067890161
0.924
0.9368083867
0.9349722443
0.9427862512
0.9438541068
0.9297304925
0.9259646919
0.9081739861
0.8868759508
0.9023073147
0.9028049121
0.886589404
0.8788065001
0.8724972944
0.8736201244
0.8865781913
0.8966455122
0.901131333
0.8953148895
0.8962879798
0.8847803163
0.8836767705
0.8849724297
0.8860118015
0.8776438167
0.8873689327
0.8964692643
0.8910780409
0.8863176971
0.8970409982
0.8945420907
0.8925766046
0.8891960868
0.8983062859
0.9148150829
0.9215017065
0.9259071485
0.9240014394
0.9228843265
0.9228257011
0.9254614124
0.9391596879
0.9389328744
0.9384285813
0.9378142001
0.9168421768
0.9341090609
0.9374091255
0.9305905402
0.9267211038
0.9251695923
0.9179291174
0.9157837544
0.9067728009
0.9098939929
0.9003324513
0.9040658145
0.8984348302
0.8985437889
0.9006943976
0.8906773977
0.881294964
0.8845174263
0.8824007037
0.8887208743
0.882332925
0.897597017
0.8933306
0.9029317733
0.8942635236
0.8968465695
0.9006962753
0.8940706647
0.8909274194
0.893207774
0.8837501654
0.882395861
0.892828579
0.8962962963
0.8983946621
0.8933613501
0.8979941937
0.8962748453
0.8915964173
0.8836192837
0.8794284975
0.8777111508
0.8752125984
0.8807010931
0.8806411062
0.8773371816
0.8669821896
0.8760699899
0.8740250093
0.8623100304
0.8626184584
0.8674321503
0.8791883842
0.8744931695
0.8672323434
0.8616707617
0.8568191561
0.8516101746
0.8504548211
0.8467964863
0.8436738176
0.8501287238
0.8525660585
0.8476809131
0.8480440098
0.8566131777
0.8503161479
0.8526695615
0.8519862144
0.8504350979
0.8533770651
0.8580864085
0.8542860627
0.8567315938
0.859045505
0.8636729638
0.8657416089
0.8595900887
0.8619518221
0.8637431964
0.8569323345
0.8586486322
0.8599975631
0.8649409461
0.8609632139
0.864695122
0.864246251
0.8606294931
0.8653928072
0.8623741967
0.8628084069
0.8557750945
0.8534603021
0.8530785817
0.8496932515
0.8511680038
0.8472116119
0.8550137117
0.8498232157
0.8587392202
0.8585374727
0.8607748184
0.8616173808
0.8605902988
0.8620837414
0.8531472756
0.8610087587
0.8627878788
0.8684657368
0.8722147814
0.8759557159
0.8771173391
0.8803603381
0.8793420891
0.8807418325
0.8803117461
0.8775259505
0.8732316737
0.8729103112
0.8777859417
0.878874092
0.8797995653
0.8761784663
0.8742802303
0.881859848
0.8886999818
0.8921592426
0.8939854192
0.9050897467
0.9057081148
0.9039261252
0.9002559103
0.9142643671
0.9198370417
0.9213313162
0.9137109914
0.9142161453
0.9114717123
0.918328824
0.9188307615
0.9247487437
0.9226609658
0.919689441
0.9265910523
0.936550152
0.9337906728
0.9329241561
0.9180358132
0.9109982873
0.9110135918
0.9121894505
0.9045065671
0.9034860618
0.9210316731
0.9100036733
0.905350802
0.89650554
0.8961454809
0.896350365
0.9021632853
0.8955424111
0.8958773465
0.896483079
0.8937131157
0.897541719
0.8955116697
0.9037927286
0.8982723209
0.8937851754
0.8898673172
0.8841114817
0.8942710202
0.8955905323
0.9007642848
0.9023493976
0.9020696313
0.9047333373
0.9096473155
0.9072221212
0.9133378057
0.9080736373
0.9035435435
0.9102649206
0.9021449346
0.9015726516
0.9033505155
0.9063714303
0.9056208828
0.9003324304
0.8990493714
0.8941502463
0.890474732
0.8871147419
0.8886750279
0.8902712117
0.8930805806
0.8983284292
0.8999373041
0.900983278
0.8987753062
0.9011934673
0.8926726016
0.8874783255
0.8874373104
0.8938980528
0.8992126968
0.9005376344
0.8984507307
0.8992814745
0.9002916175
0.8972107119
0.8911827957
0.887997059
0.8851409578
0.8815676669
0.8728094279
0.8671827006
0.8697797792
0.877394161
0.8718501633
0.8729726384
0.8676924978
0.8659519088
0.867411941
0.8724057935
0.8738496212
0.8741438894
0.8715869496
0.8722641751
0.8752476513
0.8779773277
0.8800358675
0.8723214286
0.8697511168
0.8690126453
0.8720045645
0.8674268969
0.8712344571
0.8782996894
0.8784980288
0.8765071956
0.8787544599
0.887518047
0.8927540037
0.9019255114
0.9075916405
0.9069567518
0.9031914894
0.9003704684
0.9042630776
0.9068666667
0.9121165542
0.9090909091
0.9070288804
0.9084385382
0.9043478261
0.8969917958
0.8929717692
0.9009446514
0.8988399072
0.89769855
0.8959382343
0.8975777613
0.8994357114
0.8980887463
0.8906436629
0.8908564281
0.8881031886
0.8872007366
0.8836342229
0.8781512605
0.8759674669
0.8752376582
0.8762933559
0.8836240562
0.8838495575
0.8827367877
0.8758714175
0.8768591284
0.8798667363
0.8749511528
0.8698981247
0.8666710089
0.8704825161
0.8637099385
0.8664311879
0.8664823227
0.8641435563
0.868472713
0.8654514458
0.8595346385
0.8518836748
0.8517527428
0.8596075778
0.862393968
0.8499766527
0.8506519694
0.8570066081
0.8520499109
0.8542013311
0.8545794652
0.8568353815
0.8617704552
0.8697158697
0.8594572141
0.8557598551
0.8479029463
0.8490306614
0.8505969222
0.8461803166
0.8367527776
0.8360163711
0.8339154852
0.8289083511
0.8251864126
0.8298329521
0.8257825371
0.8244405022
0.8308762745
0.8310948311
0.8323320958
0.830511904
0.8345158457
0.8350334392
0.8341216216
0.8289775024
0.8227040816
0.8263340912
0.8235608031
0.8149228017
0.8091734606
0.819153913
0.8237202834
0.8258608203
0.8282541152
0.8332564119
0.8299539171
0.8369601164
0.8397184782
0.8374243331
0.8385798192
0.8359549089
0.8385206407
0.8443035493
0.8507090336
0.8441405483
0.8431863068
0.8448784324
0.8342530676
0.8388429752
0.8341899011
0.8328314218
0.8383436959
0.8313475629
0.8289581366
0.8304456999
0.8284634761
0.8294988969
0.8320893182
0.8306021222
0.8305578421
0.8229432805
0.8248058034
0.8200525675
0.8185296181
0.826421877
0.8244221041
0.8214079816
0.8180647653
0.8163541465
0.8195576251
0.8192108668
0.8178599021
0.8214216666
0.8193510858
0.82723776
0.8281664617
0.8320124724
0.8346614836
0.8352903017
0.8305283757
0.822952301
0.8223790714
0.8276826967
0.8329123761
0.8355275833
0.8323836353
0.8365753775
0.8348365637
0.84004884
0.8444615978
0.8544943102
0.8499968179
0.8515358362
0.8510006945
0.8594669874
0.8629313074
0.8659715158
0.8685923772
0.8642762452
0.8697484277
0.8752357008
0.8746535651
0.8723430936
0.8735690024
0.8781584447
0.8786218191
0.8793092661
0.8746566792
0.8782095549
0.877955759
0.8801538268
0.8868668872
0.8876633726
0.887539733
0.8752999116
0.8740797157
0.8743406179
0.8688268714
0.8666458853
0.8758814353
0.8731965174
0.8729777942
0.8679210364
0.8637462048
0.8634663342
0.8540876593
0.8474765659
0.8474176948
0.8473700591
0.8498235442
0.850899258
0.8494603531
0.8550397795
0.8544299818
0.8470684966
0.8469626908
0.8480755818
0.848385857
0.8423759321
0.8367988705
0.8419803758
0.8467359241
0.8494726141
0.846996624
0.8435973869
0.8383947252
0.838746511
0.8374271968
0.8424830018
0.848699614
0.8528750402
0.8474543708
0.8497610128
0.8461439257
0.8481479087
0.8514084965
0.8508401998
0.8497019953
0.8531055094
0.8534555621
0.8517274782
0.8615694426
0.8572894619
0.8629589006
0.8541185527
0.850516129
0.8407873508
0.8314570601
0.8310962687
0.8303880138
0.831036016
0.8418431669
0.8404483063
0.8367950655
0.8370927318
0.8431850879
0.847213486
0.8496278226
0.8529981867
0.862544259
0.8619212598
0.8611111111
0.8591895986
0.8543005052
0.8565497583
0.8527429031
0.8450869915
0.843740292
0.8415558593
0.8488104851
0.8515964716
0.8453378001
0.8447457204
0.8419213974
0.8374426961
0.843376494
0.8410047018
0.8421117477
0.8434262457
0.8467976936
0.8484811064
0.8551497489
0.8547114728
0.8487384615
0.8482334869
0.8493108729
0.8570725707
0.8603348517
0.8623479281
0.860909935
0.8581836142
0.8604694602
0.8641883056
0.8650219502
0.8682984407
0.8683963739
0.8686217372
0.8723902199
0.8723704385
0.8679567792
0.8693832328
0.879875969
0.8783927123
0.8801823177
0.8808332291
0.8799053195
0.8833416335
0.882144852
0.8819952848
0.873541334
0.8778499632
0.8763253049
0.8822413899
0.8819936477
0.8900700504
0.8881376767
0.8860411059
0.8851906338
0.8763464024
0.877359647
0.8840102452
0.8806358032
0.8806195922
0.8836476081
0.8881471142
0.8873647955
0.8892895781
0.8881035102
0.8914059691
0.898535818
0.8989587117
0.887481734
0.8788137662
0.8757190062
0.8791720252
0.869185158
0.8739330672
0.8724969098
0.8753544569
0.8740978348
0.8816074189
0.883570105
0.8739149172
0.871678669
0.8708740265
0.8667199213
0.8628480703
0.8685024565
0.8670067408
0.8742241694
0.8792376764
0.8844061373
0.8907153729
0.8927676224
0.893263555
0.8903316264
0.8872061069
0.8847787284
0.8814287468
0.8832468721
0.8771767321
0.8780533168
0.8843655262
0.8837266774
0.8873413041
0.8935655839
0.8880265381
0.8871502785
0.8933224756
0.8969632592
0.8981752507
0.9030932968
0.9026499129
0.9028709918
0.9003857641
0.89575
0.89830933
0.8897136797
0.8822938258
0.8791891553
0.8786091276
0.8777509144
0.8762541806
0.8773549595
0.8777660695
0.8792174828
0.8821255446
0.8806940102
0.8825371485
0.8847256972
0.8795468463
0.8760178779
0.8751901661
0.8740945365
0.8721979979
0.8715417428
0.8691703486
0.8702956989
0.86900978
0.8776064158
0.8785289747
0.8765957447
0.8747081234
0.8808201623
0.8762698461
0.872078275
0.8696708369
0.870564053
0.873103532
0.8740152709
0.8794776347
0.8822987659
0.8857544976
0.8851528651
0.8854300976
0.8854070661
0.8831016373
0.8759713828
0.8761638734
0.8771555779
0.8811881188
0.870586765
0.8618213881
0.8602225313
0.8665149791
0.8701224542
0.8769921579
0.8736702128
0.8704282888
0.8702513522
0.8782997763
0.8772579597
0.8722398498
0.8675560712
0.8689205599
0.8706664961
0.869003454
0.8594708589
0.8572628586
0.8623960499
0.8635095686
0.8702657052
0.8606683805
0.871459556
0.8745912676
0.8762212917
0.8736969235
0.8767331434
0.8727422524
0.8748726439
0.8725316456
0.8706255954
0.8698600038
0.8707700006
0.8698206362
0.8694832139
0.8813769962
0.8783180352
0.8646537293
0.8594756929
0.8618268447
0.8626411328
0.8593321704
0.8576330401
0.8569296773
0.8522834054
0.8535331369
0.8559865513
0.8567205485
0.8551493338
0.8575052318
0.8547680985
0.8556955613
0.8630119481
0.8638047783
0.8607497102
0.8610895946
0.8577999482
0.858349452
0.8542133931
0.8559063136
0.8569061126
0.8591314388
0.8584008678
0.8601052902
0.8549229398
0.853312
0.854750032
0.8468347123
0.842651037
0.8400025858
0.8395507939
0.8395380347
0.8384769023
0.835429301
0.8331314934
0.8327908609
0.8353166987
0.8360194423
0.834705995
0.8357881137
0.8404441847
0.8356438197
0.833999742
0.8339084867
0.8287377647
0.8258035369
0.8249675746
0.825802269
0.825398876
0.8282564738
0.8367453384
0.8288983328
0.826949429
0.8294573643
0.8330092052
0.8361567309
0.8320571392
0.8354844924
0.834690084
0.8356603049
0.8370257194
0.8384674134
0.8369883973
0.8299574576
0.8320080777
0.8318153068
0.8308460857
0.8297831995
0.8339413763
0.8385242277
0.8398282069
0.8379803112
0.8370722433
0.8368206175
0.8318048656
0.8302078054
0.8306808134
0.8354789852
0.8385667258
0.8455694586
0.8478731533
0.8482767311
0.8464937196
0.8470499339
0.8381125682
0.8350263356
0.8329760404
0.8336799647
0.8346591994
0.8350594066
0.838369153
0.8367138666
0.8409338024
0.8339269813
0.8310245771
0.8331319555
0.8321117149
0.8326730806
0.834079304
0.8325763311
0.8335757193
0.8357804525
0.836030611
0.8354002255
0.8386486827
0.8337939698
0.8337189669
0.8321263578
0.8347945892
0.8272561244
0.8254138759
0.8245735507
0.8250487023
0.8257112219
0.8244720965
0.8257300414
0.8247604639
0.8239144116
0.8237509415
0.8187265918
0.8175418925
0.8193996527
0.8148883375
0.8181254649
0.8175006193
0.8177324683
0.8154025958
0.8148946655
0.8152167211
0.8130287126
0.8122721374
0.8104024768
0.8066329051
0.8052735826
0.8028640506
0.8021658416
0.8046005595
0.7975414416
0.7970661673
0.7992975414
0.8033739812
0.8057594937
0.8088337657
0.8069441804
0.8005609025
0.8006765382
0.7999360818
0.7993238502
0.7986435473
0.7991497037
0.8020238713
0.8064075015
0.8118167621
0.8099765564
0.8114097429
0.8082588281
0.8092245903
0.8065057442
0.8022232217
0.8089634774
0.8112964513
0.8074391257
0.8025424812
0.80681457
0.8078930617
0.8049967969
0.8058246199
0.8026974952
0.7993730408
0.801271758
0.8018198245
0.8067210815
0.8029588063
0.8035168196
0.8037808395
0.7980038635
0.7935133738
0.7935146983
0.7903017797
0.7890026399
0.7909479964
0.7866237942
0.784704
0.7840814497
0.7837198901
0.7810571847
0.7788726086
0.7817935833
0.7774624266
0.7832321406
0.7832493462
0.7858051386
0.7814172827
0.7853723913
0.7881584006
0.7844705275
0.7910858166
0.7944433775
0.7937360179
0.7896820329
0.7866017676
0.7844063038
0.7861875637
0.7862561357
0.7831548074
0.7854737243
0.7849359587
0.7858507387
0.7903470991
0.7894003673
0.7923018773
0.7918140475
0.7920622864
0.79402476
0.7912455786
0.7918039017
0.7924230963
0.7929753887
0.7909451546
0.7922690132
0.7927571707
0.7984142839
0.7985382309
0.8004355943
0.8001490035
0.8010425717
0.8079433498
0.806864313
0.8030051112
0.8056343238
0.7994317129
0.8000738416
0.7968653585
0.7984218962
0.7959650969
0.7949207915
0.7971274686
0.7991696617
0.8006681514
0.8024867889
0.804424396
0.8068743818
0.809256487
0.8047880985
0.8054114853
0.8065943655
0.805648874
0.8050784167
0.8093938078
0.8121711137
0.8120352008
0.8137065034
0.8155758181
0.814001631
0.8085637601
0.8039689922
0.8037046246
0.8047289288
0.8065318818
0.8038924011
0.8021582734
0.7999875265
0.8004384591
0.801538654
0.7986732587
0.7972583876
0.7992712195
0.8008188976
0.8004282386
0.8038597376
0.8054101772
0.8016508097
0.8046511628
0.8041949259
0.8046669176
0.8073711308
0.8090965732
0.8090392659
0.8073251388
0.8081054078
0.8086273532
0.811002994
0.8107184997
0.8132182123
0.8125426886
0.8075052986
0.8069343976
0.8049903553
0.8067899702
0.8096003959
0.8116500031
0.8141965003
0.8121103636
0.8140035686
0.814125023
0.8134676825
0.8146109118
0.8173929213
0.8168341397
0.8204380468
0.8218751944
0.8181930693
0.8125230883
0.8125384521
0.8113486538
0.81152513
0.8132751636
0.8146168666
0.8146855326
0.815436451
0.8204937813
0.8277571252
0.8312803285
0.8296522118
0.8305614605
0.8356678339
0.8393295949
0.8409851595
0.8393893515
0.8400883838
0.8473040613
0.8513924051
0.8576344634
0.8556013964
0.8592770779
0.8557389442
0.8691036236
0.860020333
0.8683201227
0.8634040378
0.8537300121
0.8455742687
0.8553840265
0.8592672964
0.8645886889
0.8610340154
0.8601610306
0.8629313687
0.8683442506
0.8728414443
0.8651199371
0.8644078904
0.8708740428
0.862030249
0.8654201903
0.8616306639
0.8669236905
0.8622083775
0.8623543432
0.864789295
0.871622521
0.8691288639
0.87327436
0.8739095423
0.8687876758
0.8621992444
0.8639100232
0.8587712903
0.8525653757
0.855612852
0.8511073029
0.8522070415
0.8482413384
0.8488410487
0.844876629
0.8441635394
0.8436327739
0.8437951412
0.8485610321
0.8478547855
0.8473382905
0.8489950405
0.8523784563
0.8537492658
0.8529450176
0.8522077922
0.8526500846
0.8537557152
0.858129234
0.8543784847
0.8549578404
0.8578180386
0.8544859201
0.8521744826
0.8522377302
0.843022879
0.841238046
0.8444659568
0.8467181467
0.8468699839
0.8415867087
0.8422439275
0.8413770914
0.8450012917
0.8464652956
0.845826345
0.8452667926
0.8486037538
0.85
0.8457289406
0.8427861997
0.8450592885
0.8447506562
0.8511732138
0.8545526997
0.8555268903
0.8547138604
0.8560646186
0.854760481
0.8560084701
0.8579508089
0.8548174509
0.8532116074
0.8545930042
0.8498798779
0.848444103
0.8511103959
0.8503405732
0.8515359456
0.8504398827
0.8493945188
0.8490566038
0.8494966229
0.856567336
0.8560843181
0.8550668475
0.8517174336
0.8496172311
0.8491507844
0.8486885032
0.8547445734
0.8564372736
0.8577999737
0.8583201477
0.8519706691
0.8569533789
0.8605243747
0.8605630977
0.8609503298
0.8602891953
0.862269898
0.8647576219
0.8652787907
0.8697148151
0.862875156
0.8607986317
0.8606707716
0.8589100853
0.8593170732
0.8602136529
0.8627796256
0.8634028997
0.8641991398
0.8700275699
0.8747446794
0.8736528926
0.8688567502
0.8646498892
0.8654259127
0.8597045733
0.8607700714
0.8598401856
0.8597454616
0.8570781866
0.8544540415
0.8513192527
0.8525251232
0.8522422384
0.8560857362
0.8523357339
0.856886266
0.8598497013
0.8585650973
0.8616295534
0.858974359
0.8544140423
0.8531369128
0.8494817485
0.8471186005
0.8451596391
0.841690177
0.8423881743
0.8441897485
0.8429216197
0.8411965596
0.8417757541
0.8375772091
0.8381401194
0.8394091766
0.8365480962
0.8429489179
0.8446983889
0.8414269705
0.8429437121
0.8413458548
0.8412212787
0.8387396886
0.836124328
0.8348250108
0.8374229346
0.8426521524
0.8450985283
0.8433772366
0.8442592362
0.8473502665
0.8471369503
0.8495325344
0.8488183069
0.8450510236
0.8485114935
0.8453684797
0.8466485283
0.8468635829
0.848953202
0.852488408
0.8523092122
0.8534397426
0.8541434411
0.8576152742
0.8570361611
0.8472369323
0.8476226368
0.8470315341
0.8400274417
0.8407508702
0.8336961254
0.8352808848
0.8388409062
0.8446120013
0.8395631825
0.8382801319
0.8371731975
0.8389019998
0.8395980648
0.8331163598
0.8328589109
0.8353797742
0.8368838246
0.8373687461
0.8339478859
0.8324761205
0.8303385894
0.8284526502
0.8288639688
0.8294587833
0.8368034293
0.8381372009
0.8364622699
0.8377852145
0.8420057342
0.8415768854
0.8420083477
0.843157701
0.8459504336
0.8395996094
0.8344019051
0.8362680362
0.8372960088
0.83579719
0.8371467026
0.8340949248
0.8350315381
0.8356545961
0.8323674997
0.8329904393
0.8316608891
0.8282096548
0.8309876318
0.8298222114
0.8252250061
0.8252627742
0.8295185478
0.8341376993
0.8317933131
0.8310814942
0.831681351
0.8245688867
0.8256713146
0.8224582701
0.8175072394
0.8230019259
0.8289712832
0.8248809021
0.824661999
0.8245306935
0.8222303119
0.8205237256
0.8287045552
0.8283403786
0.8291263326
0.832374541
0.830954124
0.8314743707
0.8293231255
0.8195583977
0.8212676479
0.8184425985
0.8202778776
0.8237901294
0.8222913179
0.82278405
0.8254206731
0.8251937286
0.8235716852
0.8217827733
0.8218545825
0.8254423721
0.8247373161
0.8236670065
0.8208330843
0.8268106431
0.8295468133
0.8335736602
0.8342760862
0.8369754982
0.8332030545
0.8360902256
0.836939536
0.8395850923
0.8360468609
0.8350203043
0.8363239573
0.8391388486
0.8365803485
0.8322670208
0.8271255792
0.8261052379
0.8256099754
0.8290572613
0.8275323114
0.8270644967
0.8266980335
0.8273017402
0.8242322858
0.8246148334
0.8274937433
0.8300185152
0.826292202
0.8261987325
0.8232738095
0.8225595238
0.8229303157
0.8214562124
0.8199643494
0.8235890101
0.8232001429
0.8237885463
0.8240790335
0.8209594008
0.8217862858
0.8208345664
0.8218625882
0.8225739522
0.8199375846
0.8205128205
0.8185791059
0.8166439129
0.8155195922
0.8137808138
0.81707099
0.8165246917
0.8141414141
0.8153434434
0.8128377175
0.8098032243
0.8098006645
0.8102259215
0.8100807409
0.8112004766
0.8135025138
0.8140814739
0.8134653229
0.8121751598
0.8136190021
0.8128061164
0.8116778763
0.8116519876
0.809027571
0.8084268322
0.8056183788
0.805745554
0.797724325
0.7988932062
0.7984084881
0.8009322084
0.7990262216
0.7985890653
0.7989187919
0.8005066871
0.803180212
0.7997649824
0.8014688602
0.8004911706
0.7976114186
0.7955247363
0.7932703522
0.7920405547
0.7942790426
0.7943837936
0.7956443043
0.794310083
0.7948927716
0.7972355628
0.791506242
0.789541263
0.7905997895
0.7917423133
0.7921842044
0.7896218118
0.7903140593
0.7931927924
0.7914309288
0.7912055569
0.7917232422
0.7917036511
0.7927154279
0.7978495901
0.7963083863
0.792237037
0.7935066477
0.7930850116
0.799713877
0.7975928022
0.7947650208
0.8007545814
0.8012105957
0.8022774948
0.798589529
0.8014201468
0.7993023396
0.8006632499
0.7988415591
0.7958273034
0.7963533176
0.795813729
0.7950156891
0.792631452
0.7907382874
0.7961300497
0.7989421206
0.791768591
0.7941501104
0.801512053
0.8029342285
0.7976013848
0.797288971
0.7974675764
0.7971398632
0.7965227007
0.7938093779
0.7887573242
0.7872523158
0.7849758365
0.7853169509
0.7827018424
0.781512605
0.7811980545
0.7806812592
0.7786546643
0.7789103039
0.7850374683
0.7837279218
0.7860575423
0.7866691538
0.7889725559
0.7870215274
0.7868393202
0.7886674969
0.7951262404
0.8025473711
0.7981206049
0.7934269384
0.7925054196
0.7892029255
0.7878561652
0.7884003742
0.787705326
0.7880047138
0.7893301939
0.7912757099
0.7882595649
0.7834813055
0.7809958714
0.7844547274
0.7817760811
0.7827020202
0.7845649019
0.7836423256
0.7846395971
0.7875276986
0.7935446906
0.7991570343
0.7960097199
0.8008691207
0.8001275104
0.7992733299
0.7915149192
0.7917303772
0.7932768829
0.7922579828
0.7932328436
0.7959418806
0.7932194781
0.791943734
0.7836581327
0.7894736842
0.7885182809
0.7874544408
0.7902320837
0.7911388376
0.7886794855
0.7926185173
0.7951668585
0.7940205662
0.7929602657
0.7843688143
0.7835605915
0.7851329702
0.784788914
0.7839228296
0.7864489586
0.7827568471
0.7841772967
0.7813986374
0.7765868686
0.7766223763
0.78195195
0.7830684356
0.7857896124
0.7840668081
0.7818061528
0.781270638
0.7798733843
0.7773233956
0.7744563432
0.7655404514
0.762344864
0.7670300628
0.7621436114
0.7660996757
0.7577048526
0.7494340125
0.7474158495
0.7469570366
0.7481056862
0.7512626263
0.7515312916
0.7541758169
0.7566622691
0.750888041
0.7484313725
0.7429621366
0.7445452156
0.7413815703
0.7413679926
0.7409238777
0.7407792208
0.7396600013
0.743214216
0.7356508204
0.7369273634
0.7397571586
0.7333203909
0.7332470893
0.7326713521
0.7265706127
0.7250647668
0.7277817566
0.7281887921
0.7254799188
0.7234699238
0.720897802
0.7182539683
0.710008611
0.7062294642
0.7138819729
0.7124329463
0.7137080469
0.718110343
0.7228253494
0.7223882625
0.7244857067
0.7316779332
0.7346115035
0.7370649106
0.733265857
0.7326612903
0.7303901715
0.7227649397
0.7269539416
0.7329560765
0.7364570048
0.7356798715
0.7305594829
0.725279882
0.7240396362
0.7228060598
0.7214344151
0.7210796915
0.7176454687
0.7191207024
0.7215342392
0.721070638
0.7188502674
0.7139149531
0.7190115584
0.7156610617
0.7154476878
0.716179159
0.7209678463
0.7313160297
0.7394641085
0.7378826952
0.7367624811
0.7433692227
0.7406652643
0.7262783172
0.7160826595
0.7155501783
0.722197523
0.7221094047
0.725288669
0.7242391374
0.7189757482
0.7137436491
0.7102207477
0.7127357272
0.7101758469
0.7074374797
0.7101279039
0.7142857143
0.7185515028
0.7189701719
0.7275390625
0.7342292387
0.7338447536
0.728427393
0.7338472594
0.7332465843
0.7289611143
0.7254421066
0.724783028
0.7240405596
0.7190278222
0.7166030534
0.7167433361
0.7145917339
0.7178774479
0.7107506361
0.7131471563
0.7120798119
0.7089926915
0.7124976174
0.7092527822
0.7092271243
0.7108719329
0.7106090752
0.7089814993
0.7091274472
0.7205738507
0.7166677522
0.7188347759
0.7105738233
0.7064485082
0.7004735091
0.6968221425
0.6947590708
0.6957833258
0.704008222
0.6991791715
0.7086314704
0.7078470565
0.7137902242
0.7082959354
0.7063756241
0.7002245749
0.704192
0.7030788967
0.7013435701
0.6967638577
0.7033412734
0.7080372141
0.7069573581
0.7076616788
0.7142400614
0.7137182034
0.7118026711
0.7106934377
0.7047211397
0.7067621117
0.7139030612
0.7231875756
0.7324185249
0.7277650357
0.7351326919
0.7292788992
0.7267528754
0.7300925323
0.7357049608
0.7338340954
0.7287446739
0.733206132
0.7307641979
0.7275565964
0.7263733403
0.7295161604
0.7352559948
0.733713619
0.7348095083
0.7304140025
0.7283974483
0.7295423914
0.723186069
0.7236063228
0.7320972286
0.7380811857
0.7370363049
0.7393907494
0.7427610316
0.7389637854
0.7390586837
0.7395079595
0.7381722204
0.739721529
0.7339731035
0.736182708
0.7424321503
0.7408685461
0.7470322031
0.740537043
0.7357857373
0.7367296737
0.7317262328
0.7343295168
0.7347969691
0.7238398544
0.7179821417
0.7194272698
0.7212493466
0.7221642083
0.7167036989
0.7133238379
0.7146284529
0.7108386846
0.7063569523
0.7142857143
0.7139912222
0.7117713227
0.7085181018
0.7059946042
0.708678501
0.7053794555
0.7029514231
0.6997239748
0.6993558564
0.7011832385
0.7009345794
0.7020095188
0.7064561078
0.702904784
0.7024952015
0.7044593607
0.7023611573
0.704258989
0.7088802572
0.7219389444
0.7198013245
0.7204700883
0.7254980345
0.7254087553
0.7216691938
0.7225289169
0.7273987981
0.7255579171
0.7278662314
0.7264486672
0.7274619051
0.7331362537
0.7402834008
0.7313663553
0.7337040263
0.7360338005
0.737666353
0.738299453
0.7359368677
0.7374779422
0.7366243982
0.7360685854
0.7329150184
0.7355858012
0.7446356345
0.74996556
0.7473214286
0.7512996465
0.7503976762
0.7535035382
0.7670378931
0.7637077549
0.7703912584
0.7701473595
0.7632857042
0.7564183281
0.7603903398
0.7556267856
0.7619314598
0.7616562283
0.7623567461
0.7570028498
0.7571131159
0.759036971
0.7676012888
0.7697463893
0.7745404093
0.7809306821
0.7754298736
0.7837576093
0.7769794114
0.7725226785
0.7786478361
0.7787171604
0.7751586582
0.7754319955
0.7785386516
0.7856429997
0.7916128106
0.7914128019
0.7873306428
0.7816430676
0.7780723755
0.7716317099
0.7738970588
0.773308958
0.7719949566
0.7745132495
0.7753251318
0.7835643287
0.7745608554
0.7745789952
0.7848968635
0.784970607
0.7819538483
0.7781228433
0.7813433354
0.7892108595
0.7925170068
0.7888019181
0.790360252
0.7862461366
0.7841431157
0.7864785992
0.7906766708
0.8011251758
0.7984164798
0.8045749788
0.8079699887
0.8086437305
0.8080328682
0.8013761146
0.798652064
0.7935179978
0.7957194321
0.7940680349
0.7932338727
0.7908237748
0.7875816993
0.7884159107
0.7801334631
0.7776090558
0.7745319893
0.778014428
0.7766664383
0.7821687406
0.7851740819
0.791472123
0.7933890001
0.7876863611
0.7900013829
0.7910966039
0.7885548012
0.7902122071
0.7871957965
0.7861617708
0.7862844451
0.7829751952
0.7721952221
0.7667259543
0.7725111953
0.7739574703
0.7622726651
0.7597875672
0.7626586598
0.7608799617
0.7607789546
0.767413021
0.7747885175
0.7727902466
0.7801350048
0.7868058917
0.7800536119
0.7842988854
0.7825636062
0.7866359768
0.7929725931
0.7925501838
0.7931959345
0.7905057487
0.7871314797
0.7708815915
0.7679034238
0.768650119
0.7665766374
0.8116005233
0.8353261692
0.8291822956
0.8237826603
0.8345643654
0.8385032375
0.8385737927
0.8496131158
0.8566903585
0.8574750058
0.8528118491
0.8523288094
0.8352409639
0.8421012735
0.8342466782
0.8393656575
0.8350429929
0.8396096966
0.834609843
0.8333080999
0.8366646323
0.8363401081
0.8362252664
0.8369631435
0.8427299703
0.8434381615
0.8459674366
0.8414935893
0.8384482629
0.8490623571
0.8477712363
0.8495934959
0.8534860481
0.8586697424
0.8602929838
0.8643293863
0.8685048544
0.864452286
0.8662875586
0.8623839245
0.8665697007
0.8620820958
0.8582044283
0.8513258291
0.8552362175
0.8541128174
0.854368932
0.8521971723
0.8490982421
0.8435404896
0.8388817915
0.8377525727
0.8375055878
0.8432432432
0.8458066942
0.8455854633
0.8434802192
0.8512008485
0.8530927835
0.850571234
0.8537667304
0.8566063765
0.8601032278
0.8599059875
0.8581473555
0.8660652325
0.8671495723
0.8616081714
0.8616342532
0.8648377899
0.865690054
0.8727244438
0.8789258794
0.8786263133
0.8826413602
0.8963081862
0.9000888458
0.9104293469
0.9025447999
0.9012980651
0.9006389253
0.9018691589
0.8940047181
0.8934506354
0.8917223399
0.888616491
0.8908361314
0.8928512871
0.8925241289
0.8949876746
0.8995970726
0.8965489042
0.903563256
0.9026591852
0.8928255805
0.8892
0.8902773299
0.889669088
0.8809696384
0.8683623027
0.8618363622
0.8600576092
0.8627120006
0.8593235318
0.8553964935
0.8578606159
0.8499759577
0.8555439246
0.8470673193
0.8470427735
0.850433526
0.8527350358
0.8506363564
0.8480556889
0.8444603402
0.8414787955
0.8464622642
0.8455284553
0.8525630852
0.8439936356
0.8380376878
0.8382827885
0.8377888179
0.839108521
0.8369905956
0.8358806113
0.8409694822
0.8413982845
0.8440864567
0.8488050723
0.85136897
0.8505737772
0.8524376325
0.8492680134
0.8565352527
0.8543539895
0.8518639101
0.8504893964
0.8502070309
0.8534385569
0.8576538493
0.8686827184
0.8685747183
0.8684102311
0.8737282573
0.8715994756
0.8786874379
0.8640071065
0.8678310317
0.8642497155
0.8652832942
0.8597419251
0.8587051968
0.8517490283
0.8487808752
0.8520497687
0.8568795577
0.8579156722
0.8509813232
0.8590539895
0.8618925831
0.8607970492
0.8555653357
0.8532344261
0.8516742588
0.8511285417
0.8474088292
0.8472333601
0.8501204819
0.8541533034
0.8530097243
0.8517983301
0.8461600193
0.8481022837
0.8423276206
0.847826087
0.8510433387
0.8543126359
0.8575371378
0.856583775
0.8616413771
0.8649223222
0.8663062177
0.8670287172
0.8693508628
0.8767359684
0.8711892113
0.8730785039
0.8712798229
0.8674708549
0.867032435
0.8690157959
0.8662445905
0.8662660256
0.8614462645
0.8645966709
0.8647616015
0.8679592981
0.8663174859
0.8580360721
0.8528942752
0.8545206797
0.857545045
0.853946102
0.8535705698
0.8557932983
0.8535308801
0.8499559401
0.8487711152
0.8486736977
0.8476091642
0.8464961068
0.8387905374
0.8377004302
0.8382215289
0.8355864656
0.8482240651
0.8527258567
0.8475566986
0.8430354236
0.8417760618
0.844224218
0.8439869989
0.845361623
0.8493150685
0.8481247106
0.845018165
0.8416499305
0.839811452
0.8439732836
0.8482094306
0.8501704369
0.8575410344
0.8607418856
0.8562413422
0.8593258082
0.8632905556
0.8622496148
0.8643674606
0.865653214
0.8734760863
0.8705204113
0.8700560573
0.8717610551
0.8700038805
0.8747283452
0.8707056639
0.8747283452
0.8714318867
0.8665945277
0.8789638932
0.8852173913
0.8790018832
0.8810472841
0.8738046716
0.8751662104
0.8756277464
0.8811881188
0.8805592859
0.8807136654
0.8804749548
0.879352354
0.8849945235
0.8799010131
0.8799753638
0.8773831488
0.8765146253
0.8780846291
0.8774183563
0.8805613386
0.8852331807
0.8849200186
0.8903416608
0.8854174742
0.8814516753
0.8760703364
0.8784073507
0.8862486586
0.8838511699
0.896586268
0.8988365822
0.8934438815
0.8937720509
0.8911627194
0.8925619835
0.8947568968
0.8954510993
0.8936411809
0.8965100468
