1.6633
1.6579
1.6564
1.6534
1.6494
1.6437
1.6369
1.631
1.649
1.6546
1.6525
1.653
1.6562
1.6463
1.6543
1.6553
1.6573
1.6592
1.6485
1.6481
1.6446
1.6406
1.6419
1.6379
1.6385
1.6327
1.6377
1.6346
1.6279
1.6241
1.6313
1.627
1.6317
1.6343
1.6353
1.6231
1.624
1.6143
1.5991
1.6073
1.6038
1.6118
1.6148
1.6132
1.6068
1.6074
1.6081
1.6183
1.6264
1.6364
1.6328
1.6238
1.6267
1.631
1.6309
1.6283
1.6284
1.6388
1.64
1.6277
1.6219
1.6141
1.6117
1.6145
1.6065
1.6027
1.6017
1.5933
1.5951
1.6072
1.6086
1.6143
1.6143
1.6123
1.6104
1.6146
1.6085
1.612
1.6073
1.6129
1.6149
1.6109
1.6174
1.6138
1.6083
1.6077
1.6084
1.6264
1.6366
1.6404
1.6335
1.627
1.621
1.6187
1.6194
1.6182
1.6192
1.6213
1.6189
1.6088
1.6018
1.5976
1.6023
1.5959
1.5962
1.6012
1.6028
1.612
1.6044
1.6057
1.6079
1.5998
1.605
1.6
1.6022
1.6165
1.6057
1.5911
1.5869
1.5939
1.5931
1.5911
1.5893
1.5789
1.5881
1.5899
1.585
1.5763
1.5759
1.5752
1.5794
1.5743
1.5633
1.5595
1.5591
1.5509
1.5571
1.5573
1.5639
1.5656
1.5629
1.5765
1.5723
1.5788
1.5844
1.5796
1.5898
1.5912
1.5969
1.6183
1.6218
1.6173
1.6225
1.6213
1.617
1.6092
1.6033
1.6166
1.6094
1.6105
1.6069
1.6013
1.6043
1.6025
1.617
1.6143
1.6039
1.5948
1.5866
1.5877
1.5875
1.5899
1.6095
1.6037
1.607
1.6043
1.6073
1.6061
1.6204
1.6318
1.6193
1.6082
1.6052
1.611
1.6246
1.6225
1.6214
1.6318
1.6359
1.6375
1.6417
1.6464
1.65
1.6445
1.6465
1.6557
1.6559
1.6528
1.6555
1.652
1.6507
1.6519
1.6564
1.6541
1.6633
1.6671
1.6701
1.6711
1.6653
1.677
1.6583
1.6631
1.6524
1.6488
1.6358
1.6433
1.6407
1.6455
1.6463
1.6234
1.6185
1.6159
1.6216
1.6262
1.6237
1.6153
1.6211
1.6166
1.6253
1.6171
1.6187
1.6197
1.6236
1.6062
1.6155
1.6065
1.6035
1.5964
1.5978
1.5985
1.6017
1.6198
1.6238
1.6281
1.6259
1.6219
1.6245
1.6119
1.6061
1.6089
1.6042
1.6044
1.6131
1.6061
1.6146
1.6158
1.6179
1.6149
1.6194
1.6142
1.616
1.6334
1.6388
1.6446
1.6456
1.6378
1.6388
1.646
1.6464
1.6468
1.6345
1.6318
1.6383
1.6451
1.6565
1.6495
1.6506
1.6496
1.6363
1.6353
1.6243
1.6141
1.6106
1.6082
1.5964
1.5907
1.5949
1.6108
1.6133
1.6069
1.5902
1.5898
1.5966
1.6058
1.6055
1.5989
1.5998
1.6166
1.6045
1.5993
1.5913
1.5965
1.5802
1.5897
1.5802
1.5823
1.5731
1.5756
1.5867
1.5811
1.5778
1.5771
1.5751
1.5745
1.5743
1.5714
1.5697
1.5721
1.5797
1.5881
1.5913
1.585
1.5875
1.5879
1.5926
1.5921
1.5982
1.6023
1.5847
1.5794
1.5806
1.5837
1.5867
1.5866
1.587
1.5857
1.5848
1.5787
1.5795
1.5792
1.5788
1.5786
1.5803
1.5784
1.5759
1.5561
1.5543
1.5592
1.5573
1.5419
1.5301
1.531
1.5322
1.5134
1.5022
1.5156
1.5068
1.4994
1.4923
1.481
1.4868
1.4913
1.4746
1.4787
1.4683
1.4852
1.4914
1.4957
1.4985
1.4911
1.5073
1.5187
1.5265
1.5239
1.5092
1.5085
1.5126
1.5097
1.5017
1.5115
1.5162
1.5124
1.5133
1.4983
1.5096
1.5031
1.5
1.5031
1.5115
1.5183
1.5159
1.5128
1.5153
1.51
1.5079
1.5143
1.5128
1.5134
1.5069
1.503
1.4994
1.4928
1.4954
1.4953
1.5108
1.5183
1.5143
1.518
1.5157
1.5123
1.5028
1.4986
1.498
1.4925
1.4953
1.5012
1.5096
1.502
1.5013
1.4985
1.5038
1.5055
1.5048
1.4983
1.4987
1.4895
1.4902
1.4824
1.4838
1.4814
1.4723
1.4715
1.4563
1.456
1.447
1.4606
1.4586
1.4524
1.4436
1.4364
1.4192
1.4106
1.404
1.4117
1.4054
1.4007
1.4017
1.4073
1.4112
1.4332
1.4587
1.4513
1.4605
1.4595
1.4635
1.4781
1.4665
1.458
1.4573
1.4462
1.4446
1.4467
1.45
1.4599
1.4728
1.4582
1.4475
1.4445
1.4414
1.4445
1.4487
1.4575
1.4499
1.4338
1.4365
1.4517
1.4513
1.4494
1.4465
1.4438
1.4509
1.4272
1.4348
1.4227
1.4227
1.4286
1.4393
1.4298
1.4261
1.4232
1.4252
1.4218
1.4163
1.4103
1.3991
1.4001
1.4181
1.4172
1.4237
1.4227
1.4392
1.4538
1.439
1.438
1.4429
1.4478
1.457
1.447
1.4509
1.4677
1.4758
1.4706
1.4643
1.4745
1.4723
1.4767
1.4791
1.4788
1.4948
1.4899
1.4937
1.4932
1.4987
1.5045
1.4972
1.4997
1.4948
1.4891
1.4924
1.4977
1.479
1.4784
1.4684
1.4724
1.4749
1.4684
1.4643
1.47
1.4611
1.4622
1.4595
1.4585
1.4616
1.4601
1.4789
1.4676
1.4757
1.4583
1.4616
1.4443
1.448
1.451
1.4527
1.4584
1.449
1.4494
1.4444
1.4423
1.4408
1.4436
1.4513
1.4451
1.442
1.4451
1.454
1.4696
1.4696
1.4668
1.4583
1.4676
1.4677
1.464
1.4487
1.4465
1.44
1.4265
1.4237
1.428
1.4273
1.421
1.4279
1.4345
1.4294
1.4355
1.4302
1.4189
1.4184
1.4322
1.4327
1.4261
1.4401
1.4491
1.4335
1.4365
1.4391
1.4351
1.4363
1.4276
1.4314
1.438
1.4432
1.4371
1.4381
1.4393
1.4375
1.435
1.4292
1.4362
1.436
1.4314
1.4377
1.4389
1.4285
1.4214
1.4217
1.4194
1.4182
1.4244
1.4289
1.4321
1.4346
1.4395
1.4247
1.4239
1.4118
1.4223
1.4213
1.4208
1.4266
1.4183
1.4173
1.4127
1.4092
1.3923
1.3895
1.3795
1.3738
1.3779
1.3893
1.4009
1.4055
1.4032
1.3984
1.3985
1.4165
1.4124
1.4139
1.4168
1.419
1.4066
1.4117
1.4165
1.4062
1.4075
1.4
1.4118
1.4073
1.4104
1.41
1.4063
1.4003
1.4002
1.4041
1.4174
1.4275
1.4297
1.4198
1.4234
1.4281
1.428
1.4254
1.4257
1.4248
1.4314
1.4309
1.4273
1.4183
1.4173
1.4153
1.4269
1.4265
1.4221
1.4284
1.4396
1.447
1.4481
1.4444
1.4476
1.4526
1.4467
1.4429
1.4446
1.4515
1.4515
1.4581
1.4542
1.4545
1.4422
1.4555
1.4569
1.463
1.4584
1.4752
1.4672
1.4707
1.4671
1.4638
1.4653
1.4707
1.4655
1.4526
1.4607
1.4694
1.4761
1.4744
1.4706
1.4776
1.4657
1.4756
1.4766
1.4802
1.4718
1.4575
1.4504
1.4418
1.4513
1.4476
1.4484
1.4475
1.4445
1.4373
1.4219
1.4239
1.4276
1.4307
1.4344
1.4533
1.4549
1.457
1.4627
1.4596
1.4584
1.4573
1.4623
1.454
1.4571
1.4552
1.4416
1.4447
1.4315
1.4273
1.4137
1.4214
1.4153
1.4126
1.4108
1.4108
1.4155
1.424
1.4239
1.425
1.4248
1.4213
1.4149
1.4283
1.4307
1.4349
1.4383
1.4449
1.4431
1.4551
1.4591
1.4573
1.4508
1.4444
1.4349
1.4431
1.4444
1.4512
1.4534
1.4486
1.4542
1.4545
1.4456
1.4378
1.4442
1.4389
1.4407
1.4359
1.4427
1.4459
1.4491
1.4426
1.4356
1.4347
1.4388
1.4358
1.4286
1.4254
1.422
1.4096
1.4092
1.4136
1.4162
1.4122
1.4161
1.4232
1.4149
1.4137
1.41
1.4172
1.4244
1.434
1.4302
1.4297
1.4316
1.4287
1.4321
1.4274
1.4259
1.4331
1.4256
1.4149
1.4152
1.4149
1.4203
1.4245
1.4218
1.4229
1.4279
1.4225
1.4189
1.4159
1.4128
1.4212
1.4245
1.4254
1.4232
1.4262
1.4274
1.4234
1.4262
1.4268
1.4241
1.4254
1.4253
1.4412
1.4358
1.4357
1.4348
1.4352
1.4298
1.4352
1.4375
1.4395
1.4374
1.4384
1.4393
1.4436
1.4473
1.4479
1.4485
1.4485
1.4492
1.4548
1.4556
1.4578
1.4578
1.4641
1.4644
1.4687
1.4675
1.467
1.4554
1.46
1.4605
1.4603
1.4489
1.4566
1.4572
1.4581
1.4577
1.458
1.4582
1.4562
1.4574
1.4568
1.4613
1.4618
1.4668
1.4602
1.4625
1.4638
1.4577
1.4585
1.4609
1.46
1.4717
1.4705
1.4712
1.4765
1.4783
1.4913
1.4885
1.4988
1.4994
1.5035
1.5023
1.5243
1.5267
1.5279
1.5312
1.5314
1.5243
1.5259
1.5221
1.5338
1.5461
1.5457
1.5552
1.5491
1.5716
1.5696
1.5709
1.5673
1.5785
1.5788
1.5648
1.5751
1.5774
1.565
1.5588
1.5717
1.5642
1.5571
1.5717
1.5653
1.5354
1.5376
1.5293
1.5235
1.5318
1.5322
1.5432
1.5375
1.5383
1.5281
1.5279
1.5299
1.5188
1.5209
1.5232
1.5328
1.5348
1.5475
1.5476
1.5496
1.5622
1.5653
1.5661
1.5579
1.5576
1.5532
1.5505
1.5595
1.5514
1.5434
1.5376
1.5521
1.5535
1.5527
1.5517
1.5583
1.5622
1.5588
1.5579
1.5698
1.5699
1.5652
1.5706
1.5659
1.5646
1.5535
1.564
1.5662
1.5606
1.5568
1.551
1.5526
1.5513
1.547
1.5428
1.5479
1.5492
1.548
1.5526
1.5606
1.5576
1.5572
1.5646
1.5654
1.5567
1.5637
1.5578
1.579
1.5898
1.5879
1.5878
1.5864
1.579
1.5805
1.5795
1.583
1.5751
1.5762
1.5787
1.5631
1.5504
1.5451
1.5523
1.5559
1.5566
1.5703
1.5703
1.5714
1.5736
1.5789
1.5704
1.5764
1.5805
1.586
1.5928
1.5959
1.5992
1.6003
1.6017
1.5889
1.5966
1.5957
1.5974
1.6033
1.6048
1.6105
1.6105
1.5939
1.6073
1.6069
1.603
1.6126
1.6058
1.6079
1.6037
1.6068
1.6023
1.6131
1.617
1.6101
1.616
1.6164
1.6221
1.6334
1.6356
1.6403
1.6469
1.6485
1.6448
1.6405
1.6488
1.6408
1.6374
1.6276
1.6278
1.6191
1.6152
1.6213
1.6113
1.5995
1.5919
1.5969
1.5938
1.5857
1.5869
1.5759
1.58
1.5793
1.5752
1.5777
1.5831
1.6023
1.6033
1.6022
1.6002
1.6057
1.613
1.6058
1.5825
1.5684
1.5651
1.5637
1.5664
1.5633
1.576
1.5708
1.5742
1.5642
1.573
1.5791
1.5764
1.5658
1.5723
1.5599
1.551
1.5502
1.5632
1.5725
1.5724
1.5731
1.5693
1.5747
1.5719
1.5712
1.5612
1.5769
1.582
1.5963
1.5888
1.5902
1.5915
1.6006
1.6112
1.6033
1.6063
1.612
1.5954
1.6015
1.6046
1.6095
1.6085
1.6184
1.6225
1.6236
1.6364
1.6424
1.6405
1.636
1.6371
1.6397
1.6409
1.6359
1.6542
1.6382
1.6365
1.6253
1.633
1.6617
1.6627
1.6445
1.6519
1.6669
1.6676
1.6667
1.6807
1.6835
1.6786
1.6787
1.6608
1.6689
1.66
1.6773
1.6638
1.6463
1.6528
1.663
1.6628
1.6712
1.6665
1.6489
1.633
1.632
1.6327
1.6332
1.6229
1.5948
1.5914
1.5937
1.5887
1.6005
1.5994
1.6085
1.6121
1.6183
1.6256
1.6245
1.6186
1.6072
1.6059
1.6107
1.6025
1.6098
1.6135
1.6081
1.6095
1.6014
1.6064
1.5992
1.595
1.588
1.5887
1.5934
1.5786
1.5756
1.5708
1.5732
1.5743
1.578
1.5756
1.5697
1.5735
1.5726
1.5803
1.5888
1.5887
1.5914
1.5908
1.5924
1.6058
1.6027
1.5882
1.604
1.6159
1.6362
1.6537
1.6588
1.6565
1.6605
1.6585
1.6646
1.6621
1.6671
1.6703
1.6608
1.6709
1.6623
1.6615
1.6641
1.6652
1.6645
1.6742
1.6681
1.6766
1.6729
1.6726
1.6739
1.6914
1.6932
1.6988
1.6959
1.6944
1.6999
1.6962
1.6954
1.6798
1.6829
1.6762
1.6665
1.6717
1.6725
1.6647
1.6751
1.6861
1.6856
1.6886
1.6997
1.6983
1.7021
1.7048
1.6957
1.6976
1.71
1.7142
1.7216
1.7207
1.7307
1.7264
1.7225
1.7275
1.7336
1.7428
1.7446
1.7443
1.7486
1.7457
1.7543
1.7652
1.7715
1.7671
1.763
1.7639
1.775
1.7738
1.7714
1.7734
1.7793
1.7834
1.7883
1.7931
1.8087
1.8235
1.8179
1.834
1.8466
1.8517
1.8423
1.8405
1.8202
1.7952
1.7831
1.8208
1.8314
1.8425
1.8217
1.8166
1.8261
1.8368
1.8124
1.8228
1.8157
1.8372
1.8339
1.8384
1.8467
1.8575
1.8697
1.8819
1.8916
1.8837
1.891
1.905
1.8964
1.8939
1.857
1.8679
1.8909
1.8735
1.8652
1.8658
1.8695
1.8359
1.8234
1.8219
1.8432
1.8433
1.8394
1.8051
1.8021
1.7998
1.8027
1.8107
1.8156
1.8351
1.8319
1.8483
1.8526
1.8313
1.812
1.814
1.8164
1.8288
1.8404
1.8566
1.8299
1.8172
1.8387
1.8419
1.8306
1.8311
1.8368
1.8164
1.7898
1.7837
1.7937
1.8084
1.7926
1.7764
1.7679
1.7729
1.7853
1.7887
1.7735
1.7741
1.7754
1.7711
1.7882
1.7934
1.7949
1.7854
1.7738
1.7554
1.7752
1.7597
1.7587
1.7696
1.7681
1.7827
1.773
1.79
1.7934
1.8136
1.8129
1.8354
1.8331
1.8317
1.8369
1.8321
1.837
1.8398
1.8416
1.8351
1.83
1.8438
1.8179
1.8127
1.829
1.8288
1.8346
1.8377
1.8316
1.8202
1.8183
1.8275
1.8208
1.8255
1.8069
1.8144
1.8183
1.8332
1.8287
1.8427
1.8552
1.8573
1.8569
1.8651
1.8557
1.8573
1.8519
1.8701
1.8715
1.8546
1.8348
1.8458
1.8342
1.8401
1.8212
1.823
1.8162
1.8159
1.8278
1.8261
1.8251
1.8257
1.8437
1.8399
1.8355
1.8287
1.823
1.8423
1.8401
1.8288
1.8245
1.8308
1.8198
1.8134
1.7914
1.7974
1.7942
1.7908
1.7959
1.8042
1.7925
1.7911
1.7764
1.781
1.7743
1.7877
1.783
1.798
1.7967
1.7996
1.7765
1.7923
1.792
1.7862
1.7951
1.7931
1.8008
1.8029
1.8076
1.8113
1.799
1.8118
1.7981
1.7835
1.7842
1.7775
1.7823
1.7956
1.7973
1.7877
1.7893
1.7959
1.8028
1.7979
1.8044
1.8173
1.8288
1.8268
1.8418
1.8346
1.8314
1.8288
1.835
1.8326
1.8386
1.8456
1.8426
1.8527
1.8549
1.8585
1.8442
1.843
1.8573
1.8462
1.8537
1.8574
1.852
1.8582
1.8576
1.8725
1.8812
1.8876
1.8963
1.8959
1.9097
1.9314
1.9209
1.9389
1.9432
1.9448
1.9337
1.9181
1.9157
1.9238
1.9255
1.9431
1.9321
1.9431
1.9477
1.9262
1.9141
1.9196
1.9211
1.9379
1.9312
1.9162
1.9254
1.9158
1.9038
1.8833
1.8852
1.8745
1.866
1.8732
1.8785
1.8929
1.8831
1.8682
1.8615
1.8682
1.8714
1.8706
1.879
1.8774
1.8638
1.884
1.8867
1.8856
1.8827
1.8822
1.8835
1.88
1.879
1.8573
1.8557
1.8573
1.8726
1.8671
1.8904
1.8947
1.8809
1.8944
1.8934
1.8976
1.9081
1.9074
1.9128
1.9179
1.9232
1.9188
1.912
1.9093
1.9237
1.9161
1.928
1.9269
1.9227
1.926
1.9127
1.9144
1.9258
1.9235
1.9203
1.8968
1.8984
1.8705
1.8699
1.8687
1.866
1.8749
1.8817
1.8884
1.879
1.874
1.8774
1.8826
1.8774
1.8823
1.8921
1.8854
1.8916
1.8811
1.8918
1.9037
1.9152
1.9192
1.9083
1.9136
1.9108
1.904
1.9036
1.9077
1.9102
1.893
1.8917
1.9001
1.9068
1.8926
1.8821
1.8819
1.8725
1.8653
1.8487
1.8374
1.8396
1.8382
1.836
1.8247
1.8278
1.8283
1.8317
1.8208
1.8234
1.8231
1.8225
1.8117
1.8171
1.811
1.8225
1.8346
1.833
1.8217
1.8124
1.8043
1.8063
1.8231
1.8226
1.8267
1.8233
1.8257
1.8195
1.8172
1.8225
1.8278
1.8162
1.8059
1.7918
1.7705
1.7583
1.7542
1.7583
1.742
1.7337
1.7568
1.7759
1.7557
1.7581
1.7534
1.7507
1.7383
1.7291
1.7533
1.736
1.7457
1.7415
1.7424
1.7582
1.7587
1.7706
1.7713
1.7772
1.7814
1.7745
1.7859
1.7843
1.7941
1.8072
1.8167
1.8084
1.8066
1.8053
1.7946
1.7964
1.8
1.8007
1.7994
1.8036
1.8053
1.7962
1.7837
1.8035
1.8285
1.843
1.8425
1.8419
1.8405
1.8371
1.8386
1.8208
1.8226
1.8249
1.8075
1.8035
1.8024
1.8034
1.8087
1.7914
1.7776
1.7771
1.7664
1.7667
1.7626
1.7654
1.7546
1.7594
1.7635
1.774
1.7609
1.7534
1.7467
1.7528
1.7529
1.77
1.7563
1.7494
1.7605
1.7687
1.7671
1.7694
1.7853
1.7728
1.7837
1.7749
1.7688
1.7631
1.7752
1.7711
1.7493
1.7432
1.7422
1.738
1.7469
1.739
1.737
1.7334
1.7178
1.7185
1.7159
1.7177
1.7144
1.7215
1.7219
1.7132
1.7217
1.7197
1.7326
1.733
1.7338
1.7431
1.7418
1.7342
1.7528
1.7545
1.7763
1.7677
1.7726
1.7634
1.7715
1.7622
1.7532
1.7415
1.7381
1.7327
1.733
1.7299
1.7167
1.7227
1.7187
1.7231
1.742
1.7605
1.757
1.7712
1.7675
1.7642
1.7659
1.7608
1.7763
1.7671
1.7622
1.7612
1.7616
1.7646
1.7862
1.7886
1.7878
1.784
1.7727
1.7678
1.7835
1.7767
1.78
1.7611
1.7453
1.7452
1.7399
1.7413
1.7456
1.7425
1.7336
1.7398
1.7356
1.7392
1.745
1.7447
1.7432
1.7527
1.7432
1.7389
1.7535
1.7493
1.7513
1.7529
1.7473
1.7366
1.7367
1.7356
1.7259
1.7297
1.7462
1.7456
1.7569
1.7556
1.754
1.7462
1.747
1.7358
1.7427
1.747
1.7496
1.7355
1.7446
1.7391
1.7394
1.7555
1.7521
1.7507
1.7418
1.7398
1.7462
1.7506
1.7517
1.7516
1.7709
1.7772
1.7918
1.7794
1.781
1.7885
1.7865
1.7889
1.8035
1.821
1.8282
1.838
1.8431
1.8479
1.8601
1.8575
1.8643
1.8638
1.8849
1.8907
1.8789
1.8819
1.8845
1.8915
1.8762
1.8839
1.8819
1.8678
1.8695
1.8554
1.8585
1.8832
1.8727
1.8674
1.884
1.8801
1.8615
1.858
1.843
1.8427
1.8441
1.8387
1.8476
1.8483
1.8479
1.8386
1.8434
1.8451
1.8278
1.8203
1.8209
1.8233
1.8171
1.8107
1.8469
1.8402
1.8462
1.8345
1.8367
1.8516
1.8419
1.8416
1.834
1.8408
1.8365
1.8197
1.8251
1.8426
1.8484
1.8573
1.8498
1.8407
1.8502
1.8622
1.8642
1.8682
1.8753
1.8771
1.8873
1.9091
1.9084
1.9065
1.9086
1.8895
1.8912
1.8902
1.8942
1.8987
1.8896
1.8804
1.8947
1.8886
1.8918
1.8895
1.8869
1.8965
1.891
1.9025
1.9022
1.9054
1.906
1.893
1.8807
1.8767
1.8659
1.8637
1.8736
1.8766
1.8885
1.8768
1.8796
1.8805
1.8886
1.901
1.9014
1.9016
1.8956
1.8884
1.8754
1.8718
1.8868
1.8876
1.8833
1.8785
1.8716
1.8661
1.8549
1.8569
1.8567
1.8559
1.8604
1.8723
1.868
1.8781
1.8836
1.8719
1.8747
1.877
1.8918
1.8972
1.902
1.9082
1.9095
1.9076
1.9002
1.8971
1.9091
1.9055
1.9072
1.9129
1.9006
1.8959
1.8894
1.8879
1.8946
1.8972
1.898
1.9139
1.9165
1.932
1.9364
1.9471
1.9487
1.9677
1.9801
1.9789
1.9736
1.9685
1.9633
1.9569
1.9584
1.965
1.9645
1.9611
1.9523
1.9452
1.9666
1.9627
1.96
1.9564
1.974
1.9525
1.9557
1.9637
1.9569
1.959
1.9737
1.9502
1.9443
1.9296
1.9378
1.9398
1.9331
1.9447
1.9571
1.9639
1.9616
1.9715
1.9719
1.9749
1.9758
1.9842
1.9674
1.9712
1.96
1.959
1.962
1.9623
1.9668
1.9658
1.9601
1.9693
1.97
1.9579
1.9511
1.9467
1.9454
1.9617
1.9528
1.9504
1.9533
1.9553
1.9529
1.9583
1.9641
1.9616
1.9654
1.9616
1.957
1.9449
1.9229
1.9271
1.9313
1.9285
1.9328
1.9322
1.9318
1.934
1.9359
1.9418
1.9433
1.9623
1.9588
1.9634
1.9622
1.9697
1.9657
1.9628
1.9623
1.9687
1.9788
1.9758
1.9762
1.9711
1.9646
1.9597
1.9724
1.9768
1.9769
1.9833
1.9901
2.0047
2.0052
2.0025
2.0033
2.0017
2.001
2.0028
1.9906
1.9957
2.0012
1.9986
1.991
1.9882
1.9925
1.9946
1.9897
1.997
1.9785
1.9815
1.9797
1.9861
1.9774
1.9749
1.9759
1.9699
1.975
1.9869
1.9851
1.9846
1.9835
1.9816
1.9745
1.9793
1.9823
1.9918
1.9942
1.9929
1.9749
1.9643
1.9692
1.9749
1.9731
1.9694
1.9774
1.9831
1.9889
1.9941
1.9926
1.9981
1.9969
1.9997
1.9978
2.0013
2.0071
2.0166
2.0181
2.0162
2.0124
2.0112
2.0163
2.0232
2.0328
2.0307
2.0353
2.0366
2.0464
2.0533
2.0511
2.0546
2.0585
2.0621
2.0517
2.0535
2.0264
2.0244
2.0361
2.0306
2.0353
2.0419
2.0297
2.0226
2.0362
2.0259
2.0231
2.0115
2.0002
1.9917
1.9777
1.9809
1.983
1.9819
1.9907
2.0036
2.0117
2.0129
2.0071
2.0163
2.0164
2.0166
2.0189
2.014
2.0224
2.0223
2.0283
2.0279
2.0303
2.031
2.0311
2.0073
1.9956
1.9987
2.0008
2.0091
2.0192
2.0217
2.0185
2.0152
2.0245
2.0405
2.0432
2.0408
2.0348
2.0398
2.0424
2.0359
2.0332
2.0427
2.0336
2.0356
2.0419
2.0323
2.0374
2.0452
2.0493
2.0276
2.0495
2.0473
2.0504
2.0509
2.0619
2.0675
2.079
2.0817
2.0893
2.0805
2.0852
2.1045
2.1102
2.0901
2.064
2.0729
2.0578
2.0448
2.0519
2.0482
2.0636
2.063
2.0596
2.06
2.0685
2.065
2.0709
2.0628
2.0582
2.0643
2.0575
2.0266
2.0301
2.0265
2.0434
2.0386
2.0456
2.0398
2.0221
2.0212
2.0135
1.9972
1.9834
1.9811
1.9765
1.9779
1.9835
1.995
1.9928
1.9827
1.9869
1.9801
1.975
1.9719
1.9711
1.9732
1.9561
1.9587
1.9599
1.9577
1.9665
1.9597
1.9727
1.9552
1.944
1.9612
1.9511
1.9711
1.9773
1.9839
1.9858
1.9865
1.9888
1.968
1.9759
1.9621
1.962
1.9424
1.9484
1.9484
1.9612
1.9626
1.9693
1.9585
1.9489
1.9504
1.9427
1.9628
1.9667
1.9686
1.981
1.9888
1.9919
1.9853
1.9836
1.9842
1.9957
2.0081
2.0139
2.0125
2.0067
2.0225
2.0296
2.0265
2.0017
2.0253
1.9883
1.9848
1.9822
1.9854
2.0012
2.0057
2.0066
1.9918
1.9866
1.9769
1.9839
1.9937
1.9935
1.9852
1.9677
1.9771
1.9746
1.9697
1.9811
1.9628
1.9741
1.9901
1.9934
1.9805
1.9958
1.9792
1.9707
1.9816
1.9903
1.9721
1.9833
1.9731
1.9731
1.9681
1.9728
1.953
1.9563
1.9499
1.9608
1.9475
1.9452
1.9442
1.9567
1.948
1.9707
1.9657
1.9803
1.981
1.9823
1.9754
1.9809
1.9745
1.9778
1.9659
1.9641
1.9549
1.9559
1.9693
1.9728
1.9538
1.9652
1.9441
1.9481
1.9636
1.9569
1.9581
1.9731
1.9747
1.9632
1.9707
1.9679
1.9873
1.9934
1.9908
1.9951
1.9927
1.982
1.9817
1.9755
1.9683
1.981
1.9774
1.9888
1.9948
2.003
1.9978
2.0022
1.998
1.9974
1.9912
2.0001
1.9824
1.9894
1.9956
1.9802
1.9803
1.9816
1.9737
1.9623
1.9526
1.9495
1.9446
1.9203
1.9127
1.8991
1.8711
1.8681
1.8623
1.868
1.8665
1.8585
1.8744
1.8541
1.8548
1.8368
1.8306
1.8273
1.8173
1.8008
1.7834
1.7747
1.7732
1.7646
1.7543
1.7682
1.7596
1.7508
1.7899
1.7889
1.7864
1.7988
1.8244
1.8343
1.8486
1.8536
1.8516
1.8314
1.838
1.8032
1.7801
1.7758
1.7657
1.7732
1.7413
1.7504
1.7285
1.718
1.6975
1.7305
1.7456
1.7369
1.7202
1.7296
1.7117
1.6865
1.6302
1.6078
1.5855
1.5666
1.5587
1.6426
1.6377
1.615
1.5821
1.5997
1.6034
1.5803
1.5742
1.5626
1.5415
1.5067
1.467
1.4801
1.502
1.4987
1.5058
1.4813
1.4768
1.5165
1.534
1.5294
1.5405
1.538
1.4848
1.4912
1.4755
1.4752
1.4596
1.481
1.4811
1.4834
1.5065
1.4933
1.5294
1.5292
1.5469
1.4969
1.4857
1.4822
1.4704
1.4681
1.4651
1.4679
1.4551
1.4411
1.4575
1.4599
1.4461
1.4628
1.4932
1.5189
1.5204
1.5162
1.4876
1.4538
1.4573
1.4584
1.466
1.4494
1.4
1.3736
1.3871
1.3703
1.3928
1.4174
1.4331
1.4277
1.4462
1.4259
1.4332
1.4496
1.4646
1.4784
1.4947
1.4618
1.4339
1.4231
1.4386
1.4251
1.4225
1.4219
1.4327
1.4405
1.4515
1.4401
1.4218
1.4313
1.4347
1.4025
1.4053
1.4131
1.4106
1.4111
1.3817
1.3771
1.3807
1.3895
1.3979
1.4085
1.4033
1.3971
1.4525
1.4471
1.4521
1.4719
1.4524
1.4443
1.4292
1.4206
1.4299
1.439
1.4724
1.4824
1.4716
1.4739
1.4708
1.4631
1.4627
1.4833
1.491
1.5012
1.492
1.4779
1.4549
1.4694
1.4482
1.4634
1.4701
1.4678
1.4619
1.4793
1.4774
1.488
1.4973
1.5114
1.5076
1.5004
1.512
1.5137
1.5229
1.5156
1.5194
1.5184
1.5329
1.5468
1.5676
1.5875
1.5918
1.591
1.5938
1.6058
1.5888
1.6154
1.645
1.6567
1.6286
1.6116
1.6031
1.6028
1.628
1.6329
1.6551
1.649
1.6279
1.6408
1.6314
1.6387
1.6472
1.636
1.6452
1.6448
1.6351
1.6539
1.6548
1.6464
1.6503
1.6402
1.6326
1.6218
1.6145
1.5999
1.6345
1.619
1.6168
1.6286
1.6413
1.6414
1.6341
1.6528
1.64
1.6471
1.6553
1.6433
1.6494
1.6415
1.6398
1.6487
1.6696
1.6952
1.6952
1.7017
1.6774
1.6687
1.6466
1.6492
1.652
1.657
1.6534
1.6336
1.6554
1.6555
1.65
1.649
1.6426
1.6349
1.6235
1.6207
1.6294
1.6284
1.6167
1.6281
1.6329
1.639
1.6332
1.652
1.6564
1.6653
1.6672
1.6582
1.6469
1.6478
1.646
1.6268
1.6205
1.6352
1.6412
1.6061
1.5955
1.5864
1.5958
1.6017
1.5961
1.5893
1.5942
1.592
1.5904
1.61
1.587
1.5792
1.5889
1.5967
1.6251
1.6348
1.6407
1.6342
1.6598
1.6609
1.6323
1.6334
1.6334
1.6426
1.6552
1.644
1.6364
1.6399
1.6567
1.6577
1.6606
1.6719
1.671
1.6558
1.6554
1.6702
1.6807
1.6792
1.6722
1.6646
1.6486
1.66
1.6573
1.6669
1.6502
1.6491
1.6397
1.6622
1.665
1.6571
1.6504
1.6469
1.6296
1.6213
1.6243
1.6244
1.6305
1.624
1.6325
1.6158
1.6106
1.6076
1.5984
1.5973
1.595
1.5967
1.6004
1.592
1.6063
1.6148
1.6151
1.6126
1.6004
1.5996
1.5943
1.6005
1.6117
1.6169
1.6275
1.6321
1.6246
1.633
1.6377
1.6278
1.6211
1.6133
1.6231
1.6154
1.6182
1.6136
1.6012
1.5949
1.5973
1.5915
1.5785
1.5626
1.5647
1.5702
1.5613
1.568
1.567
1.5658
1.5774
1.5697
1.5602
1.5456
1.5473
1.5426
1.5415
1.5238
1.5236
1.5009
1.4977
1.5122
1.504
1.5116
1.5083
1.5
1.4963
1.5037
1.5166
1.505
1.518
1.5358
1.5267
1.5032
1.5085
1.5034
1.4895
1.4821
1.4886
1.4964
1.507
1.5191
1.5273
1.5204
1.5288
1.5232
1.5246
1.5253
1.5367
1.5364
1.5368
1.5478
1.5492
1.5397
1.5308
1.5354
1.5411
1.5353
1.5357
1.5445
1.5288
1.5189
1.5325
1.5282
1.5251
1.5171
1.513
1.4948
1.478
1.4854
1.4991
1.4878
1.4679
1.4586
1.4424
1.4434
1.4403
1.4324
1.443
1.4444
1.4358
1.4425
1.4546
1.4491
1.453
1.4671
1.466
1.4601
1.4501
1.4484
1.4427
1.4568
1.4656
1.4516
1.4742
1.4815
1.4827
1.4799
1.4803
1.48
1.4846
1.4896
1.4954
1.4991
1.5091
1.5087
1.4963
1.5101
1.5189
1.5127
1.5167
1.519
1.5119
1.5061
1.5033
1.5153
1.5258
1.5358
1.5299
1.5232
1.5283
1.519
1.5259
1.5403
1.5488
1.5566
1.5607
1.5601
1.5695
1.5885
1.593
1.588
1.5865
1.5943
1.5927
1.5793
1.5656
1.5577
1.5599
1.5683
1.5578
1.5617
1.5611
1.5533
1.5519
1.5462
1.546
1.5532
1.5517
1.5472
1.5339
1.5451
1.5394
1.5435
1.5415
1.533
1.5493
1.5443
1.5367
1.5441
1.5571
1.5619
1.5628
1.5633
1.5561
1.5546
1.5642
1.5713
1.5822
1.5839
1.5797
1.5795
1.5728
1.5821
1.5841
1.59
1.591
1.5876
1.5949
1.5898
1.5791
1.5876
1.5983
1.602
1.5929
1.5732
1.5862
1.5716
1.5685
1.573
1.5838
1.5756
1.5924
1.6017
1.604
1.6025
1.608
1.6257
1.621
1.6139
1.604
1.6085
1.6109
1.6129
1.6065
1.5868
1.5902
1.6029
1.5963
1.5903
1.5811
1.5787
1.5771
1.5612
1.5556
1.5582
1.5593
1.5594
1.5738
1.5699
1.5767
1.5773
1.5764
1.5796
1.5884
1.5803
1.5565
1.5615
1.5482
1.5508
1.5469
1.5371
1.5413
1.5436
1.5392
1.5381
1.5485
1.5394
1.5591
1.5499
1.5588
1.55
1.5495
1.5545
1.5571
1.5618
1.5743
1.5864
1.5882
1.5888
1.596
1.5987
1.5898
1.5987
1.5993
1.5816
1.5875
1.5912
1.5844
1.6033
1.6138
1.6169
1.6151
1.6095
1.6094
1.6099
1.6098
1.6119
1.6006
1.603
1.6142
1.6064
1.6164
1.6233
1.6216
1.6129
1.6196
1.6127
1.6099
1.625
1.6275
1.6325
1.626
1.6246
1.6193
1.6155
1.6197
1.6061
1.6059
1.6173
1.6097
1.5995
1.6129
1.6237
1.6305
1.6381
1.6246
1.6125
1.6027
1.6016
1.5986
1.6054
1.6064
1.6113
1.6118
1.6282
1.6316
1.6317
1.6347
1.6372
1.6274
1.627
1.6348
1.6314
1.6247
1.6316
1.6398
1.6546
1.6527
1.6493
1.6477
1.6549
1.6638
1.6694
1.6686
1.6528
1.6518
1.6424
1.6388
1.6342
1.6329
1.6359
1.6285
1.618
1.6222
1.6211
1.6175
1.619
1.6243
1.6108
1.6178
1.6274
1.6376
1.6487
1.6467
1.6434
1.6371
1.6359
1.6425
1.6357
1.6433
1.6404
1.6375
1.6247
1.6294
1.6385
1.6194
1.613
1.6163
1.6186
1.6226
1.6132
1.5977
1.5977
1.5964
1.6004
1.6057
1.6067
1.6076
1.6092
1.6072
1.6
1.597
1.6031
1.5921
1.5934
1.6105
1.6131
1.6146
1.603
1.6133
1.6153
1.6297
1.6311
1.6286
1.6387
1.633
1.6333
1.6433
1.629
1.6283
1.641
1.6296
1.6368
1.636
1.621
1.6152
1.6215
1.6274
1.6387
1.6439
1.6557
1.6466
1.6541
1.6478
1.6502
1.6387
1.6287
1.6342
1.6387
1.6287
1.6275
1.6185
1.6214
1.611
1.5947
1.5958
1.6003
1.5878
1.5818
1.5822
1.5761
1.5812
1.5792
1.5667
1.5715
1.5645
1.539
1.5443
1.5516
1.5647
1.5634
1.5634
1.5648
1.5476
1.5392
1.5415
1.5393
1.556
1.5676
1.5597
1.5762
1.5732
1.5795
1.5779
1.5704
1.58
1.5745
1.5929
1.5987
1.6001
1.5906
1.6093
1.6124
1.6129
1.5983
1.5951
1.6031
1.6052
1.6029
1.6083
1.5963
1.5949
1.6061
1.5899
1.5837
1.5769
1.5761
1.5793
1.5651
1.5654
1.5526
1.5492
1.5436
1.551
1.5605
1.5712
1.5689
1.5589
1.5671
1.5576
1.5702
1.5625
1.5642
1.5591
1.5526
1.5469
1.5494
1.5499
1.5521
1.5665
1.5689
1.5669
1.563
1.5636
1.5663
1.548
1.5399
1.5509
1.5506
1.5648
1.5631
1.5494
1.542
1.5425
1.5481
1.5331
1.5338
1.5295
1.5325
1.5351
1.5426
1.5466
1.5541
1.5573
1.5601
1.5614
1.5708
1.5712
1.5686
1.5749
1.5846
1.581
1.5814
1.5821
1.5898
1.5829
1.5833
1.5745
1.578
1.5676
1.5702
1.5784
1.5834
1.5846
1.5796
1.5664
1.5704
1.5871
1.5843
1.5881
1.5937
1.5948
1.586
1.5867
1.5713
1.5739
1.582
1.5678
1.5635
1.5722
1.5665
1.5725
1.5826
1.5903
1.5863
1.5852
1.5815
1.5869
1.5942
1.5966
1.5866
1.592
1.5991
1.6018
1.5968
1.5879
1.5826
1.5887
1.5913
1.5853
1.5912
1.5958
1.5864
1.589
1.5932
1.602
1.6053
1.6124
1.612
1.6132
1.6148
1.6185
1.6257
1.6234
1.6219
1.6195
1.6183
1.615
1.6192
1.6156
1.6131
1.616
1.6085
1.6107
1.602
1.5944
1.5827
1.58
1.5803
1.5783
1.5689
1.5668
1.5645
1.5677
1.5629
1.5524
1.5416
1.5357
1.5368
1.5356
1.5478
1.5547
1.5437
1.5494
1.5563
1.5552
1.5527
1.5647
1.5654
1.5731
1.571
1.561
1.5589
1.557
1.5631
1.5569
1.5496
1.5682
1.5682
1.5696
1.5605
1.553
1.5478
1.5512
1.5508
1.5531
1.5422
1.555
1.5625
1.5617
1.5651
1.5721
1.5629
1.5522
1.5503
1.5482
1.5677
1.5724
1.5692
1.5669
1.5606
1.5506
1.5638
1.5621
1.5645
1.5662
1.5614
1.5673
1.5696
1.5687
1.5684
1.5737
1.5693
1.5704
1.5788
1.5793
1.5874
1.5832
1.5798
1.5832
1.5832
1.5788
1.5864
1.5887
1.5881
1.591
1.5933
1.6018
1.6008
1.607
1.6107
1.6114
1.624
1.6258
1.6239
1.6222
1.6189
1.6251
1.6206
1.6222
1.6159
1.6223
1.6153
1.6138
1.6164
1.6085
1.6183
1.6176
1.6032
1.5998
1.6003
1.6044
1.6074
1.6068
1.6117
1.6153
1.6136
1.6007
1.6012
1.5941
1.6021
1.6125
1.6088
1.6029
1.6075
1.6134
1.6124
1.6034
1.5965
1.5988
1.5979
1.5976
1.5917
1.5875
1.5879
1.5856
1.5859
1.5871
1.591
1.5924
1.5942
1.5927
1.605
1.6019
1.6027
1.6014
1.6042
1.6032
1.6103
1.6099
1.6105
1.6042
1.6036
1.6071
1.6112
1.6166
1.6103
1.6173
1.6201
1.6253
1.6269
1.6276
1.6166
1.6133
1.6122
1.6117
1.6073
1.616
1.6242
1.6254
1.6231
1.6156
1.6045
1.6091
1.6043
1.6027
1.6161
1.614
1.6074
1.6073
1.5994
1.5992
1.5871
1.5835
1.5852
1.584
1.5783
1.58
1.5692
1.5755
1.5797
1.5874
1.573
1.5738
1.5644
1.5652
1.5697
1.5794
1.5676
1.5668
1.556
1.5493
1.5525
1.5474
1.5419
1.5288
1.5258
1.5259
1.5148
1.5141
1.5136
1.5184
1.5044
1.5088
1.5104
1.5021
1.5026
1.4946
1.4922
1.4902
1.493
1.5087
1.5115
1.5089
1.5105
1.5126
1.5172
1.5224
1.5182
1.5143
1.5117
1.5189
1.5195
1.523
1.5115
1.515
1.5197
1.5324
1.5262
1.5323
1.5314
1.54
1.5358
1.531
1.5352
1.5245
1.5299
1.5234
1.527
1.5268
1.5261
1.5429
1.5476
1.5495
1.554
1.5575
1.5529
1.5562
1.554
1.5484
1.556
1.5502
1.5349
1.5291
1.524
1.5207
1.5304
1.518
1.524
1.5172
1.5057
1.5117
1.5115
1.5104
1.5051
1.5112
1.5206
1.5174
1.5335
1.5295
1.5401
1.5618
1.5535
1.5562
1.5593
1.5686
1.569
1.5688
1.5694
1.5638
1.5655
1.5483
1.543
1.5414
1.5426
1.5326
1.5249
1.5185
1.5218
1.5168
1.5274
1.5079
1.4913
1.4953
1.4858
1.4938
1.5102
1.5121
1.5083
1.5113
1.5227
1.5201
1.5266
1.5359
1.5375
1.5352
1.5333
1.5381
1.5346
1.5234
1.5177
1.5125
1.5281
1.5338
1.5367
1.5503
1.5557
1.5518
1.5479
1.5463
1.5514
1.5577
1.5623
1.5654
1.5676
1.5691
1.5589
1.5569
1.5569
1.5538
1.5522
1.5496
1.5477
1.5533
1.5548
1.5629
1.5596
1.5627
1.5705
1.5731
1.5812
1.5813
1.5866
1.5915
1.591
1.5968
1.6033
1.6014
1.6062
1.6007
1.6079
1.6016
1.6123
1.6183
1.6201
1.622
1.6168
1.6036
1.6096
1.6078
1.5945
1.5962
1.5937
1.5994
1.5973
1.5922
1.6161
1.6172
1.6149
1.624
1.6175
1.6196
1.6164
1.6146
1.6027
1.6067
1.6051
1.5921
1.5951
1.6034
1.6088
1.6079
1.6003
1.5978
1.5915
1.6025
1.6071
1.6103
1.6102
1.6122
1.6131
1.616
1.6207
1.6148
1.619
1.6272
1.6332
1.6362
1.6357
1.6408
1.6389
1.633
1.6341
1.6406
1.6435
1.6393
1.6336
1.6292
1.6303
1.6261
1.6384
1.6377
1.6356
1.6361
1.637
1.6346
1.6413
1.6488
1.6514
1.6566
1.6526
1.6443
1.6427
1.6413
1.6424
1.6444
1.6459
1.6471
1.6369
1.645
1.6357
1.6344
1.6411
1.6423
1.6475
1.6576
1.6616
1.6506
1.6583
1.6568
1.6567
1.6482
1.6459
1.6311
1.6323
1.6322
1.634
1.6392
1.6407
1.6458
1.6576
1.6645
1.6733
1.6698
1.6696
1.6724
1.6652
1.664
1.6647
1.6698
1.6637
1.6683
1.6728
1.6655
1.6673
1.6733
1.6762
1.6726
1.6644
1.6618
1.6611
1.6631
1.6625
1.6638
1.6582
1.6645
1.6499
1.6496
1.6536
1.6528
1.6568
1.6619
1.6648
1.6681
1.6643
1.6635
1.659
1.6578
1.6607
1.6738
1.6746
1.6782
1.6743
1.6735
1.6726
1.68
1.68
1.679
1.6797
1.683
1.6779
1.6793
1.6798
1.6803
1.6823
1.6873
1.6895
1.6869
1.6869
1.6983
1.6965
1.6933
1.6847
1.6869
1.6835
1.6777
1.6787
1.683
1.6815
1.6841
1.6872
1.6856
1.682
1.6844
1.6785
1.6708
1.6717
1.6769
1.6739
1.6756
1.6742
1.6801
1.6804
1.6793
1.6756
1.6802
1.6813
1.6962
1.6986
1.6965
1.6949
1.7047
1.701
1.7018
1.6973
1.698
1.702
1.702
1.7102
1.7165
1.7161
1.7148
1.7162
1.713
1.7129
1.7127
1.7118
1.7113
1.7074
1.7142
1.7134
1.7106
1.7075
1.7068
1.7055
1.7035
1.6982
1.6968
1.6988
1.6939
1.6899
1.6885
1.6834
1.6849
1.6875
1.6848
1.6833
1.6776
1.6783
1.681
1.6698
1.6686
1.6685
1.6732
1.6618
1.6627
1.6585
1.6574
1.6584
1.6563
1.6578
1.6572
1.6584
1.6606
1.6486
1.6448
1.6352
1.6308
1.6137
1.6086
1.6176
1.623
1.6269
1.6223
1.6277
1.6315
1.6384
1.6301
1.6347
1.6359
1.6337
1.6303
1.6243
1.6264
1.6219
1.6188
1.6147
1.5966
1.6023
1.6083
1.6069
1.6119
1.6063
1.606
1.5922
1.5938
1.6069
1.6096
1.6145
1.6134
1.6074
1.6035
1.6072
1.6123
1.6139
1.6093
1.5996
1.5994
1.5986
1.5992
1.5979
1.584
1.5847
1.5858
1.5885
1.5795
1.5708
1.5659
1.5638
1.5648
1.5685
1.5688
1.5651
1.5696
1.5707
1.5784
1.5723
1.5623
1.5751
1.564
1.5702
1.5675
1.559
1.5639
1.5684
1.5709
1.5706
1.5715
1.5642
1.5754
1.5654
1.5661
1.5621
1.5605
1.5515
1.555
1.5556
1.5554
1.5522
1.5558
1.5581
1.5579
1.5359
1.5226
1.5172
1.5088
1.5115
1.5142
1.5164
1.5161
1.5221
1.5154
1.5148
1.5135
1.5152
1.5109
1.5023
1.5018
1.5092
1.5199
1.5177
1.5048
1.502
1.5027
1.516
1.5202
1.53
1.5239
1.5216
1.5258
1.5234
1.537
1.54
1.5353
1.5363
1.5419
1.5433
1.5401
1.5453
1.546
1.5509
1.5408
1.544
1.5359
1.5382
1.5263
1.5228
1.5059
1.512
1.5097
1.4913
1.4861
1.4727
1.4838
1.4754
1.4738
1.4722
1.4972
1.4941
1.4865
1.4882
1.482
1.488
1.4814
1.4843
1.4829
1.4844
1.4897
1.4944
1.4853
1.4917
1.4734
1.4654
1.4668
1.4782
1.4797
1.4921
1.4939
1.4907
1.496
1.5027
1.5054
1.5165
1.5245
1.5316
1.5457
1.5334
1.5115
1.5123
1.5203
1.5232
1.5212
1.545
1.5582
1.5704
1.5745
1.5758
1.5762
1.5673
1.5504
1.5549
1.5674
1.5484
1.5468
1.5395
1.5324
1.5302
1.5271
1.5187
1.536
1.5329
1.5382
1.5274
1.5307
1.537
1.5507
1.5494
1.5555
1.5582
1.5635
1.572
1.5869
1.5872
1.583
1.572
1.5684
1.5737
1.5735
1.5739
1.5725
1.5617
1.5609
1.5581
1.5621
1.5426
1.5335
1.5353
1.5482
1.551
1.5585
1.5628
1.5608
1.5627
1.5581
1.5568
1.5594
1.5513
1.5509
1.5569
1.5598
1.5622
1.5585
1.5625
1.559
1.563
1.5605
1.5533
1.5478
1.5595
1.5571
1.5646
1.5607
1.5649
1.5589
1.5653
1.5646
1.568
1.5711
1.5741
1.5696
1.5487
1.5407
1.5389
1.5346
1.532
1.531
1.5255
1.5199
1.5284
1.5372
1.5364
1.5439
1.543
1.5427
1.5355
1.5483
1.5519
1.5581
1.5505
1.5373
1.5263
1.5249
1.5177
1.5199
1.5161
1.5132
1.5149
1.5202
1.5155
1.5226
1.5318
1.5325
1.5328
1.5359
1.5247
1.5455
1.5495
1.5448
1.5473
1.5459
1.5441
1.5386
1.5343
1.5365
1.5304
1.5322
1.5302
1.5446
1.5422
1.5417
1.5369
1.5211
1.5038
1.5113
1.5109
1.5197
1.521
1.5206
1.5213
1.5216
1.5214
1.5297
1.5194
1.5128
1.5071
1.5113
1.5109
1.5047
1.5035
1.5074
1.4932
1.5101
1.51
1.5061
1.5009
1.5168
1.5169
1.5216
1.5143
1.5056
1.5011
1.4893
1.4897
1.4884
1.482
1.4879
1.4927
1.4911
1.4878
1.4807
1.4826
1.4734
1.4747
1.4697
1.4662
1.4621
1.4587
1.4518
1.456
1.4427
1.4459
1.4414
1.4277
1.4262
1.4185
1.4183
1.4207
1.4295
1.4244
1.4351
1.4269
1.437
1.4223
1.4387
1.441
1.4579
1.4587
1.4471
1.4415
1.4484
1.4481
1.4456
1.4474
1.4441
1.4303
1.4312
1.4339
1.4352
1.4165
1.4028
1.3926
1.3951
1.3876
1.3913
1.3955
1.4065
1.4144
1.4222
1.4276
1.4227
1.4225
1.4286
1.4403
1.4311
1.4156
1.4119
1.4474
1.449
1.4397
1.4218
1.4112
1.4181
1.4129
1.4236
1.4366
1.4392
1.4394
1.422
1.4272
1.4164
1.4128
1.4068
1.4117
1.4243
1.4244
1.4224
1.4157
1.4228
1.4277
1.4385
1.4382
1.433
1.4386
1.4488
1.4583
1.4555
1.4597
1.4626
1.4677
1.4564
1.4491
1.4488
1.4462
1.4399
1.4434
1.4467
1.4464
1.4366
1.4407
1.4473
1.4609
1.4618
1.4515
1.4484
1.4626
1.4687
1.4654
1.4637
1.4635
1.4515
1.4422
1.4436
1.4518
1.4461
1.4549
1.4534
1.4464
1.4337
1.423
1.4148
1.4168
1.4177
1.4314
1.4678
1.4662
1.4705
1.481
1.3758
1.3214
1.333
1.3472
1.3268
1.3282
1.3294
1.3053
1.2944
1.2903
1.2963
1.2968
1.328
1.3192
1.3321
1.3179
1.3258
1.3118
1.3187
1.321
1.3108
1.3137
1.314
1.3132
1.3143
1.3228
1.3205
1.3337
1.3327
1.3118
1.3079
1.3038
1.3009
1.3005
1.297
1.2921
1.2875
1.3036
1.3013
1.3138
1.3063
1.3131
1.3188
1.3237
1.3187
1.3154
1.3081
1.3085
1.3141
1.3275
1.3307
1.3313
1.3422
1.332
1.3295
1.3263
1.3321
1.3199
1.3192
1.3217
1.3075
1.3048
1.2981
1.2977
1.3084
1.2969
1.2977
1.3021
1.3009
1.2977
1.297
1.2854
1.2736
1.2754
1.2645
1.246
1.2381
1.2158
1.2221
1.2249
1.2208
1.2198
1.2293
1.2276
1.2274
1.2237
1.2211
1.2198
1.2226
1.217
1.2161
1.2228
1.2236
1.2297
1.2447
1.25
1.2404
1.239
1.2417
1.2542
1.2601
1.2498
1.2441
1.2447
1.2434
1.234
1.2478
1.2419
1.2463
1.2461
1.2456
1.2413
1.2493
1.2498
1.2582
1.2686
1.272
1.2669
1.2602
1.257
1.2577
1.2695
1.2681
1.2698
1.2441
1.2497
1.2419
1.2358
1.2353
1.2302
1.2272
1.2287
1.2266
1.2227
1.2226
1.2345
1.2286
1.226
1.2317
1.2418
1.2301
1.2169
1.2159
1.2159
1.2188
1.2204
1.2068
1.2383
1.231
1.2302
1.2337
1.2477
1.2527
1.2607
1.2591
1.2538
1.2479
1.257
1.2636
1.2558
1.2512
1.2471
1.2497
1.2537
1.2513
1.2494
1.2504
1.247
1.245
1.2472
1.2443
1.2456
1.2461
1.2436
1.2545
1.2466
1.246
1.2417
1.2319
1.2265
1.2258
1.223
1.2207
1.2153
1.217
1.2169
1.2235
1.2165
1.2197
1.2352
1.2394
1.2345
1.2478
1.248
1.2515
1.2496
1.2563
1.2481
1.241
1.2475
1.2542
1.2476
1.2432
1.2468
1.2477
1.2385
1.2419
1.2483
1.2491
1.2516
1.2527
1.2586
1.2766
1.2785
1.282
1.2797
1.2782
1.284
1.2831
1.2901
1.295
1.2916
1.2922
1.2914
1.2921
1.2958
1.2937
1.2946
1.2941
1.2876
1.2873
1.2908
1.2916
1.294
1.2994
1.3023
1.3013
1.298
1.2932
1.2959
1.2796
1.2836
1.2844
1.289
1.2885
1.2884
1.2924
1.2884
1.2927
1.2938
1.274
1.265
1.2744
1.2795
1.2758
1.2785
1.2744
1.2625
1.2659
1.2667
1.2717
1.2723
1.2782
1.2931
1.2989
1.3008
1.2957
1.2927
1.2922
1.2969
1.2887
1.2878
1.2849
1.2899
1.2923
1.308
1.306
1.3046
1.3035
1.2977
1.2979
1.3026
1.3038
1.3047
1.3068
1.3122
1.319
1.321
1.3238