2.2875808004
2.2639628568
2.2727771679
2.3021442495
2.2722138036
2.2924686192
2.2912933931
2.2615085968
2.2472063232
2.2477924195
2.276798016
2.2803145261
2.2809530368
2.2858928076
2.290639712
2.2882222837
2.2986130374
2.3060458652
2.3231397971
2.3268389101
2.3288020391
2.3310599602
2.320050869
2.3212868481
2.3145924566
2.3191761364
2.319359864
2.3143140309
2.2944326991
2.3161722761
2.3096417953
2.3163439636
2.3273427471
2.3207895484
2.3388157895
2.3475556841
2.3556715985
2.3371941509
2.3128435059
2.3139936654
2.3196413075
2.3560882912
2.352906892
2.3577901198
2.3639841106
2.3638235294
2.3534318747
2.3739181458
2.3743065693
2.3767610748
2.3916800937
2.3784971437
2.3643895349
2.3661685768
2.3770587378
2.3871866295
2.3838383838
2.3910125474
2.4025783768
2.3940285336
2.3985507246
2.3972968959
2.4001489203
2.3929153698
2.378238342
2.371559633
2.3852568876
2.3493069891
2.3638114997
2.3884678258
2.3855850512
2.3986627043
2.4058122206
2.392846542
2.4136690647
2.4159808469
2.4158906579
2.4299065421
2.4272123226
2.4246843055
2.4350120627
2.4378026634
2.4380464275
2.4385010577
2.4405159332
2.4526315789
2.4525770052
2.4579114402
2.4437807974
2.444709389
2.4424342105
2.4254621348
2.4339339339
2.4352339401
2.4322619405
2.435947614
2.4326923077
2.4310991153
2.4337041491
2.4276444847
2.4291780406
2.4132930514
2.40080911
2.4361166234
2.4365745688
2.4501912777
2.4466493665
2.4561938138
2.4633809304
2.4729708917
2.4623277182
2.465782984
2.442178941
2.4356827523
2.4382894537
2.4485004544
2.4555742468
2.4347360367
2.4549814356
2.4574468085
2.4497924035
2.4531298181
2.456034616
2.4392090221
2.437979736
2.4366283525
2.4512836375
2.4423613263
2.438718663
2.4689655172
2.4763248667
2.4702651812
2.4472448341
2.4481946625
2.4479510127
2.4481452249
2.4618181818
2.4559217789
2.462059194
2.4678436318
2.4628112197
2.4514072462
2.4222769989
2.4096459096
2.4226299694
2.4182486222
2.3946377466
2.3956639566
2.3934352518
2.4074680155
2.4177101968
2.4156833458
2.4285286634
2.4065607837
2.406966359
2.3974970203
2.3962038559
2.4193355283
2.4197864983
2.4167166867
2.4369123446
2.4240084771
2.4455792683
2.4365212103
2.4279279279
2.4144481005
2.4487022901
2.422235723
2.4101473492
2.433256705
2.4277412448
2.4288114879
2.4375283962
2.4272741032
2.3999402628
2.4172065692
2.4279456193
2.4261329305
2.4481039432
2.4750492947
2.5117108733
2.4783479735
2.4852144295
2.4822804314
2.5074857231
2.5011561585
2.5161390441
2.4920586439
2.5156081808
2.496569599
2.5175586566
2.520128578
2.5110333283
2.4718172253
2.4618720096
2.4550711744
2.457189494
2.4485925926
2.4661105318
2.4568709102
2.4822556391
2.4777261137
2.4488468362
2.4332156517
2.4543308248
2.4276976846
2.4545855379
2.4538913363
2.4685739698
2.4752767528
2.480257254
2.4900434197
2.4964496147
2.5092071222
2.4947384475
2.4993155894
2.5033567287
2.5122137405
2.5261623446
2.5262994087
2.506582004
2.5033307514
2.5071119357
2.504157684
2.5064834826
2.5136943666
2.518018018
2.5149346609
2.5027717893
2.5157125078
2.5178099238
2.5146716348
2.5273972603
2.5238843495
2.5384978001
2.5335120643
2.5472597299
2.5323604061
2.5373987613
2.5522912342
2.5480432708
2.5329163409
2.5336245904
2.5355863573
2.5464369616
2.5618385721
2.5655401137
2.5650859325
2.5522008581
2.5329030227
2.5479669632
2.5305993691
2.5604761905
2.546131896
2.551517067
2.5611031859
2.5652449659
2.5755980861
2.5860747365
2.5712010194
2.5703833307
2.5593857725
2.5522504283
2.5470032523
2.5560733147
2.5626662494
2.5718769617
2.5650615552
2.5720981097
2.5880873802
2.6060267857
2.6037976703
2.6070973902
2.6204205161
2.6247821264
2.6328810854
2.640537514
2.6572164948
2.6340952994
2.669877551
2.6816906059
2.6754516824
2.6687655344
2.6537953795
2.5915584416
2.6004577407
2.6124488124
2.6281612008
2.6113629006
2.6196609064
2.5844303592
2.6148026316
2.6135210345
2.6114815417
2.6080246914
2.6027999349
2.5974995941
2.5902900176
2.576268465
2.5924785216
2.6241754617
2.6414626075
2.6314737719
2.625
2.6305976361
2.6530851777
2.6385441127
2.6414082146
2.6524573721
2.6281582447
2.6349365397
2.6368500251
2.6212348144
2.6263552961
2.6172901081
2.6046742914
2.6005632869
2.6355406538
2.6447346392
2.6132960342
2.5828599253
2.6030546888
2.6291818483
2.6606903485
2.6385023194
2.6512905912
2.6447128909
2.6314665791
2.5919201832
2.5891803279
2.5979618672
2.587322333
2.6041358936
2.6224793388
2.6192440997
2.5905897729
2.6134564644
2.6302899034
2.638216135
2.6496644295
2.6458857047
2.6459939658
2.6990606319
2.6880108992
2.722231819
2.6704993993
2.6560150376
2.6721508141
2.6868530021
2.6838990426
2.6513602495
2.6437575548
2.6281303602
2.6012375387
2.5944732297
2.5635994587
2.5726481134
2.5807228916
2.5885516045
2.5747566064
2.5727634539
2.5681074565
2.5402239449
2.5494827586
2.5167980802
2.5003367003
2.5235194585
2.5252405875
2.517641129
2.5157752657
2.5079866889
2.5231766074
2.5119302287
2.4835397653
2.4745040171
2.4766048268
2.4768298674
2.4591953087
2.4541591763
2.4717906787
2.4526043352
2.4668080248
2.4642566357
2.4570350935
2.498510427
2.4931166031
2.4777006938
2.4564471319
2.4929902688
2.4833169774
2.4749387755
2.4763463742
2.4747672709
2.452891488
2.4518699187
2.4638789457
2.4550470626
2.4636171252
2.4890981169
2.4867637326
2.4750742819
2.4682539683
2.5073775989
2.5063694268
2.5117206983
2.5208367923
2.5217318901
2.5107509097
2.4986811738
2.5171438083
2.5189406638
2.5022541326
2.5286968265
2.5189873418
2.5495311168
2.5595907928
2.5743519782
2.5688387207
2.571599863
2.5554229195
2.5869602615
2.5898847411
2.5740677386
2.5559535995
2.5583817002
2.5641246342
2.5795395534
2.5794327475
2.5516766982
2.5375128469
2.5171824243
2.5222831676
2.5247919556
2.5190311419
2.5213451821
2.5191445326
2.5244029076
2.5356145251
2.56685633
2.5531461074
2.5320249777
2.5032830524
2.4792512802
2.5007971656
2.4918439716
2.500803428
2.5003567606
2.500533049
2.5074626866
2.5285815102
2.5272002772
2.517432784
2.5163680221
2.5168132437
2.5368348067
2.5493273543
2.5491048149
2.525549974
2.5287176818
2.5340809532
2.5272918125
2.5340690138
2.5278940028
2.5438229657
2.5676429568
2.5408607771
2.5692225772
2.5543766578
2.5762287757
2.5776231263
2.5814326443
2.6195183321
2.6072648804
2.6116575592
2.6141947225
2.6213434453
2.6248869597
2.604492363
2.5651711296
2.5662993246
2.5481208289
2.5206640763
2.5363266749
2.5261008523
2.4942145863
2.5325296933
2.5533084974
2.5396092362
2.5384478462
2.5432451751
2.5646931798
2.5507714388
2.5541929666
2.5401657061
2.5378196989
2.5309110629
2.5192751821
2.5012354395
2.5065140845
2.4605672778
2.4783881522
2.4728695356
2.4678442806
2.441426146
2.4526602074
2.4626637183
2.493155373
2.4781640692
2.4878257888
2.4762949215
2.4824222035
2.4703510835
2.4634925976
2.4636591479
2.4440571049
2.4283834896
2.4343317972
2.4100391134
2.4448806019
2.4344771242
2.4064765587
2.4056710166
2.3952373342
2.4547234459
2.4008980115
2.3964525407
2.4059230645
2.4037126715
2.4302230907
2.4160348443
2.3943661972
2.4172661871
2.3985625613
2.4189255791
2.3892758788
2.4052416052
2.389133627
2.4070738497
2.4230514096
2.4152626363
2.4096087172
2.4175368805
2.4067182612
2.3877350777
2.4153192879
2.4134188456
2.4195769798
2.4132053616
2.4190665343
2.4127965252
2.4049161269
2.3995369605
2.4243991989
2.4359445465
2.4513618677
2.4306557102
2.4097430764
2.4297506739
2.4300893911
2.446779661
2.4297672861
2.4389873418
2.4194630872
2.4109109109
2.4001320568
2.4171052632
2.4286894728
2.4188654354
2.4164043082
2.4229816741
2.4259504132
2.4254473161
2.4372476447
2.4425869639
2.4682893384
2.4384615385
2.428279038
2.4105334234
2.4406634747
2.4491554636
2.457236276
2.4571771155
2.4551700447
2.4792746114
2.4705475903
2.4728128268
2.4603642671
2.4373723622
2.4291285181
2.4286444142
2.4358930988
2.4686541738
2.460944206
2.4551358742
2.4566404916
2.4586260065
2.4615252785
2.467761452
2.480762565
2.4476595745
2.4461016949
2.4523890785
2.4641877999
2.4557242791
2.4480585831
2.4758454106
2.4765205337
2.4791990333
2.4788537891
2.480762565
2.4856500692
2.4920332525
2.4886759582
2.4732904124
2.4772608468
2.4858143608
2.4841478367
2.4841297524
2.4790076336
2.4906086957
2.4993031359
2.5166083916
2.5180275716
2.5340807973
2.5107593811
2.5235982967
2.5258574729
2.5312667023
2.5370798506
2.548149479
2.544524237
2.5321742248
2.5030195382
2.4969512195
2.4892511645
2.4735520889
2.4784412773
2.4644965123
2.4848864246
2.4799079483
2.4995553975
2.493691132
2.5020576132
2.4950936664
2.5186699858
2.5033676001
2.5015923567
2.5000882301
2.5075101608
2.5330452008
2.5308354249
2.5430879713
2.5245960503
2.5301096531
2.5459174395
2.5341949381
2.5243049327
2.5087157595
2.4889673433
2.4903488578
2.4775300778
2.480425155
2.4603118977
2.4408472533
2.4667357871
2.4684046961
2.4610851101
2.4520241171
2.4478916695
2.4557179708
2.4520901428
2.4610737096
2.4595201105
2.4527073338
2.445982906
2.4360812425
2.4244444444
2.4339687446
2.4189027517
2.4111186212
2.4137055838
2.4082980525
2.3986565911
2.3925544291
2.4108630457
2.4046828296
2.3985386915
2.3947063689
2.4157658407
2.4019591566
2.4028309742
2.4080680113
2.413936471
2.4240146961
2.4112783198
2.4160159495
2.4302422723
2.4573181121
2.4833646135
2.4589029536
2.4477162456
2.4622657437
2.4199475066
2.4343786295
2.4236980883
2.3797242498
2.3503532434
2.3403609647
2.3452399936
2.3236086888
2.2936996684
2.3337593865
2.3327512304
2.3602494404
2.3772976459
2.3826960467
2.3890056589
2.3743722663
2.3942884959
2.3931928687
2.3924357524
2.3666184274
2.3687632049
2.3610613707
2.3713815789
2.3590702211
2.3538211382
2.3686017989
2.371395806
2.365318487
2.3608738502
2.3576521307
2.3676421683
2.3639675443
2.365184328
2.3681690606
2.3653971354
2.3637692933
2.3807189542
2.3853555121
2.3783607626
2.3923884514
2.3988477366
2.3921151644
2.3847793997
2.3879056047
2.3844011142
2.4074816299
2.405027468
2.3786972416
2.3634707733
2.3463900415
2.3439973615
2.3424362794
2.3461219067
2.3505498167
2.3474209651
2.3454846727
2.3444188344
2.358621832
2.3391332896
2.3573792191
2.3484798414
2.3468236855
2.3530477759
2.3718501326
2.3863296192
2.3781415344
2.3733574244
2.3825326069
2.3706419029
2.3825930764
2.3788769181
2.376802097
2.3562805873
2.3713435796
2.4438611346
2.4402770738
2.4484562173
2.438590604
2.4232184677
2.4144114229
2.4193280106
2.3772405854
2.3733905579
2.3875020665
2.3720738543
2.3832919768
2.3840278931
2.3965116279
2.3883382887
2.3995694651
2.4111649674
2.3815527538
2.3899716808
2.3888427694
2.3862389895
2.373089701
2.3820187166
2.379916318
2.4021813224
2.4051885987
2.4020390824
2.4241698049
2.427294603
2.4264907471
2.4158886437
2.4042480884
2.3981340119
2.3853831839
2.3967529173
2.4004044489
2.4178047547
2.4314858892
2.426922424
2.4284987277
2.4281101292
2.4178625696
2.4275510204
2.423763386
2.4232330064
2.4207845135
2.4178058783
2.4133697135
2.4013917176
2.4253756831
2.4226190476
2.4090138936
2.3938425303
2.3842043747
2.3972025615
2.3815038604
2.3744759349
2.3668956274
2.3522012579
2.3592249089
2.3638474295
2.3613738178
2.3589149851
2.3648111332
2.3723333333
2.3738348868
2.3799833194
2.3922392071
2.4004715392
2.396267653
2.3944176774
2.3878263762
2.3829045643
2.3897401732
2.3927975992
2.3965806235
2.3908045977
2.3990320427
2.3892116183
2.3948683772
2.4009347354
2.3944435202
2.3825713814
2.3843492586
2.3802400132
2.3926329699
2.3902640264
2.3796387521
2.3709256845
2.3652908677
2.3604274611
2.3569927243
2.3455623198
2.3558558559
2.3297906091
2.325305023
2.3311616081
2.3417538214
2.333386607
2.3241565882
2.3301420137
2.3391992251
2.3223852041
2.3281674389
2.3042035398
2.298848762
2.2996845426
2.2880903813
2.2986582478
2.3089353612
2.3050632911
2.3005352645
2.2933793536
2.2908011869
2.289432424
2.2876583763
2.2911253717
2.2815777117
2.2693325035
2.2769638404
2.2769806613
2.2888024883
2.3023328636
2.29875
2.3037915431
2.3102047195
2.3110181311
2.2864823349
2.2833638026
2.2659815626
2.2735520944
2.2502995806
2.2788159665
2.2715369737
2.2625499778
2.2694530903
2.2768361582
2.2760937733
2.2818902348
2.2943925234
2.2766810153
2.2918766677
2.2974137931
2.3074183976
2.2976861465
2.2979967832
2.2751123351
2.2846131472
2.2691472419
2.2758073818
2.2775533756
2.2998236332
2.296398892
2.2696402878
2.2940486661
2.3168846611
2.3305160142
2.3235294118
2.2932253314
2.3072519084
2.3206819867
2.3172351343
2.2997307807
2.3129159105
2.289944386
2.2883178966
2.2763333829
2.3056925146
2.2910147519
2.2905002978
2.29685856
2.2920792079
2.2899266577
2.3075053175
2.3002117362
2.3068302287
2.2884443117
2.3058894231
2.3121171373
2.3188492658
2.3180254301
2.298028832
2.3093832989
2.3068198556
2.3131403118
2.3199285076
2.3261943987
2.3273791654
2.3335328445
2.3424430017
2.3395482795
2.3181064375
2.330130611
2.302504817
2.314698867
2.3232519838
2.3213168479
2.3428314337
2.3419471154
2.3280035864
2.3146564435
2.335813123
2.3143575336
2.3195982868
2.336118156
2.3275810771
2.3276895415
2.3136094675
2.3247736381
2.3133708865
2.3056872038
2.3180391571
2.3207772795
2.3454792864
2.3389779256
2.331570198
2.3234764335
2.3303249097
2.3229291717
2.3340348767
2.3226670636
2.3220035778
2.3186420488
2.3110782866
2.2969919296
2.281882146
2.2884530953
2.270845481
2.2900652647
2.2937527052
2.2983065567
2.2928519856
2.3071553229
2.3067932798
2.2952367122
2.2964524571
2.3173766652
2.3085153158
2.3118216486
2.3322499631
2.320861173
2.2996143578
2.3016535081
2.3051678052
2.3070877817
2.2979037496
2.3174439197
2.3106238964
2.3105425673
2.2935432153
2.3005974064
2.2952353113
2.3033313852
2.2925732521
2.2889305816
2.2977495672
2.2792059412
2.2761172787
2.2773587591
2.2809740815
2.260170697
2.2493660186
2.2474647887
2.2413357654
2.2379955332
2.2267240183
2.2250621719
2.2287572654
2.2367387033
2.2470292185
2.2389577818
2.2460417542
2.2366158114
2.2352449889
2.2239280775
2.2190397122
2.224560432
2.2158760891
2.2203716449
2.2135523614
2.2022979073
2.2037365335
2.204883372
2.204539277
2.2096861472
2.2147596479
2.2250406945
2.2297590035
2.2446895425
2.2500683995
2.235013624
2.2209051724
2.2384720327
2.2147977817
2.2093117958
2.221645967
2.2115831171
2.2116938245
2.1948016786
2.1994266994
2.1907957814
2.1911906401
2.1857377498
2.1616709616
2.1591775599
2.1517288136
2.1313226941
2.1403413709
2.1492923244
2.1335500474
2.1160139485
2.1189934413
2.1307180851
2.1348868176
2.1428380366
2.121437094
2.1358073956
2.1483750666
2.1653182309
2.1654351396
2.1680951064
2.1656288917
2.1745237102
2.1734424865
2.1931818182
2.1822209914
2.1729146493
2.1773167358
2.165282392
2.1497881645
2.1370956828
2.1337303736
2.160022072
2.1704859194
2.162023562
2.1683209842
2.1581511903
2.1570304954
2.1764705882
2.188752784
2.1848611111
2.1847417514
2.1663227404
2.1699337383
2.1707654048
2.1686345326
2.164287675
2.1790633609
2.1700652529
2.1625153124
2.1789531378
2.1735864518
2.1705994033
2.1626845638
2.1564223268
2.155818011
2.1510541767
2.1153540175
2.1050210305
2.1074336748
2.1099895123
2.1144998028
2.1261166579
2.1453127066
2.1273584906
2.1185914034
2.1219638243
2.1206049638
2.1197201347
2.1134779241
2.1102960103
2.104797332
2.1198652326
2.126494408
2.13113048
2.1239454899
2.1295859539
2.14445174
2.1546939834
2.199047745
2.1598371421
2.170696452
2.1806645735
2.1847242238
2.1704649043
2.1921220816
2.1980676329
2.2203703704
2.2108521006
2.2120404901
2.2090006618
2.2092094756
2.2198253044
2.2414118281
2.2259329367
2.2362332567
2.2295213836
2.2400646639
2.2513808433
2.2450491715
2.2609351433
2.2388264327
2.2255557071
2.2222675922
2.2406365757
2.2292582418
2.2079468365
2.188694815
2.1837489723
2.1626735638
2.1695811305
2.1775357386
2.1645808101
2.176454705
2.1727980666
2.1852399516
2.1884682743
2.2048767198
2.2034548944
2.1941522066
2.171047311
2.1655405405
2.1689571544
2.178344809
2.1875935247
2.1829648718
2.1874060921
2.1942357601
2.1976089048
2.1885290889
2.2073950514
2.2111343076
2.2130555556
2.2268303005
2.233943003
2.2265060241
2.214527027
2.2223320158
2.2300734878
2.2107478602
2.2003083824
2.2227715779
2.2202456586
2.2279712392
2.2033005131
2.1991971207
2.1926150455
2.2076047738
2.2089055347
2.207588672
2.2081840727
2.2110538772
2.2170006911
2.2356115108
2.2367737526
2.2356360687
2.244351238
2.2439718234
2.2333557498
2.2270713039
2.2159211928
2.1924548213
2.1923987375
2.2000790306
2.2203208556
2.2046444122
2.1857988166
2.1853215836
2.2011904762
2.1847284177
2.2063891835
2.2040547657
2.2179231485
2.2342750533
2.2281566329
2.2277570591
2.2247474747
2.2243556023
2.225259561
2.2168863369
2.2317410186
2.2549906841
2.2605053191
2.2594911416
2.267183739
2.2857531637
2.2874813103
2.2936507937
2.2888339514
2.2762799564
2.2882747298
2.266748366
2.2557231349
2.2662634409
2.2465680395
2.2389286661
2.2160365059
2.2139225655
2.2182979278
2.2120150513
2.2391390466
2.233978155
2.2167487685
2.2302888368
2.224864306
2.2346753247
2.226267044
2.2284755389
2.2157190635
2.2056945863
2.1952640243
2.2091519838
2.2114336418
2.2251562699
2.2061569518
2.2013871375
2.2088894485
2.2111987974
2.214375
2.2191385156
2.2114902158
2.2220962459
2.2134929542
2.2128243513
2.2203559789
2.2153653966
2.2144368388
2.2162296508
2.2162597596
2.2175364828
2.2274630542
2.2404472294
2.2495978221
2.2475490196
2.2530502684
2.2653535601
2.2602134707
2.2582822086
2.2636487999
2.2770167428
2.2625301358
2.270041142
2.2702367671
2.2758152174
2.2629813665
2.2710338792
2.2678837556
2.282306163
2.2863630629
2.2945619335
2.2974819689
2.295065584
2.2935217609
2.2899850523
2.2753819616
2.2963283471
2.3085566119
2.3193246241
2.3244040305
2.3333333333
2.3314018
2.3359901901
2.3357556349
2.3506267842
2.3446969697
2.3430757652
2.3413818722
2.3604636513
2.3628071953
2.3572962729
2.3724619289
2.3827384815
2.3705148206
2.3578361589
2.3477264043
2.3574625911
2.3369330454
2.3252608528
2.3050652341
2.311584896
2.2990689963
2.3131067961
2.3229273286
2.3068510371
2.3259268664
2.3225684845
2.3291425698
2.3269377382
2.3076923077
2.3307208017
2.3368068957
2.3386189258
2.3322772779
2.3438959727
2.3660460305
2.3707762557
2.372516129
2.3475656385
2.3508411455
2.3484673592
2.3575920934
2.3651041667
2.3271356131
2.3161927022
2.3225430532
2.3343229637
2.3426555149
2.3275681342
2.3206878446
2.3352212856
2.3389230971
2.3244964263
2.3195134711
2.2989503693
2.3036200856
2.3058195547
2.2916826861
2.2854594112
2.3023345305
2.3229247983
2.3075321972
2.2850820099
2.2905806452
2.2939642811
2.2795852236
2.2591599643
2.2676670514
2.276174668
2.2874467811
2.290760174
2.2912993484
2.3053260455
2.3064885496
2.2888140666
2.2948172258
2.297378653
2.2895425651
2.2895526118
2.3017165769
2.2817809748
2.2744226257
2.2725696594
2.2932330827
2.2947106409
2.2895465995
2.2792656859
2.2851074463
2.3169897377
2.2975579211
2.2851280776
2.2855003743
2.2763881941
2.2788569996
2.2701863354
2.2794191287
2.2841591592
2.2811513698
2.2739691691
2.2723069233
2.2568016743
2.2582119042
2.2726936359
2.2771572358
2.2755452095
2.2742192284
2.283702706
2.2946704588
2.2805746562
2.2925229017
2.2912276403
2.2982930124
2.2964338782
2.3021329987
2.3012093255
2.315324413
2.3239454408
2.3211827683
2.3243656764
2.3233977229
2.328674019
2.3355481728
2.3339723926
2.3288248054
2.3278082366
2.3057778889
2.3094012803
2.3015673981
2.3060529634
2.2916404777
2.2826167761
2.2869748944
2.2771759432
2.2735202492
2.2771144279
2.2778820879
2.2957336372
2.2823289591
2.2893898866
2.2861875637
2.3000256871
2.2939072679
2.2826417004
2.2586945565
2.2617754767
2.2543147208
2.2630241423
2.2533655067
2.2554882665
2.2526847757
2.2573760201
2.2594315895
2.2636477987
2.2575930868
2.2739152499
2.2775800712
2.2754140127
2.2591240876
2.2628722867
2.2617432806
2.2784026286
2.2768610656
2.2818090199
2.2677423421
2.2574134064
2.2470632342
2.2578807444
2.2513564669
2.249145894
2.2520849128
2.2428178866
2.249436796
2.2478310072
2.2543782285
2.2376027909
2.2256790123
2.2147080562
2.2194341943
2.2181130233
2.2253589681
2.2231958136
2.2028465495
2.2074359283
2.2089012182
2.19201726
2.1965525497
2.2037037037
2.2221416485
2.2113587347
2.1878413678
2.1894351217
2.191775966
2.1978476821
2.1817106353
2.1692561205
2.1778846154
2.1796930342
2.1785168645
2.1637931034
2.1696344892
2.1561847296
2.1597488664
2.1659919028
2.1578343657
2.1530740276
2.1602870813
2.1600774752
2.1760483136
2.2085763293
2.211235179
2.2045480387
2.2076800727
2.2170542636
2.227764977
2.2156636248
2.2244542499
2.2204524469
2.2260115607
2.2173913043
2.2380400788
2.2492186596
2.2389929877
2.2211715867
2.2062010143
2.1993583868
2.1955428571
2.1989107001
2.1893209387
2.1794813467
2.1812620369
2.1852401049
2.1830065359
2.1967805902
2.2018220042
2.2003756309
2.2177323508
2.2147079688
2.2178276269
2.2069488166
2.2073613879
2.210102922
2.2003546099
2.213769404
2.2212462908
2.227965698
2.2273589379
2.2262540021
2.2278269185
2.2256349675
2.2375474383
2.2396959259
2.2359857482
2.2439198856
2.248686724
2.2609741431
2.2734422263
2.2735952993
2.2638770282
2.2619656558
2.2547862733
2.2601379978
2.2644944897
2.2542534206
2.2351752822
2.239772996
2.2388553861
2.2422308874
2.2156293544
2.2204889406
2.2337965666
2.2355752419
2.2316082618
2.2392344498
2.2475608323
2.2517985612
2.245738968
2.251586369
2.2397769517
2.2302083333
2.2194389934
2.2165956957
2.222777455
2.2294165599
2.2217351177
2.2285946009
2.2360270144
2.2373201227
2.233937397
2.2379755922
2.242893127
2.2430680591
2.2492767599
2.2564688892
2.2481481481
2.2577714012
2.2633100458
2.2687651332
2.2665700833
2.265735949
2.2562192044
2.2550616988
2.2527681867
2.2677411595
2.272465161
2.2831654327
2.2729784933
2.2577087287
2.2694632065
2.2616073533
2.2604832978
2.2654196756
2.2725975262
2.2663968575
2.2699737658
2.275948461
2.2770294433
2.2706009356
2.2636113438
2.2666109984
2.2762325415
2.2807905519
2.2703256936
2.2599975982
2.2568398216
2.2692214112
2.2630676949
2.2448381185
2.2447834045
2.2392496041
2.2453222453
2.2521599605
2.2529274005
2.2496616218
2.2463821437
2.2517932229
2.2436323367
2.259947936
2.2693313411
2.2700162887
2.2727954972
2.2731266474
2.2744290528
2.2886726547
2.2923961981
2.2825460469
2.3002919152
2.3005227591
2.3074859479
2.3179910998
2.3214877086
2.3067306478
2.3185401831
2.3165841898
2.3178343949
2.3237851662
2.3249138921
2.3183663115
2.3254801536
2.3125880394
2.2998331408
2.2957728216
2.2924380704
2.2894805534
2.2912431587
2.2620438904
2.2615444821
2.2633341922
2.2646008671
2.2645427576
2.2676383335
2.2688923395
2.2630558428
2.2610561915
2.2444184839
2.2507060334
2.250162022
2.2630282603
2.2613946241
2.2613887086
2.2601876848
2.2654901456
2.261013919
2.2607530313
2.2430897387
2.2396278602
2.247055844
2.2506616257
2.2514826498
2.2604258536
2.2575890069
2.2671908149
2.2710033907
2.2727387093
2.2799949482
2.2788571429
2.2875334267
2.2842639594
2.2889284352
2.2774332363
2.2672532998
2.2662565905
2.2762640983
2.2676074244
2.262576841
2.2652378593
2.2638496499
2.2741298445
2.2770428978
2.2818001488
2.2889359581
2.2848266435
2.2897384306
2.2995205652
2.2954716981
2.2891337386
2.2910315041
2.3010340866
2.3017230377
2.3002670736
2.2913788693
2.2930856553
2.2956982302
2.2934302778
2.2849198138
2.2837522674
2.2823529412
2.2864216836
2.289990889
2.2834390781
2.2592969944
2.2535193243
2.2531482909
2.2535156754
2.2535356133
2.2664856478
2.2692307692
2.2638566641
2.2787547219
2.2839906591
2.2869149211
2.2839601913
2.2760483663
2.278912433
2.2748620557
2.2719398803
2.2725992318
2.2826171119
2.2729147866
2.2703670546
2.2861752937
2.2857702862
2.2834686927
2.2827568134
2.2835369859
2.2877160817
2.2848508737
2.2903481013
2.2901307967
2.2752317881
2.2695456947
2.2616317385
2.2663939834
2.2614430814
2.2630471934
2.2656578947
2.2622474581
2.2550098232
2.2577130104
2.2782380013
2.2868830826
2.2849235635
2.2743997912
2.2744841995
2.2788436268
2.2766593064
2.2862913735
2.2861003861
2.2871005305
2.2716903755
2.2759421786
2.2861014324
2.2790998448
2.2965679853
2.2911459019
2.2803726056
2.2759753054
2.2742782152
2.2746877055
2.262387981
2.2655181483
2.2605550441
2.2651505193
2.2538491396
2.2463953043
2.243360572
2.2471453946
2.2570552931
2.259477459
2.2478360489
2.2652772417
2.2680030644
2.2611644274
2.261550308
2.2599769023
2.2578825942
2.2623076923
2.2482064191
2.251510574
2.2570382527
2.262810756
2.2697823303
2.2754537263
2.2754529217
2.2857326644
2.2870358474
2.2818087587
2.272821982
2.2659049598
2.2657898164
2.2649583767
2.2782563299
2.278373431
2.2711908817
2.2796121593
2.2773914184
2.2833136405
2.2804495557
2.2818467172
2.2846657929
2.2935095525
2.2942879705
2.298308221
2.2999737671
2.298383918
2.2794481322
2.2782687809
2.2724671609
2.2793017456
2.270789749
2.2812828601
2.2763123186
2.2759210526
2.273105962
2.2681912682
2.2631714543
2.2652903226
2.267028564
2.274586427
2.2782994262
2.2836468886
2.2825147348
2.2875474663
2.2754584471
2.271894227
2.2663029358
2.2656331423
2.2675009777
2.2651612903
2.2488769093
2.2586762998
2.2682640969
2.2718725516
2.2683813978
2.2749837557
2.273458793
2.2742144897
2.2634202454
2.2648145788
2.2701127581
2.2742842536
2.271973466
2.2673681542
2.2679954297
2.2693137131
2.269124308
2.2593052109
2.2631839564
2.2753156722
2.2759940726
2.2734990157
2.277301665
2.2813804962
2.2768685882
2.2729268293
2.2800290311
2.2702929875
2.2771785238
2.2797092671
2.2889590672
2.2860768673
2.2849835586
2.2724969843
2.2714544357
2.2755847953
2.2796000488
2.279081194
2.2775735294
2.2779726624
2.2776696667
2.2775948286
2.2726176116
2.2602789132
2.2629467542
2.2683433036
2.2688661824
2.2687761635
2.2749814952
2.2736490664
2.2683855126
2.2770728102
2.2777024529
2.2831243015
2.2828482972
2.2756536754
2.2731003607
2.2697007481
2.2662103298
2.2649689441
2.2674070377
2.2608315645
2.2611410382
2.2534900808
2.2622227668
2.2623011469
2.2591635916
2.261910579
2.2669538462
2.264076715
2.2647567301
2.2681123706
2.2692450266
2.2706513601
2.2879528645
2.2963609172
2.3012948207
2.2992077247
2.3056213387
2.3060636432
2.3043965625
2.3021387069
2.2994942642
2.3004556089
2.3009815951
2.3091401156
2.3248337029
2.3287387168
2.3352912384
2.338116262
2.3343933464
2.336754885
2.348733234
2.3445795088
2.3434368428
2.3314096267
2.325947809
2.3209084177
2.317675841
2.3318928263
2.3401781296
2.3387795519
2.337007679
2.3428042001
2.337164751
2.3389476272
2.3457886299
2.3439537458
2.3403732809
2.3367485496
2.3301945236
2.3295680238
2.3285910396
2.3197659945
2.3405371643
2.3451637091
2.3612153038
2.3586778937
2.3524405507
2.3559258331
2.3604549431
2.3667828685
2.3465383191
2.3525918595
2.3571250933
2.3496329476
2.3381124548
2.3403350838
2.3429777723
2.3515634733
2.3570713392
2.3522414225
2.3586641462
2.3535124228
2.3536353255
2.3585672552
2.3592121982
2.3657106437
2.3663190028
2.3694001519
2.3759857543
2.367452414
2.3710976838
2.3730983773
2.3721371631
2.3765510256
2.370082686
2.369722708
2.3748283181
2.369846001
2.3752954348
2.3761833582
2.3862865754
2.3820944249
2.3780518186
2.3824706177
2.3683099466
2.3706779031
2.3671690123
2.3589647879
2.3552729993
2.3560464246
2.3567607911
2.3599950243
2.3586429725
2.3494966855
2.3457772338
2.3372852649
2.3389298224
2.3493001931
2.3572033386
2.3565269461
2.3634518978
2.3639947438
2.351483379
2.3512900143
2.3473218556
2.3534576067
2.3507382067
2.3631990379
2.3717252203
2.381420765
2.3855083089
2.382655561
2.3866504854
2.3929529383
2.3870417732
2.3908102163
2.3973767306
2.3880870841
2.3961038961
2.3959248414
2.3870456209
2.3884418435
2.392653655
2.3952345861
2.3962287404
2.3863467722
2.3941191006
2.4064011909
2.4094478375
2.4269312367
2.4445415938
2.4533416615
2.4477164961
2.4573102331
2.4633354154
2.4636976048
2.467590858
2.4614812058
2.4580209895
2.4523513312
2.4573721163
2.4558104551
2.4567993989
2.4455383848
2.4459644323
2.4535696455
2.446760704
2.4436034247
2.4432593328
2.4412718204
2.4361343489
2.4388624405
2.428410935
2.4308550186
2.4135459152
2.4073068378
2.4082110714
2.4166357681
2.4202503408
2.4257401214
2.4194382853
2.416358709
2.3959527002
2.3910287665
2.393590998
2.3660583942
2.3498716852
2.3613527754
2.3578317666
2.3671290045
2.3864674651
2.3667319941
2.3541311236
2.347942212
2.3574037993
2.3454523493
2.3586600316
2.3768168605
2.3815197568
2.3876930561
2.3905945419
2.3927356657
2.386137412
2.3855128828
2.3883885102
2.3871710925
2.4014563107
2.4083373964
2.4091186151
2.3935640559
2.3999511361
2.406902481
2.399513382
2.4122025625
2.4076239191
2.4116001946
2.4151699029
2.4231838511
2.4159036145
2.4129413182
2.4185681516
2.4198500967
2.4070732588
2.4115593016
2.4043966663
2.4128884053
2.4128285508
2.4290228488
2.4159689358
2.4143290832
2.4128118188
2.4124334785
2.4232127634
2.4300316379
2.4151611328
2.4164634146
2.4139739056
2.4117789921
2.4197258933
2.422595682
2.4232278636
2.4235974409
2.4277811924
2.4385125184
2.4389974198
2.4365868631
2.4367321867
2.4233826587
2.4212139792
2.4262074038
2.4367547634
2.4370488193
2.4275106512
2.4247475362
2.4217044758
2.4283595006
2.4392419175
2.4542065366
2.4568546881
2.4543868395
2.4560924109
2.4601166108
2.4663938492
2.4676401435
2.4734359484
2.4579899127
2.4556074766
2.4563321459
2.4546013024
2.4616236162
2.4521686011
2.4405179717
2.452126367
2.4519031983
2.4487709905
2.4496954933
2.4541139241
2.4428881913
2.4465037911
2.4428004331
2.4474506975
2.4493084787
2.4613904258
2.463762899
2.4652644231
2.4673952204
2.4828126885
2.4886555636
2.4905316824
2.4717140106
2.4500060452
2.4328806634
2.4501805054
2.4429740135
2.4521686747
2.4348914858
2.4134363853
2.418510104
2.433026646
2.4247755835
2.4254885505
2.4252471666
2.4197919187
2.4283101683
2.4004126714
2.3892172235
2.3908849771
2.389270645
2.4010372693
2.4142667791
2.4164564565
2.4210969449
2.409773082
2.4179158172
2.4244318865
2.434037417
2.4412333736
2.4397334949
2.4325234544
2.4309412189
2.4077635328
2.4041493776
2.4121420934
2.4055430534
2.4096571361
2.3896428571
2.3700712589
2.3754456858
2.3706161137
2.3550580237
2.3696749208
2.3726088487
2.3544850111
2.3602717264
2.3742230562
2.3798693725
2.3871947657
2.398119859
2.400377492
2.3958186516
2.4045208382
2.4127755392
2.4058691279
2.413968329
2.4063424447
2.4109913538
2.4101746931
2.4045196403
2.4068517425
2.3920467836
2.4024618992
2.38934716
2.4052341274
2.4015249267
2.3930905696
2.3847674419
2.4025868096
2.4007199257
2.409596662
2.4102118791
2.4081373905
2.3979944675
2.3882716756
2.3852431146
2.3771544441
2.3473719677
2.3303601671
2.3332958127
2.3100583745
2.2952070939
2.2908339846
2.287213847
2.2888198758
2.2750330834
2.2675327535
2.2714742529
2.2763288214
2.2835342254
2.3115303047
2.3058350101
2.3190985915
2.3299097065
2.2996535151
2.2788710222
2.2905336793
2.2890545578
2.3055398849
2.3110758417
2.3221705074
2.3293365308
2.3298767139
2.328035015
2.3191660908
2.3075678798
2.2926829268
2.2913486005
2.287351001
2.2937492752
2.2814584771
2.2698828081
2.2464209221
2.2533242414
2.2499150719
2.2099330357
2.1981079577
2.1834791274
2.2038237925
2.1983065954
2.1824166016
2.158584968
2.156342832
2.1388615754
2.1456628478
2.1551743099
2.168040444
2.1514084507
2.1556886228
2.1558755634
2.1267713102
2.1422671449
2.1697574893
2.1618175874
2.1709850224
2.1693786175
2.1535462913
2.1328709223
2.1472505977
2.1585258526
2.1539137117
2.1472474022
2.1510267167
2.1488915849
2.1611019284
2.1751080572
2.1612159789
2.1390345129
2.1480216026
2.1329833771
2.1385953325
2.1369624388
2.133311639
2.1388526728
2.1423164269
2.1170960187
2.0921121731
2.0723382046
2.0675422139
2.0536120886
2.0653006313
2.0612810511
2.0640565748
2.0508509121
2.0691895236
2.0606214977
2.0602984469
2.0317826349
1.9773782476
2.0078318628
1.9809704095
1.9993955878
1.9981854839
2.0275735294
2.0210058574
1.98800674
1.9922557585
1.9838645418
1.9712244493
1.9992920712
2.0084025106
2.0136349864
2.009171538
2.0174796748
1.9948296837
1.974533107
1.9883194039
1.9722639431
1.9820910455
1.9700893305
1.9711432851
1.9976912267
2.0401187187
2.0029328479
2.000200441
2.0093401015
2.0434467026
2.0528333161
2.0590730395
2.0419341479
2.0631436596
2.070192005
2.0846275753
2.0745230315
2.0720512551
2.0647002854
2.0547211427
2.0330518194
2.0459098497
2.0456932773
2.0527648797
2.0573544974
2.0469714405
2.054418899
2.044082564
2.0273308581
2.0440751445
2.0272206304
2.0316695706
2.0325136331
2.0548755187
2.0749264397
2.0649404886
2.0329886246
2.0508509972
2.0327544972
2.0325262392
2.0171053979
2.0237997538
2.0345725294
2.0301652893
2.0318770903
2.0422476151
2.0479766375
2.038862263
2.0350239036
2.0632646659
2.04356825
2.0533417007
2.0483317742
2.0501093864
2.0399301991
2.0338740945
2.0324655436
2.0296032553
2.0242787485
2.0349075975
2.0316793111
2.0263616781
2.0329477381
2.0420575198
2.0322713258
2.0227827502
2.0255889521
2.0222110045
2.0302845528
2.0413947798
2.0406495761
2.0402451481
2.053630363
2.0747925311
2.0596363636
2.0643353741
2.0613572978
2.0719891179
2.0751336058
2.0769311393
2.0699528055
2.0567026517
2.0586188719
2.0647108663
2.0671840119
2.0728626943
2.0733875339
2.0694126621
2.0289525049
2.0472328767
2.0431157433
2.0455540955
2.0374413274
2.0472571051
2.0371698728
2.0336733575
2.0290996609
2.0224620128
2.0167456208
2.0071397188
2.0051859208
1.9861034521
1.9738793581
1.9642501384
1.9636766334
1.9676628011
1.9858501245
1.9894239424
1.994106981
1.9956685284
2.0261489699
2.000559159
2.0020172588
2.0071412631
1.9943156974
2.0333665891
1.9982704572
2.0097582132
2.0163345312
1.9997816117
2.0019605707
1.9769762087
1.9969710568
1.9930415264
2.0078462588
2.0072447362
1.990284604
1.9949851835
1.949142986
1.9451992754
1.9187295128
1.976133379
1.9798117273
1.9771200911
1.9543285617
1.9643384441
1.971550334
1.9472347304
1.8916221861
1.8730195713
1.8457508731
1.8077544426
1.8111782477
1.8604598482
1.867814781
1.8750725647
1.8545305357
1.8594676276
1.8644186047
1.8576466439
1.8537447009
1.8413858119
1.8283714862
1.7822332624
1.7596257647
1.7588829471
1.7951476037
1.7952803067
1.8243275987
1.8080068351
1.8069252416
1.8179093743
1.8214200902
1.8402117675
1.8502282008
1.8671846546
1.7867629362
1.7994449137
1.7902208202
1.7671298515
1.7876301286
1.783477842
1.7812387252
1.7735533238
1.7769521113
1.7624218105
1.7734230056
1.7450644756
1.6723243243
1.6179204496
1.6482138895
1.6168866587
1.5975662755
1.5831985334
1.5811569178
1.5674319274
1.5206395653
1.5225567882
1.5579903795
1.5540770705
1.5496142306
1.6202924236
1.6713678084
1.6645479452
1.6616393443
1.6856031128
1.6517876971
1.6270844992
1.6289961994
1.6421574147
1.6359781274
1.637740113
1.6031146227
1.588160481
1.6015471655
1.5885694412
1.5910440941
1.6136156648
1.6387650086
1.6440580378
1.6790897481
1.6532173913
1.6456539212
1.680306016
1.7059988352
1.7258930656
1.7341919016
1.6889659157
1.6648090096
1.6563081937
1.6671688492
1.6563226406
1.6707775429
1.6761758812
1.6825601879
1.6707260496
1.690542744
1.6786338734
1.6580758017
1.669154519
1.6713653308
1.6494178525
1.6494131455
1.6587627656
1.6569951838
1.6268157713
1.6012284158
1.5929438982
1.5965541166
1.6504335432
1.6604109752
1.6696301565
1.6624807487
1.628701329
1.6333070955
1.6323745065
1.6304738379
1.6631638418
1.6275212909
1.6282976325
1.6341184542
1.6366359447
1.6347319081
1.6521239954
1.6676860347
1.6793927722
1.6732234224
1.6846496742
1.6838008014
1.6932068048
1.6943125217
1.6811742038
1.6970179832
1.7154610902
1.7110091743
1.7249066293
1.7002454131
1.7131864288
1.6859138533
1.6927703875
1.6707580407
1.6842226047
1.6764908257
1.6756909832
1.6886501314
1.6911012615
1.6884303112
1.7089552239
1.7098786435
1.694027323
1.6835541699
1.6781596452
1.686302735
1.677105234
1.6790805614
1.6971051749
1.7096810172
1.7205784205
1.7270023135
1.7361111111
1.7255284553
1.7226071893
1.7280711265
1.744486692
1.7258309798
1.7271463701
1.758605944
1.7581449644
1.7491139512
1.7240051348
1.7374011055
1.7513111888
1.7601902908
1.763771873
1.7747158482
1.7752179998
1.7791256831
1.7852246763
1.7721051488
1.7748294162
1.7778737183
1.7755589321
1.7541315705
1.8021255615
1.7891454207
1.7881933182
1.7951833369
1.7862645112
1.7714684414
1.7781873374
1.7732160313
1.7645522794
1.754700576
1.7479514913
1.7588507479
1.756346279
1.75243876
1.7721436344
1.767880224
1.7657056799
1.7572857296
1.7650576677
1.7515753498
1.7535398701
1.7677274669
1.7581042046
1.7678456592
1.7656233194
1.7851077727
1.7944057466
1.7849048535
1.7963335806
1.7940522807
1.8049427238
1.7886542973
1.8067345171
1.7876452068
1.7829189189
1.7765351113
1.7742799015
1.7706146927
1.7614837179
1.7817242493
1.7600467787
1.7579373535
1.7442352443
1.740411104
1.7322525959
1.7367351305
1.7298537731
1.724050365
1.7226277372
1.7226425147
1.7235867034
1.7328876154
1.7369648156
1.7313685996
1.7255065803
1.7236212279
1.7280273944
1.7303580695
1.7160302184
1.7062784915
1.7001650846
1.695334226
1.6736625514
1.6735515853
1.6752381928
1.681557377
1.650159252
1.6401110197
1.6379969024
1.6547075902
1.6601368159
1.6615656881
1.6435367115
1.6455408753
1.6336582863
1.6446742503
1.6490832736
1.6384472434
1.6200246204
1.6248082626
1.6241481029
1.6506856272
1.6649353295
1.6618049225
1.6572355745
1.6691472245
1.6724398349
1.6429793659
1.6646962903
1.671168406
1.6859283588
1.6860548029
1.6840811309
1.6733817364
1.6866193562
1.6856939357
1.6863682604
1.6900061062
1.684534005
1.6863457463
1.6711748082
1.6814626714
1.6886058033
1.6961348269
1.7099796334
1.68960291
1.6882352941
1.6796739684
1.6749066694
1.6743786624
1.6679007404
1.6558298214
1.6600563721
1.6500956023
1.6602077507
1.6685038581
1.6554445554
1.6734942202
1.6767460802
1.6722421755
1.667489458
1.668001643
1.6800082739
1.6819682278
1.6923718216
1.6936404191
1.6942434728
1.6806845455
1.6775540019
1.6733668342
1.6571221081
1.6569707043
1.6540971719
1.6553578817
1.6521378165
1.6649046434
1.6711166304
1.6719461698
1.6599073598
1.6521110767
1.6453404649
1.6471742949
1.6422121896
1.6384060181
1.6450300132
1.6571632217
1.6632018751
1.6665982766
1.6717854218
1.6906162899
1.6991649269
1.6916414484
1.6772013723
1.6873895415
1.6858693383
1.6964042352
1.6978114478
1.6987057076
1.6871892521
1.6854489817
1.6843052175
1.6821184996
1.6822047583
1.6736549364
1.6709588166
1.667164976
1.6809605489
1.6871231697
1.6871026829
1.68256
1.6920340627
1.6836085033
1.6680336715
1.6668102984
1.6712892741
1.6659461796
1.6500270709
1.6381034297
1.6227700292
1.6130317717
1.6128412969
1.6196424725
1.6250268759
1.6183476395
1.6134236851
1.6027206512
1.6084073163
1.6072488343
1.5991924344
1.6065192084
1.6144223694
1.6085765462
1.5949071618
1.5952834179
1.589217759
1.5949245101
1.590406696
1.5876706485
1.594629156
1.6067811067
1.5968674445
1.6120962635
1.6160714286
1.6210370056
1.6308351178
1.6360124477
1.6378181037
1.6394964259
1.6306516663
1.6219525066
1.6272077376
1.6374590424
1.6336339523
1.6288572037
1.6407351998
1.6478828058
1.6542398448
1.6491623711
1.6616460463
1.6552620182
1.6533144661
1.6596274637
1.6499676096
1.6557377049
1.6667765326
1.6818586038
1.6561045867
1.6422222222
1.646967513
1.6579296616
1.6507267281
1.6348145673
1.644234021
1.6396498806
1.6402272727
1.6641247834
1.6528963766
1.6574776017
1.6688619295
1.6660478069
1.6713011239
1.6773523985
1.6760351608
1.6795746157
1.6931332949
1.6920590951
1.6883672525
1.682640984
1.6830118522
1.6577042399
1.6687285223
1.6786164242
1.6729284315
1.6807661612
1.673822167
1.6702714881
1.6481790845
1.6434995004
1.6429840142
1.640441989
1.6512581754
1.6454665493
1.6410509031
1.6422896942
1.6317326411
1.6123922414
1.6124933262
1.6182612401
1.6114839672
1.6053132938
1.5992840598
1.5896330565
1.5940939881
1.5950132626
1.5975751186
1.6086452293
1.602295253
1.6092353003
1.6030309409
1.6013202012
1.5964266947
1.5903074518
1.6232479713
1.6234800839
1.6522662138
1.6499629982
1.6222314651
1.633194589
1.6502181592
1.6536904391
1.6721069812
1.6626493398
1.6533236545
1.6700220195
1.6662798059
1.6561938009
1.6362394958
1.6390669329
1.628556594
1.6245698196
1.6249089585
1.6120404791
1.6081374884
1.6145443196
1.5943493504
1.588410562
1.5922091235
1.5945945946
1.5862210375
1.5594753965
1.5702235772
1.5587282301
1.5711522801
1.5595912586
1.5489542286
1.5663734708
1.5687728566
1.5651863923
1.5576515686
1.55012444
1.5656575782
1.5856331169
1.5787719653
1.5640767916
1.5636692818
1.5450414856
1.5459464778
1.5577434282
1.5581898672
1.5405695338
1.5411259635
1.5428683539
1.5454723063
1.5396054038
1.5383126935
1.5302491103
1.5377760558
1.5331154475
1.5329283579
1.5119685944
1.5239009407
1.5220455195
1.5330143541
1.5234315226
1.526193248
1.5248990579
1.5203637419
1.5351864539
1.5273327508
1.5593186965
1.5596911503
1.5642436149
1.5753909708
1.5920595533
1.5684643242
1.570926143
1.5588263496
1.5543196855
1.5561662328
1.5458750964
1.5675860053
1.5739130435
1.5795710508
1.5794907089
1.5798486659
1.5750792393
1.6000199641
1.5939091363
1.5759587751
1.5724515167
1.5677259186
1.5778889445
1.5652697012
1.5584051292
1.5606971154
1.564619707
1.5465635228
1.5367639879
1.5428992629
1.5521756251
1.5609104404
1.5498967653
1.548931163
1.5355761794
1.5135523417
1.5000963763
1.5078215527
1.503252743
1.497344791
1.4829834148
1.4633472963
1.4805955812
1.4858022909
1.4815670421
1.4604063806
1.4706999715
1.4426014432
1.4575114518
1.4466119097
1.4752981261
1.4939759036
1.4939259545
1.500917254
1.5088178295
1.5238559859
1.5284466019
1.5269997112
1.5319764638
1.5327030677
1.5387581951
1.5282477775
1.534704122
1.5310285386
1.5180825819
1.4933434048
1.4975002358
1.5071036181
1.4926048045
1.5084203594
1.5100589501
1.5237960607
1.5241105973
1.5401913876
1.5405379535
1.5424930536
1.5438764745
1.5604065828
1.5607996099
1.5549519837
1.5584089593
1.5459532288
1.5370863446
1.5367793241
1.5338630344
1.5141757416
1.5102573667
1.4937939978
1.4948003714
1.5105038111
1.5115631095
1.5058573932
1.5150950429
1.5050954234
1.4989354809
1.5099542013
1.5061372513
1.497948144
1.4927495817
1.4941796009
1.4735444892
1.453958731
1.4517551755
1.4629245878
1.4755656109
1.4794978324
1.4750317777
1.4608624751
1.4738826559
1.4703020288
1.4726853984
1.4754158625
1.4711969961
1.4923589886
1.4875865251
1.506058644
1.4986681363
1.4971098266
1.4905625969
1.4829710145
1.4585051084
1.4571019165
1.4583407672
1.459604545
1.4576529697
1.4675301313
1.4603259418
1.4616607774
1.4636025505
1.4535119415
1.4459850812
1.4525585886
1.4527198114
1.4457434832
1.4420534094
1.4223752151
1.4201702347
1.4290437658
1.4375438596
1.4291211194
1.4393124725
1.4500088637
1.4403856359
1.4458046645
1.4320268362
1.4321936567
1.4232292125
1.427815504
1.4259503116
1.4215867973
1.4224918667
1.4182135076
1.4184495453
1.4066205955
1.4039560065
1.4024577573
1.3773346795
1.3776
1.3727538654
1.3686720777
1.377567273
1.3706550802
1.3783670034
1.3671322787
1.3645423331
1.3845698834
1.3815048627
1.3715986395
1.3683542161
1.3674072823
1.3661699082
1.3491678515
1.3388921478
1.3363164938
1.3366825756
1.3295671679
1.3412128299
1.3527826892
1.3641069156
1.3644225878
1.3581206693
1.3423944962
1.3472245655
1.3418431405
1.330075188
1.328276092
1.3199737726
1.3170313521
1.3171806167
1.3109257442
1.319349035
1.3242334809
1.3339608742
1.3314015182
1.313281187
1.3153796757
1.31227901
1.3123091756
1.2948546214
1.271265803
1.2469750345
1.2593047349
1.2477794793
1.2545412739
1.2334137515
1.1831253193
1.1794946692
1.2285952417
1.2552256074
1.2866677136
1.304889665
1.3062721893
1.304134326
1.3013138227
1.2998343457
1.3027551907
1.3011751628
1.2954979319
1.3194993944
1.3394637894
1.3323789267
1.3089110503
1.2852378305
1.2751867873
1.266708602
1.3728477961
1.3722590077
1.3972758229
1.4037662452
1.4003186969
1.3893572181
1.3818165878
1.3735232801
1.3818690935
1.3847445643
1.3963923938
1.3962516734
1.3959183673
1.3994562755
1.4053074903
1.4023122423
1.4019010043
1.4030332944
1.4148282098
1.4156604464
1.4212373038
1.4248082078
1.4230378109
1.4390086008
1.4154401806
1.4152073315
1.4074470935
1.4137311287
1.4120328983
1.4166816305
1.4121032281
1.4245784871
1.4127411395
1.4088979303
1.4079260238
1.4079190497
1.4084831311
1.3826789243
1.3910792857
1.4065579489
1.4144247788
1.410968598
1.4096904678
1.4201539414
1.4440540541
1.4424215247
1.4463169339
1.4440018108
1.447719488
1.4432643428
1.4502747253
1.4447091159
1.4486213235
1.4471730963
1.4340296866
1.4299808167
1.4276781609
1.4245517241
1.4355063703
1.431604209
1.4359988957
1.4321392763
1.4380384968
1.4363770386
1.4390266299
1.4450320067
1.4502632308
1.4481000927
1.4461908284
1.4575114518
1.4622339424
1.4723967257
1.4582588235
1.4540763674
1.4538216561
1.4574804615
1.4650294145
1.4674096273
1.4636201892
1.4630859923
1.462464986
1.4598264806
1.4502731211
1.4558340374
1.4577418445
1.459020979
1.4703226413
1.4753380309
1.4736238532
1.4696074695
1.4694826768
1.4648385247
1.4456173421
1.4579163092
1.4621696403
1.4583887517
1.4494033637
1.4448804185
1.4524299065
1.4455583403
1.4480230184
1.4449379974
1.4416299559
1.4390914087
1.4393466691
1.4507184967
1.4483136825
1.4491292392
1.45322551
1.4540023895
1.4505474453
1.44332999
1.4422481326
1.4429068915
1.4438649465
1.4430636104
1.4505311778
1.4543444209
1.4542615724
1.4446166469
1.4407150675
1.4260742899
1.4219485694
1.4194615866
1.4237059669
1.4229011737
1.4384872281
1.4441727791
1.4487987577
1.4467949302
1.4440768312
1.4432828978
1.4380510863
1.4412575841
1.4338774762
1.4463661454
1.4582945448
1.4490416513
1.4496656591
1.4483606557
1.4457710536
1.4480679638
1.4465380042
1.441587936
1.4414104882
1.4429281518
1.4373980794
1.4456956048
1.4436219193
1.4468431036
1.4416756952
1.4551869501
1.456201693
1.456721071
1.4564341937
1.455471906
1.4571428571
1.4553579571
1.4580882353
1.4595388996
1.4588407655
1.4683776352
1.470593624
1.4662180595
1.4749748376
1.4690829615
1.4704061191
1.4696268047
1.4733550843
1.4744777475
1.4744545455
1.477915678
1.4791152545
1.4827396254
1.4894673903
1.4917820868
1.4961046188
1.4978218556
1.4929459811
1.5061716851
1.506772009
1.5028749175
1.4950878519
1.4901442988
1.4853839647
1.4884006035
1.500334704
1.5010538417
1.5011514105
1.5033563483
1.5039453426
1.5030983734
1.4975714008
1.489091438
1.4788298691
1.4825255841
1.4798737929
1.486186789
1.4844696605
1.4892349097
1.4971620972
1.48425272
1.4803127086
1.4873574144
1.4967014055
1.488268685
1.4861413301
1.4920665265
1.4902017016
1.4961083886
1.5028362657
1.4990371654
1.4977769186
1.4889859476
1.495945817
1.4947147891
1.4944455085
1.5049907937
1.5137408313
1.5135135135
1.5194983343
1.5219010289
1.518361721
1.5267550319
1.5311121999
1.5319795958
1.5324586312
1.5379573469
1.5416255672
1.5362232779
1.5447389398
1.5333267307
1.5330530022
1.5282340363
1.5373763104
1.5294289898
1.5246189918
1.5314567901
1.5182524272
1.5120511083
1.5136416409
1.5211732712
1.5268922355
1.5307158902
1.527739926
1.527607362
1.5332877114
1.5292002721
1.5299795262
1.5282210977
1.5199768942
1.5213370581
1.5157070562
1.5166203659
1.5165594701
1.5125632942
1.5177835299
1.5166186359
1.5157653354
1.5144899905
1.518550392
1.5200152861
1.5198893447
1.5142749102
1.512900482
1.5090618837
1.5102672293
1.5141890622
1.5056554793
1.5081632653
1.5087800799
1.5032897785
1.5125665701
1.5148210291
1.5186955299
1.5167835437
1.5194170193
1.5214292413
1.5164288397
1.5137416753
1.5110778723
1.5091949709
1.5055353986
1.5012529002
1.4955223881
1.5041368936
1.5027702132
1.4991590357
1.5002800075
1.5005603287
1.4934210526
1.4904041336
1.4886982194
1.4857063301
1.4836916234
1.4871723108
1.496171087
1.5053211352
1.505239521
1.5018270402
1.4984153617
1.501535598
1.5027027027
1.5076633756
1.5079814867
1.5075907591
1.5103024575
1.5124491148
1.5090064467
1.5051673462
1.5045480387
1.4976858411
1.4948628523
1.5026510131
1.4968482454
1.4983063606
1.4961989676
1.4915714553
1.4885920979
1.4877867558
1.4919940421
1.4891203273
1.4886785449
1.4859579201
1.4907424551
1.4916149356
1.491756206
1.4978524743
1.4968729581
1.5001400168
1.5032655346
1.4957438934
1.4886752334
1.4830811554
1.4874219611
1.484156698
1.4839916081
1.4846301195
1.4829832125
1.4777869378
1.4769146207
1.4721410303
1.4712128146
1.4755295836
1.4854582038
1.4894162925
1.4911345889
1.4894440859
1.4861985921
1.4839988933
1.4838142804
1.4826086957
1.4768345061
1.4718219953
1.4750848857
1.4939120736
1.4900316751
1.4938813638
1.4795376154
1.4770077418
1.4732342007
1.472392638
1.4661402694
1.46567718
1.4536359426
1.4524753388
1.4384447277
1.4424352567
1.4231430381
1.4318988263
1.4202451203
1.4240742426
1.4400917431
1.4512542497
1.4397501837
1.4359820365
1.4275229358
1.4306953551
1.4333856523
1.4289408071
1.422285767
1.4125473529
1.4214645053
1.4185181742
1.4079375407
1.4116166325
1.4108873975
1.4178728173
1.4176404071
1.4204481265
1.4234285176
1.4232518476
1.4175471698
1.4238353815
1.4154809334
1.4117089807
1.4208222307
1.4280170374
1.4197820778
1.4267208775
1.432160804
1.4279241008
1.4359265569
1.4341968912
1.4385067273
1.4367172676
1.4420490318
1.4419024112
1.4421981777
1.4414158622
1.4341967929
1.4320824275
1.4358465608
1.4300111982
1.4259553396
1.4284515708
1.4284115288
1.431625918
1.4269255784
1.4253793874
1.4164975088
1.4215777695
1.4226334387
1.4205520328
1.4281705948
1.4399698199
1.4459920409
1.4591450728
1.4591740524
1.4537010977
1.4467926636
1.4433324066
1.4513084112
1.4550724638
1.4584702018
1.456084258
1.4536621824
1.4584626964
1.4672593442
1.4654974123
1.4679252552
1.4719775433
1.4716799692
1.4765100671
1.4724637681
1.468731849
1.4764659737
1.462841107
1.4542043487
1.4569306453
1.4671020567
1.4547554871
1.4522013179
1.4555395683
1.4492959078
1.4510008538
1.4504614805
1.4509476031
1.4534992515
1.4557530402
1.4456703134
1.443585496
1.44808491
1.447900323
1.4532827114
1.4386384545
1.4388786765
1.436537391
1.4401717379
1.4401569653
1.446820484
1.4450311145
1.4414405898
1.4366130558
1.4402801439
1.4399088665
1.4457169901
1.4420005738
1.4343560642
1.4405587669
1.4451901566
1.4439826003
1.4355513308
1.4283959947
1.4334727238
1.4228017323
1.4305712138
1.4381267739
1.4362592906
1.4373011417
1.4398763813
1.4381264637
1.4321875584
1.4270736686
1.4289971133
1.4173799777
1.4091922006
1.415800805
1.4188486537
1.424802601
1.4228703704
1.4292431087
1.4298713235
1.4315498155
1.4315176177
1.4433865397
1.4513986341
1.4545709217
1.4485859991
1.4478357381
1.4388251492
1.444045647
1.4396933875
1.4342699217
1.4371826825
1.4270756796
1.4307309429
1.4426962108
1.4406590338
1.4515465844
1.4558052434
1.4624309909
1.4713207547
1.4662225558
1.4632442001
1.4704617686
1.4718421298
1.4696096654
1.4764563559
1.4749768304
1.4739670187
1.4760584211
1.4616646914
1.4574080815
1.4617764834
1.4592943751
1.4618601691
1.459848692
1.4604166667
1.4637301013
1.4686791769
1.4640310497
1.4542183846
1.4546444122
1.4546769092
1.4541014742
1.4511285038
1.4550592525
1.4537079267
1.4526793824
1.4616581259
1.4572579169
1.4589690349
1.4581191957
1.4560454423
1.4524640014
1.4420076669
1.4450392577
1.4443749442
1.4454789615
1.4411473788
1.4386640401
1.4523163228
1.4523809524
1.4525999454
1.4640248356
1.4657434402
1.4747317252
1.4749308756
1.4700524427
1.4595561262
1.4673564692
1.4703568161
1.4740937386
1.4699653095
1.4687072971
1.4790940767
1.4791762014
1.4716244438
1.4729544833
1.4696804648
1.4776607337
1.4800181242
1.4827367467
1.484975034
1.4826059456
1.4787512406
1.4649681529
1.4592784426
1.4626014086
1.4579082764
1.4508363572
1.4544159544
1.4504985755
1.4481257772
1.441705825
1.4559672976
1.4676046241
1.4653287941
1.4631550706
1.4665830496
1.4646953405
1.4710943802
1.4659909309
1.4655662052
1.4739745529
1.4729055258
1.4788200378
1.4855308374
1.4821202817
1.4907869656
1.4985874419
1.4964087644
1.4870892019
1.4757482871
1.4826498423
1.4868648305
1.4816426435
1.4953075171
1.493678945
1.4994994084
1.5103416856
1.4950512867
1.4770469799
1.4848674785
1.4887231557
1.4814450505
1.4892924912
1.4895022624
1.4715806568
1.4763929088
1.474435411
1.4698209949
1.4727762803
1.4721399731
1.4760538117
1.4944103859
1.4882868383
1.493217919
1.4891643628
1.48316603
1.4836763662
1.4830780192
1.477010474
1.4798648769
1.4804503945
1.4841213202
1.4813532232
1.4724055981
1.4696020471
1.4786271728
1.4848699973
1.4752684387
1.4679655959
1.4612818262
1.459511681
1.4522643819
1.4559222621
1.4504449485
1.4520858789
1.448968892
1.4552369295
1.4589265187
1.4560861506
1.4539699288
1.45891076
1.4658055384
1.4733156028
1.4760173774
1.4747590841
1.4697103497
1.4749955666
1.4787414208
1.4784624989
1.4756531011
1.4788831949
1.4773709749
1.4704284588
1.4645731281
1.4706916249
1.471064204
1.4799154334
1.4821349801
1.4828225735
1.4865917338
1.4896441848
1.4810662901
1.4811254189
1.48
1.4790071297
1.4871817539
1.4855608382
1.4864508182
1.4820769636
1.4805160611
1.484527972
1.4855516637
1.4879613357
1.4935283688
1.497602983
1.4985757522
1.4932799288
1.4949683854
1.5001337018
1.4997324295
1.5031238843
1.5099337748
1.5080969849
1.5071684588
1.5070233515
1.5072737069
1.5013029023
1.4995514891
1.4996422822
1.5048997573
1.5012991667
1.5005825939
1.5000892857
1.5021006525
1.5075859592
1.5072411622
1.5111071139
1.5118244762
1.52728255
1.5242282843
1.5263157895
1.520908112
1.5225973562
1.5247400502
1.5225910352
1.5197886819
1.5144488049
1.5204573879
1.5169340463
1.5172107878
1.5214500975
1.52582911
1.5328506302
1.5346508093
1.5301473872
1.5297847638
1.5281049251
1.528529333
1.527264614
1.5235120907
1.5354711573
1.539442947
1.5355475763
1.5344176851
1.5330997934
1.5388432735
1.5373161267
1.5323948746
1.5351488284
1.5352914596
1.536138569
1.5378105378
1.5347209598
1.5238526297
1.5276997008
1.5354868062
1.5302452316
1.5308293925
1.5176406731
1.5211637814
1.5267938238
1.5152450091
1.512371975
1.5070905971
1.5165412852
1.5108646241
1.5144366518
1.5122640649
1.5145755277
1.5175695461
1.5180093484
1.5166041533
1.5170267301
1.5218867578
1.5267077319
1.515954023
1.5103764922
1.5232417327
1.5188600168
1.5057385462
1.5028026906
1.5174484053
1.516680684
1.5169230769
1.518438787
1.5175275033
1.5260499486
1.5302138788
1.5336343965
1.5379621789
1.5375
1.5437021638
1.545015163
1.5447456015
1.5455668536
1.5486489067
1.5496840896
1.5386887745
1.5446981424
1.5421559192
1.5412553905
1.5375562147
1.5385129331
1.5365410369
1.5315658974
1.518115942
1.5017431452
1.5128036151
1.5217925688
1.5219645551
1.528709494
1.5311487902
1.5302032637
1.5308124583
1.5298415409
1.5275911027
1.523381295
1.5295467585
1.5392166298
1.5439443693
1.5354776764
1.5398477402
1.5383121297
1.5342240294
1.5343976778
1.5331531705
1.5265294288
1.5149001832
1.5027831094
1.5091681143
1.499568759
1.5012442573
1.5035460993
1.5183352736
1.5191637631
1.5165588491
1.5174004999
1.5153238242
1.5096144555
1.5158310076
1.5211048434
1.5354977508
1.5231755903
1.5248435055
1.5267987894
1.5212415131
1.5214527845
1.523227621
1.5145528142
1.510428737
1.5123356053
1.5149520952
1.5350911586
1.5352334152
1.5323055774
1.532345679
1.5336818227
1.5308010234
1.5365010372
1.5340976478
1.5388724036
1.5483454238
1.5496866607
1.5374374374
1.5342603789
1.5285109813
1.5322433228
1.5365456948
1.5369468128
1.5399614096
1.5448339107
1.5506316218
1.3495413661
1.3029416824
1.3290305585
1.326214442
1.3056515728
1.3070297547
1.3186407937
1.3553659632
1.3746043231
1.374479261
1.3903723552
1.3812764392
1.3940996382
1.3981370469
1.4027867491
1.4120904476
1.4094524602
1.4048564306
1.4139560745
1.4155361457
1.4296344526
1.4337584955
1.4304481506
1.4349897254
1.4564088032
1.4636760243
1.4482791048
1.4715741358
1.4669323465
1.4704655352
1.4702290076
1.4714571619
1.4727202992
1.4776176753
1.470848993
1.4829097283
1.4798545597
1.4890683474
1.5060853951
1.5048435923
1.4943187531
1.4792085175
1.4935078007
1.4834104162
1.4634097905
1.4602261456
1.4596860681
1.4455301858
1.4226241746
1.4304113802
1.4300878124
1.4292575161
1.4353260343
1.4440120634
1.4310943833
1.4233387669
1.4180866254
1.4254101488
1.4310627228
1.4375060229
1.4385862136
1.4355407524
1.4320023431
1.4365403304
1.4367414312
1.4305848514
1.4239824612
1.4235103132
1.425304878
1.4534287649
1.4363133289
1.4489776419
1.4510755759
1.4627065228
1.4498639902
1.4385964912
1.4132772324
1.414554298
1.4059927865
1.3978159126
1.4024154144
1.4366747257
1.455853499
1.4566366756
1.4434360103
1.440270542
1.4471171502
1.4473173885
1.4515494804
1.4572633552
1.4640388567
1.4595155057
1.4626950355
1.4618744659
1.4569309755
1.4454940487
1.438895694
1.4382990814
1.4328358209
1.4326168224
1.4350219237
1.4355263158
1.4272261072
1.4309654595
1.4445272473
1.4508849143
1.4412118966
1.4549019608
1.4586248717
1.456229736
1.4650110783
1.4609720177
1.4571060383
1.4695709077
1.4671655753
1.4736398539
1.4717987092
1.457854761
1.4705882353
1.4777630583
1.4744946155
1.4692126355
1.471596797
1.4648181559
1.4531412868
1.455398616
1.4579527262
1.4718162839
1.4737588652
1.4882392153
1.4954488838
1.5005761475
1.5010597303
1.4897607656
1.4987025469
1.4843555641
1.4928289537
1.495437518
1.5028422777
1.5035611165
1.5126662137
1.5089328827
1.5086123476
1.5199844403
1.5312530664
1.5225445991
1.520133569
1.5325275157
1.5401582591
1.5185868194
1.5259092687
1.5276259274
1.5226606759
1.5292106292
1.516967229
1.5088529638
1.4884888678
1.4774732495
1.4867860188
1.4687974203
1.4855848038
1.4804232804
1.4838522529
1.4747785907
1.4838146928
1.4872769816
1.4787896478
1.4912674407
1.5064680517
1.5012702756
1.501848249
1.5030196766
1.4925503096
1.4957140074
1.4985481998
1.508749757
1.4986053669
1.5018403719
1.4965926791
1.492567964
1.4848101266
1.4854654008
1.4792214112
1.4713703416
1.4754290172
1.4798280746
1.4747768723
1.478392352
1.4745303118
1.4908029197
1.4818216979
1.4712996736
1.4755500048
1.4605805154
1.4705042816
1.4717895137
1.468859941
1.4803865289
1.4769274864
1.4778905054
1.4937864078
1.5014189255
1.5102221349
1.5091213884
1.5061437138
1.5159500693
1.5247778875
1.5209072978
1.5282513878
1.5283412888
1.5168528121
1.512572923
1.515239623
1.5218573731
1.527950935
1.5234375
1.5344096872
1.5357359176
1.5449284191
1.5503923367
1.5528372754
1.5485120261
1.5424143556
1.5309833401
1.5434027778
1.5461522718
1.5490014412
1.5449034114
1.551940698
1.5286650287
1.5072362511
1.5109065439
1.5083625438
1.4888403928
1.4946787544
1.4998022543
1.4961651917
1.4905994685
1.4927622447
1.4799369023
1.4839577521
1.4819936331
1.477613422
1.4619709973
1.4788788391
1.4739804483
1.473273392
1.4701581028
1.4685113557
1.4673396675
1.4729581126
1.4769153731
1.474566068
1.4790678906
1.4768686869
1.460306337
1.4480351087
1.4557088582
1.4473314607
1.4560926485
1.4495172969
1.4264162254
1.4339432938
1.4197778
1.4208575436
1.4357756443
1.4509744214
1.4469727753
1.4625968202
1.452463355
1.4571080917
1.4536999182
1.4670133578
1.4672640261
1.4658154032
1.4517316879
1.436042473
1.4270864271
1.4067599068
1.415542522
1.4060889019
1.4133385412
1.4252862219
1.4140385566
1.4199821411
1.4237910833
1.4208494208
1.4143784324
1.3897364771
1.3731019523
1.3797843932
1.3842777334
1.3865856089
1.3950814756
1.4025727962
1.4022008526
1.4131558029
1.4195087998
1.4157627625
1.4155637377
1.4045816537
1.4137220259
1.4130134281
1.3959175624
1.3954338802
1.3992652746
1.4027105518
1.3954637976
1.3824015557
1.3762434172
1.3825680023
1.3811339198
1.3869836321
1.3931342126
1.3874481828
1.3801898552
1.3623299483
1.3679670277
1.3530760413
1.3495080714
1.3442904921
1.3460144928
1.3585463564
1.3620195066
1.3731055121
1.3691489362
1.3744204019
1.374903698
1.381180989
1.3929297821
1.3938332847
1.407907614
1.4127742565
1.4198228021
1.4133812391
1.4121118313
1.4033774707
1.4004770992
1.3869155319
1.3857702974
1.4019740662
1.4014923927
1.3974184783
1.4075085324
1.404972322
1.4016862099
1.4025187933
1.4076209086
1.4137931034
1.4352097456
1.4470401901
1.4388382236
1.4340594059
1.4518562636
1.4557438795
1.4510347559
1.4516512943
1.4537598093
1.4414101291
1.4260852368
1.4291654292
1.4204089619
1.4024827854
1.4061080506
1.3934803452
1.3947926712
1.3792207792
1.3732870102
1.3626119619
1.3678316277
1.370288034
1.3739681321
1.4116176188
1.4095366276
1.4091998083
1.4203510118
1.3355984856
1.2913124206
1.3076319404
1.3202665621
1.2965894655
1.2934073425
1.2910556473
1.2742092932
1.2639390685
1.2617836886
1.274004914
1.2742458485
1.3087612102
1.2965110565
1.3064927423
1.296635183
1.3027414759
1.2933057281
1.3016484059
1.3039186655
1.2953849195
1.2954343753
1.3042183623
1.3043305522
1.2889085025
1.2833996313
1.2776971456
1.2867342016
1.294637653
1.2771881998
1.2809990206
1.2817538341
1.2785257985
1.2695236236
1.2622871046
1.2589885998
1.2526756178
1.255151165
1.2536608863
1.2581880866
1.2546100653
1.2628390075
1.2686868687
1.2789371981
1.2768202943
1.2801946472
1.2805677925
1.2862479111
1.2911180979
1.2999412456
1.3043520878
1.3048123101
1.303993005
1.2927018634
1.2941691813
1.2954678648
1.2958171206
1.2875816993
1.2830188679
1.2852003112
1.2804818333
1.2787142297
1.2707782673
1.26716141
1.2661118638
1.2580269667
1.2572175935
1.2641747573
1.2641142746
1.2541799555
1.2606920684
1.2514847629
1.2481379851
1.2440499415
1.238734326
1.220491723
1.2172844361
1.2016208737
1.2085640823
1.2093000296
1.2083539543
1.2050978068
1.2159248269
1.2144835774
1.2165725047
1.2173696777
1.213455232
1.2120429253
1.2147044213
1.2098618153
1.2070471464
1.2108129518
1.1934068078
1.1962062257
1.211976631
1.2127680217
1.2096742735
1.2097246632
1.2204639277
1.2387160494
1.242334615
1.2463103311
1.24497148
1.2466947115
1.2511571745
1.2477249747
1.2612958658
1.2548246944
1.2668225249
1.2673921888
1.2626457172
1.2596914958
1.2653702016
1.2721905537
1.2745137763
1.2810259517
1.28070882
1.280214228
1.269978837
1.2779585197
1.2814060112
1.2860905683
1.2841518987
1.2830150551
1.2820486397
1.2817435897
1.2704859335
1.2704842192
1.2668444262
1.2610968734
1.2607355661
1.2621468927
1.2614150555
1.2606454274
1.2520225294
1.2568723274
1.2576517556
1.2569202379
1.2597933927
1.2547236536
1.249847592
1.2353060603
1.2360475755
1.2349177331
1.229124647
1.2309864838
1.22009908
1.2415279727
1.23507575
1.2421243942
1.239774897
1.2478247825
1.2514485514
1.2610783235
1.2588482304
1.2536746325
1.2424332935
1.2455410226
1.2556891583
1.2445986125
1.2407774693
1.2379392496
1.2459621137
1.2464704713
1.253054276
1.2537882589
1.2578211448
1.256929745
1.2539027092
1.2469506099
1.2472935044
1.2498494883
1.2571630347
1.2584497065
1.2642346065
1.2550085573
1.2545308095
1.2455612398
1.2409590007
1.24303233
1.2393084622
1.2382302319
1.2365275527
1.2338071066
1.2327795786
1.2293160925
1.2320008056
1.2266814561
1.2307769929
1.2318739404
1.2352003189
1.2331435421
1.2393722686
1.2362555721
1.2426769933
1.2375953253
1.2378559464
1.232691358
1.2374115066
1.2460047942
1.2542
1.250726817
1.2460659517
1.2552099064
1.2532141422
1.2481104505
1.2517891342
1.2583669355
1.2576520338
1.2578894472
1.2582362395
1.2622605556
1.2731624614
1.2764576677
1.2777833151
1.277783325
1.274122807
1.2739359063
1.2777335192
1.2822781036
1.2868925768
1.2854299363
1.2838549429
1.2807696122
1.2767786561
1.2792970678
1.2915044424
1.3043828715
1.3054574801
1.2964156263
1.2896213184
1.2862979571
1.2752764613
1.2696232339
1.2704341025
1.2690508673
1.2661023545
1.2648606509
1.2636310338
1.2593780369
1.2470519443
1.2531484917
1.2529509316
1.2479426856
1.2518216263
1.2426697531
1.2477312222
1.2401578593
1.2465766635
1.2525897957
1.2349747964
1.2261316274
1.2350033918
1.2376668601
1.2440760605
1.2456157443
1.2419842121
1.2320679223
1.2328593689
1.2313599689
1.2328647601
1.2363230007
1.2303397825
1.2414554531
1.2424909126
1.2475304498
1.2493491467
1.2477799228
1.2469362154
1.2482194418
1.2422402159
1.2442512077
1.2409696736
1.243876567
1.251379878
1.2616957654
1.2572198691
1.2444910808
1.2445102158
1.2341417023
1.2277930186
1.2327055929
1.238294235
1.2503114518
1.2609031262
1.2711421099
1.2750120831
1.2749734582
1.282751938