189.4203393691
185.2816271793
184.9692908989
186.6350603906
183.4705228031
182.2081809112
178.2338850174
183.6918571911
187.088722487
188.0013634814
188.6415525114
188.8063963449
187.8203674303
185.8126410835
188.3524991461
189.6322602818
188.6940680861
188.9534221615
190.6000693722
191.8179702048
191.3215449046
188.5963903897
183.9251708301
185.2828054299
183.5648666816
184.7154655504
187.5945017182
186.3004330978
186.2159688858
186.1859452023
186.3703872958
188.2666049526
193.6506052694
194.3050766853
195.6802680388
196.9542531246
196.729254997
195.081570997
194.1833636916
192.6525230732
191.1789247825
192.9837164751
193.9233817701
196.3963963964
198.3703703704
197.2754050074
195.9663660736
196.0150193798
194.7784431138
195.0184721726
193.8041543027
191.4181303784
191.3089497824
192.9036073329
191.600093985
190.734450041
192.687255946
193.7115839244
193.6702881436
192.3767876138
195.1275264678
194.0957190957
193.8537406784
191.905384524
194.1155147414
193.1429260063
194.9963476991
192.1954161641
193.4861717613
194.8829877531
194.651500484
194.2365539646
193.2599066204
191.4390881026
191.8056217246
190.2663209993
189.1685287546
191.7221693625
192.467967908
192.6540850454
192.3874195854
192.1168753727
194.5159350571
192.1876860784
191.5098833055
191.7123777725
193.5033686237
196.49631509
197.1569690399
197.7576853526
197.2349673992
196.1895574581
196.0096735187
195.636934977
197.1032132425
198.6252608322
200.1235941169
199.7412837255
201.1805641854
200.0995024876
198.7344913151
196.7972406997
195.8323148374
195.2171253823
192.151197785
194.8405938184
194.7272506378
194.615477484
194.8979591837
195.032187538
196.5888250397
193.2592413626
191.2763675366
190.2723272684
190.466000951
190.6699693324
193.5744424352
191.5372577344
191.0546592824
190.3164179104
191.8473025048
194.6775969656
193.3690229955
192.5253017925
193.6235064618
193.1365403304
192.1445023639
190.6507014998
190.8331315088
190.2875090602
191.0949788264
192.6927784578
190.7393850659
190.6479217604
191.0661764706
189.9216262552
190.1453168885
188.7407586959
188.785610816
189.4252873563
189.0986085904
186.3034743559
187.0227191626
186.6414469795
185.0718374022
184.2528869707
185.7677027343
185.3249475891
185.362739408
186.7628390075
185.7306459001
185.0669412976
187.139561707
185.3549788499
185.0537880522
184.8380427292
184.5206583036
185.66670495
185.7142857143
185.6698178464
186.113041464
183.4670027498
182.7429092152
179.3307967771
180.5695142379
179.6461161807
179.0266770845
176.9247836698
176.1910049972
177.0800803034
176.8802228412
176.0491639907
176.5770707625
175.1529051988
175.3792426061
176.5294894366
176.297027531
178.1783891724
180.144524736
175.954280785
176.0491411176
171.5779366265
169.916375569
168.6381241495
170.9745316775
173.975981128
172.1231422505
171.1379129523
170.4772822009
169.8475261902
171.0282321075
174.2959983062
175.7188498403
176.0329693856
175.0664540138
173.9728906168
175.8975993202
175.8672057885
178.0298956877
177.1201886995
177.6092102432
176.5604959384
175.8013160688
176.0055330921
178.6381699066
175.8729823821
176.0037938666
176.164874552
177.5373134328
177.8366914104
175.4629139774
175.2660975867
173.2438666387
172.0546801628
171.8638369405
171.0523576559
170.639625585
171.2278876171
172.6767358926
170.1498794676
171.6330858961
169.8801513877
170.2109793219
170.1401966939
170.3420058749
170.0852900916
169.8910081744
171.159343568
171.60806673
171.266680788
172.2021276596
169.5665829146
169.3013555787
168.206094879
168.6325678497
163.6446979729
164.4278096801
163.0810092961
163.9441822286
164.1844700082
164.4455852156
166.6632369585
166.1686451085
167.5517134918
166.5539848392
165.8384458078
167.4914939685
166.8633540373
166.5733250363
165.9001856053
165.2792087369
164.4020903781
164.7028793139
163.2215447154
164.8392036753
166.303005352
165.4125345057
165.5458739108
165.4812998161
165.4232424677
165.6586365966
165.7096479659
169.2101187403
171.241149521
173.1663685152
172.5271252502
172.2514189615
174.4198368125
174.2037879589
174.7638756235
173.0362058014
171.1558632263
173.1452124287
173.2413647852
174.6625896246
172.632129775
174.2058047493
174.8939779474
172.9704016913
171.9739194447
174.0010712373
173.3168688929
173.7432578209
173.9723063609
171.8037021093
170.511308822
173.2268925817
176.2748960385
175.5113141862
175.4257641921
173.0359085963
173.1431060771
174.3584143278
175.7085020243
177.501381979
177.4386860504
177.9928793947
178.9858281665
178.1392250472
177.8976640712
175.620792407
175.0164437623
174.2803573398
170.3493356194
170.225142734
170.7272334916
169.1323513601
167.2966659588
169.9914291836
168.2916444918
167.7975114325
166.4309835374
166.8361402394
166.3848673782
165.9603626397
167.7054429029
166.8473639456
167.9414592458
169.1689869351
170.3604376743
170.065191835
169.2471970101
168.0249788315
167.818642993
167.9603459186
163.6615953947
167.5086468924
168.4858044164
166.1982170949
165.4688318491
166.5367189969
168.5683874401
169.7368421053
167.8941798942
168.007622274
166.1114602975
165.7220537488
165.3781688665
165.6181189053
167.0404061773
167.0157621919
166.9946048873
168.1170212766
167.7364505845
167.7738741616
168.3544303797
169.0375203915
169.0922893396
169.844039699
166.6558581928
166.1707211121
166.8664850136
167.416958042
165.7067776196
163.0522088353
164.4352826299
164.749617319
164.3718482789
163.1107224833
160.9607651342
159.0841001498
159.8049721389
157.0394036209
162.2983207112
157.6951992267
159.1342547948
159.5762893216
159.3543575538
161.3198406718
161.8122626153
162.7929582028
162.9506437768
161.5685859441
160.5626382889
159.8220904374
161.3023952096
161.6198311785
161.3961941415
160.1130184455
160.9519752955
161.3321983401
160.1270513499
159.765625
158.1820101351
157.9409918393
157.4421284173
158.4786053883
158.3210448704
159.5755912162
159.9052132701
160.6506994489
159.8816317903
160.7574793125
161.5318784767
162.0526598603
163.4077910867
161.918013486
162.0863232302
162.9257216996
162.5040544924
161.5210600022
161.2965964344
161.6998269896
161.951695007
162.6965324144
165.3921568627
164.7769314472
165.6120445123
165.5236431146
165.0802314158
164.6904109589
163.9606126915
163.662187261
162.6525719268
161.969237435
163.0675646318
164.6956142265
163.1899174272
161.8477792152
162.915851272
163.0312228968
164.8056923919
164.118224452
162.6995330655
162.796002607
161.4809193409
161.9606564504
160.5719237435
158.7121617285
158.2861416818
157.3474404189
156.7092651757
154.4326617179
155.1081282625
154.3960734102
156.0636820173
154.3492063492
153.7419286546
152.8427739545
150.9933774834
150.6102090629
149.6181586763
149.9679555651
151.2589735348
151.2483857081
150.0482056776
149.8663530418
150.5616775436
150.3195568811
152.7768894574
157.4249946039
156.5081419174
157.1274878967
156.7332474227
157.5010761946
159.8464366822
159.6277348427
158.7197909863
159.2851677779
157.8131820166
157.1413031655
157.4211099021
156.25
157.2151626104
158.6214324179
157.1336206897
156.4526588846
155.9935205184
155.3065402435
156.5514251653
157.5872946807
157.7380952381
156.2560620757
155.2235574321
155.6506663777
157.7420406389
158.0592463516
158.0071950289
156.5476190476
156.2554112554
155.2594970573
153.3634214485
153.6023980302
152.5847275847
152.8470133219
154.1432887354
154.9967693302
154.6565711195
155.213321724
155.1002615519
155.1491399956
156.310466139
155.7914420856
155.5077737347
154.4260485651
155.8784235137
157.0084145261
156.0792951542
158.2768204558
157.04823932
160.1067971966
161.5153871792
159.9599822143
158.4398413398
159.4717064545
160.7594936709
161.4225570574
161.2256267409
162.9126431619
164.3561030235
166.1001688239
165.0505050505
164.5835674947
166.3282571912
165.2227583885
166.6892425782
167.0355731225
167.9118882707
170.6782370404
170.3326854922
170.8843381764
170.8857862211
171.3975297347
170.8688245315
173.2669829881
174.7494756467
173.5314604133
174.0212691364
173.7166802468
176.4491046183
175.2785020147
175.9371652981
172.8342749529
174.8693586698
174.1939293729
172.0646824467
170.3863160344
171.6086855008
172.1371347785
170.7778556412
171.0217951723
170.2860478692
169.245020843
170.1946613824
170.9118224893
169.8218005091
169.212246302
167.3321858864
169.9139734945
168.5690943044
170.1327693573
170.3651520488
169.7476045805
169.6997905515
167.3210161663
167.7740479222
167.6026920399
166.8363215732
167.9645605036
168.8816097333
168.0523390459
168.3088749126
167.6159479251
169.5728702183
170.7374354157
174.9107355392
175.1400309856
174.2456640532
174.9610077984
175.8447160316
175.3524492234
176.3855421687
173.4554597701
175.0786734447
176.1037055155
175.5044291339
175.0307351856
174.4228655185
176.1229022705
175.5404570723
175.2884851461
175.8181149651
174.7005622097
175.6178125765
176.8298714144
179.2445679636
179.7946507796
179.7439759036
179.4463927856
176.847718254
178.2081425566
181.2961341174
178.2516786869
179.2488145745
177.8423133959
178.2290114257
178.7109618017
176.007890519
174.7954573208
173.9025275124
176.8410733979
174.1728275361
175.8068459658
175.8245785487
177.1410967344
177.8411203371
176.553428042
175.1677033785
174.2084192648
173.7346765384
174.4781553398
174.2431581497
173.1725057583
173.6591325596
174.3989205103
173.8821511699
174.9136655155
175.7650542942
176.538176427
175.4164625184
177.1548530501
176.5391219034
175.0460744563
171.121259464
169.3211801391
171.6095559846
172.1118914992
170.7897583844
171.6726835138
169.066634879
169.0683526184
168.4794275492
169.4972335819
167.3236389857
167.0072115385
166.8682714407
167.4549000488
167.6073470381
169.6336996337
169.9502608274
172.7719729564
172.9996301319
171.7514124294
173.0816831683
176.4229667455
175.8466135458
175.1393534002
175.4333828628
176.4486446158
175.4959451029
176.0004986909
175.8316782522
174.9004975124
175.2147392008
176.012069399
177.8533635677
176.287110109
176.8083239313
175.3295200199
174.0901213172
174.9718855429
175.7279116466
175.3152703209
175.6381660471
176.0606808091
175.8116084604
176.6799402688
176.5785882645
176.5047583735
176.7108031184
176.0405088304
178.3908908909
178.144536134
178.4120653122
176.9820655535
176.4931371337
175.6843800322
175.2132525652
174.9660032142
173.9697634723
174.1545598828
174.1915727585
173.9617586165
172.0980274955
174.2323901264
174.3228602384
174.423378819
173.1993299833
174.8645720477
173.4652278177
173.3213213213
173.2549772128
174.2287840595
174.3753003364
174.0391501552
172.7488714659
172.7229545185
172.018129771
175.6153474903
176.1029856159
175.5670226809
176.5190026628
176.1222540592
175.3555635234
174.7920133111
172.1544238442
172.5365393682
171.9028625059
172.9624838292
170.4069767442
169.3401725344
171.6652955694
172.6877423904
173.8224211022
176.490304046
175.824964132
177.5961538462
177.0169082126
178.0190614067
177.8607564442
178.4018319875
176.4325101894
175.0540475619
174.5997351631
175.0607090821
175.7873062016
174.9576988156
175.691411936
175.5396555906
174.9424730532
174.2181818182
174.1244183199
174.7974465996
175.3592924702
175.8048660605
176
177.253323576
177.4484693255
178.4008815967
178.3780487805
177.6749847839
177.4209245742
176.6210156345
176.9696236234
174.6966238135
175.3007699711
175.3886947089
175.3771289538
175.6047161784
175.1284560803
175.2148293641
174.1438778024
174.2552408974
174.2551095789
175.0867625186
175.2546583851
174.9720947538
175.533234127
175.3262743167
176.3562051028
175.9693751544
176.7741935484
176.4275074479
175.6984974544
177.9813084112
179.5782603238
180.8089717742
181.1917359536
182.137904954
181.9798234552
185.174344617
186.0859584237
186.2602249489
185.9284890427
185.8466289243
185.9401321757
187.3669176837
188.9092335862
189.9973815135
191.4383561644
189.9305100302
191.4680710994
191.4319557778
190.964332893
189.3336844878
189.2295597484
188.5845347313
191.3280212483
191.0966196433
191.0101946247
191.1049431668
191.2750791975
189.0942456416
189.5932382462
190.2532820581
190.746387379
190.4496617589
191.2449799197
191.8180594806
191.4893617021
189.5387925239
188.043768348
188.5554221689
188.2243487507
190.1952861953
188.3863243315
188.3037840699
189.5378432686
188.9468056669
188.5278780586
190.8943965517
189.9706588424
190.2109033028
190.6933333333
188.8888888889
189.8421959952
189.6084936961
191.4572192513
190.8799144156
191.3189319737
192.2591896968
190.7667603372
190.5076073785
190.0617781359
188.7288248633
189.524953296
188.3511833928
187.9693283977
186
181.851757514
183.0052746687
182.1905495634
182.6496388029
182.981479083
183.6650297234
183.7590299278
187.2323656903
188.0301228696
187.3620599054
188.5352001057
189.13101249
190.2360944378
189.8097645337
188.7475149105
189.2710131457
189.1823732413
192.3908690429
191.3379530917
190.5880791185
189.8888300688
188.8918136352
188.1068280489
187.9518072289
187.9576359833
189.3580636675
189.6806545263
190.088542355
188.8349514563
188.6565603764
188.2054616385
188.7744458931
188.2880540751
188.655899974
187.7688520342
187.2811534501
186.0905139351
186.682033551
187.4260735408
186.6998214741
187.3352948702
186.4542338454
186.538705987
187.6919140225
187.5757185204
187.4438310438
186.335799949
186.7391304348
186.233933162
185.9093809828
186.6769151934
183.6860670194
182.7836990596
181.0505401714
181.0304158908
182.116058029
181.8113772455
181.7592014972
182.048087704
181.815920398
180.8631319359
181.3913043478
180.8681672026
181.7256362508
181.4413741598
181.0002482005
181.636205396
182.1584529008
184.3773490353
184.8290598291
183.7162837163
183.2795431976
183.7995772722
185.4158895934
184.3571959376
185.0598839363
181.8556701031
183.0857282026
182.3400898167
183.0111658062
182.6851741055
182.6975965563
183.2236448486
183.577079837
182.5290384385
183.2032656982
183.2972061657
181.5792589085
182.6461901949
181.8470588235
182.0650901428
181.0965630115
182.9569266589
181.8350324374
182.7265325113
182.6264274062
182.8448974864
183.517377659
183.8994006346
183.7922987165
183.6321303842
185.9332303671
186.5262654062
188.9971139971
187.5089906497
185.7671200191
186.8180197314
187.3488928785
185.4347826087
184.7854825141
185.1004599371
183.0689738044
182.248661511
181.3898425477
181.1692885654
180.4577464789
180.9764705882
181.2692763938
181.5902067982
181.3107371415
182.1103117506
181.9040784595
182.4191616766
181.1820330969
182.4319505527
182.9196217494
183.3214877991
183.1245568424
182.9488230472
184.7179608213
185.2495859948
184.6728307255
185.2741762817
186.1680450677
186.5375360924
187.2823345743
189.2181973411
188.7951070336
187.512195122
188.5218025021
188.737698943
191.5494695287
192.2562259943
192.1928959053
192.0108161259
190.3064338909
190.872335212
191.0894704808
192.3897058824
192.3322683706
192.6407457378
193.0588090248
194.5052212829
193.1493223921
192.8721174004
193.620966745
193.6949236689
193.5355544505
193.3674105473
193.2296204107
194.0095047524
194.1272430669
192.729544035
193.7539116285
193.022676302
192.585220204
192.9654486701
192.9048207664
191.8462864885
191.466863396
191.6932124479
191.2990345839
190.2126099707
190.5789152956
189.7211058336
191.3011873031
190.4864605799
189.9629142242
189.9055136945
190.4899135447
190.1722269059
190.46758255
191.2227602906
193.5917818271
193.1689968114
193.2801961987
193.8958486858
190.8780070827
188.5672585746
189.0493086994
189.7909279863
190.6740196078
193.7998007968
195.6516321954
195.5785278366
196.3023110556
194.2955920484
194.7816432272
194.3323846059
194.7856172001
193.9739813451
191.1073623328
193.3713730727
193.6536828055
193.5608811426
192.9699746774
192.8365037322
191.6646562123
192.0375270628
192.0447707305
191.7877296194
192.2652596235
190.1421800948
191.202659385
191.270783848
191.3904899135
192.6063511084
191.5028006197
192.9697845191
191.6567625386
191.7602101744
191.9651384909
190.6443176415
189.6824459922
188.9950460014
189.932885906
190.6614785992
190.1393481342
191.0617167179
191.2899408284
191.1276069282
192.3004473746
194.1134583432
194.809976247
194.6690307329
196.8123209169
197.2655313025
197.3890025268
197.3901592242
197.1878380002
196.1897915169
195.8368427385
197.3330100618
196.1832061069
196.0194174757
195.290291496
193.9222529787
192.2013938957
189.3541096705
189.5205316876
188.3701690108
188.3477847725
187.0682541554
184.4884102084
185.1634829486
185.7126058326
186.149846372
185.9179825595
186.7303609342
187.8208885242
187.9160806376
186.6713270418
186.5252360415
187.9990633415
188.8758782201
190.0804924242
187.3889875666
186.1381438405
186.0777553204
188.1482372759
188.2692307692
190.2287661231
190.3151793262
188.8434719885
189.0476762339
187.6214465635
188.744900408
186.3904627007
186.4238410596
186.6269368296
187.9392780301
187.1730261579
186.6875300915
186.0091192705
187.9975947084
187.9407194932
189.5828309621
189.3248284992
188.6631401779
189.0623124025
188.1388390186
188.0775676323
188.232457198
189.0540702554
190.8093113014
191.2881965249
191.0763680096
191.5442062154
191.1023054755
190.9340331624
191.0815939279
190.8236134254
190.4101469891
190.2064896755
185.662748749
187.1348445899
188.0904934943
188.223599579
187.4927147686
187.705868708
188.3780332056
188.3526682135
190.8560765104
191.6900093371
192.3212192263
191.928671985
191.4736842105
191.5537383178
192.0079569389
194.0799620358
195.5781508631
195.7228195938
194.0590537175
193.6263998094
193.7818915391
195.5631399317
197.4703087886
194.2246368253
194.7306377461
196.359995288
196.2806026365
195.6909709992
197.8225047081
198.948239187
198.3926249852
198.7803433985
196.6607460036
196.2719040339
195.6624233852
197.143864598
198.4494274809
197.1380672973
198.486850006
198.4960611124
197.2713251869
197.4013701866
196.7067988669
194.7673045122
193.2087079981
192.2261484099
192.1501706485
192.254267216
190.6154568945
187.1830985916
188.0420654614
189.2755344418
188.2122971212
189.6327014218
190.8819668218
191.0559448866
191.9623719933
192.3570664448
194.1014925373
194.5276014849
194.7539405607
193.6152270811
192.646353167
193.9667630058
192.0771904591
193.5320990623
191.8321245987
191.3949059748
190.4733727811
189.6943852168
191.4660309893
190.7215265355
190.061963775
189.6572315777
188.7041216296
187.8787878788
185.7613556131
185.3429008352
184.5828437133
184.6695621552
185.2771566435
185.1026392962
183.7863058439
182.9700431286
182.8163123039
182.3938761308
184.5498073105
185.9332943242
185.2927455097
185.6293012948
186.429157389
186.4200421447
188.4299460221
188.1103286385
184.6314810509
186.0788863109
186.16359447
186.2916998748
185.039722502
185.3614929042
184.6299598752
186.2173376696
185.5352947757
184.8733896046
185.4401428093
184.5974975086
184.8904139916
184.1241685144
185.3877732165
182.6101285291
181.982475356
181.6306483301
180.9409975008
181.2983335149
182.4144693833
182.7854481701
183.6564793515
183.1107705779
184.5525764096
183.3004818222
184.5096541944
185.698618118
185.4180309976
183.9370932755
183.6947094536
183.8723634397
184.4096542727
186.8209366391
186.6029771162
184.5285087719
184.3396018916
183.6970899471
182.6395717251
180.7717250324
181.0834330469
182.1354789605
182.5969244098
182.6614651062
184.264513313
184.0498105035
185.4849279161
185.3533703583
185.6069678824
185.4237288136
185.8143607706
186.6201025865
187.2214941022
188.56516977
188.5698630137
188.324265506
186.7993940705
186.2564878893
186.1931450744
185.8092175777
186.8553661413
189.0960329504
188.572972973
188.3455407152
187.649145437
188.5330467491
189.3585067582
190.7505114676
190.7491364421
189.4883920894
189.4832957353
190.4506437768
190.2606457149
189.860664523
189.627887083
190.4216609589
191.8459552496
192.1869962386
191.7138885919
191.8434450573
193.6186026757
193.0035035566
194.7541679941
196.5932077079
197.1151799021
195.8643419094
195.112901516
193.1041799279
191.8153648894
191.2992168222
195.2181837676
195.6414912937
195.4699766603
193.3453619189
192.8450106157
192.891095384
193.8984482213
192.3991507431
192.868479526
191.7317845829
193.8792739553
193.4289631895
194.0878378378
194.7379521249
196.2493396725
197.4340021119
198.5126582278
199.3256059009
198.6815736737
199.3674222457
201.5020097313
201.8305661984
202.8598971722
202.6850032744
202.3069424889
204.3995243757
204.1961852861
204.3606880684
203.7566888719
203.6492374728
202.1693646074
200.8370965965
201.9844789357
205.9901654001
206.6711514744
204.4004889432
200.0554139421
200.0999333777
199.4017283404
197.3831161721
197.1795709463
196.3659961064
195.9739427595
195.7576405215
197.4679487179
197.6317473864
194.4468039924
191.8881711321
192.2017376563
191.5831663327
193.1558935361
191.6684024162
192.5534121552
191.252090301
191.1835875855
195.1496497559
193.7414536657
194.5997661316
195.0468683426
193.5103244838
194.1220476649
194.4166847708
193.3340559289
193.7878133103
196.1175577486
194.2987210059
194.3757522705
194.1040843215
193.5480349345
193.6964305088
195.7644741162
194.7189284146
195.5146572625
195.9818964566
195.9181415929
196.4839028678
194.7865754317
196.7444919434
200.6518318723
202.188532999
199.1378332388
200.9281267685
201.4539210074
200.9942857143
202.1937842779
201.9301050708
200.822349893
200.5202442886
200.7176496972
202.3011844332
203.8210833895
202.6265787415
203.5714285714
202.3512528977
200.4706139871
202.7259684362
202.0847121112
203.8167091978
204.3995111654
201.7970633355
201.4822134387
201.1210023079
201.4421501147
200.1872040524
201.7473567056
200.1094091904
201.2988442488
200.9419496166
199.7065855249
199.1302457056
198.8420362683
197.4267100977
195.6847628226
196.2491916361
197.3940311419
195.4673301601
198.4034991799
196.8070137461
198.6347383248
199.2264952609
201.4760551061
201.1493006614
202.0121818577
200.8762440502
202.0036824434
202.6979792463
202.3202614379
203.5054945055
203.3601565898
202.5213721459
200.6057328286
201.803783546
202.4347444615
201.8487949818
202.5203609949
202.108534014
203.8921820825
203.4957983193
202.4640428141
202.5936599424
201.8013040115
203.263169618
203.647518126
203.296945639
203.5512777962
203.5148020845
202.5138427464
202.3981347841
203.7942477876
203.6409915892
201.1659883401
199.6607572773
200.1749398644
198.9069843699
198.5546917771
196.3178082192
198.2572247959
196.8403730115
196.166064191
197.2649384886
196.4289602613
196.5029598772
196.2849315069
196.4826899679
196.1669787422
193.9761670493
195.3130121272
195.7189901207
196.7177242888
197.8090939117
197.1084337349
195.8870878818
196.4379658045
197.2047980632
196.3288634865
197.3721825179
198.1763925729
198.851590106
199.6124889283
201.2245352332
201.7936720143
199.3793638479
199.1864555849
198.5534452297
197.7711244178
198.2224197311
198.0060153726
198.0773505223
196.5626710454
196.4047645066
196.1272627537
196.4536671058
196.8756851568
197.0273224044
196.642239965
195.5141402102
196.8266002383
196.412845022
196.2612806188
196.5844807343
195.6697952218
195.3701728184
194.1401273885
194.4679949131
195.0612027674
195.4917597023
195.9859827971
195.5220713073
195.9077931691
195.8504909724
196.375739645
197.621088727
196.5656996587
196.000422119
194.5006321113
195.3113475925
193.1572379368
192.9568660138
191.1335116231
191.8413714758
193.600082713
193.6387030365
193.6595875654
194.4923076923
194.7508988187
196.8559942274
198.4586929716
198.1943871234
198.5154090304
199.6096558808
199.8561298942
201.6371220021
201.100859719
201.8438520704
201.466122107
203.4122121276
202.5328330206
201.8913270637
202.40625
202.6321265085
201.1067028607
199.2401373998
199.1906194874
199.1396289002
199.4955733992
199.1954615781
199.5418098511
198.3925811437
196.3714637146
195.703125
196.361171932
195.885286783
196.6946484785
196.070190186
195.2266805628
193.9196861774
193.7065083913
193.1582726433
190.6326530612
189.9489795918
191.4335485193
191.7614509683
193.3636551582
193.0148947098
192.8505392912
194.3280158482
193.9269171384
194.6657036731
195.1158940397
194.9772162386
195.1679800912
195.7696705124
196.6321514486
195.1599501454
194.7467757156
195.9763438589
196.5396825397
197.635883905
197.263602747
198.592289106
197.6322102848
198.3444057788
199.7048281678
200.0845397865
200.2321409729
198.8639916623
200.1679084899
201.5807777427
201.6719242902
200.9193480986
200.3131850924
200.2513615417
200.662112454
201.1607236223
201.5250315524
201.7580577648
199.9066293184
200.1353179973
200.2079002079
201.0405717889
199.7912753079
200.7296226808
201.2450303411
201.1627906977
199.6211323932
199.4955863808
198.4404837683
198.7775061125
198.8190233004
200.2145922747
201.6888984509
201.9641515509
202.4442538593
202.1952006887
202.9676161594
203.4019501625
204.3638732089
203.6225596529
203.9549246939
203.8461538462
204.0255383617
203.2230339493
203.5381951958
203.7479806139
204.4790547798
204.9657534247
204.8676345004
204.2273116438
202.668926075
201.8592858652
201.9730561154
201.8663838812
202.0868644068
200.1257202724
198.8445378151
198.7915090374
199.0884325231
198.9981214778
198.3025984912
198.806380057
198.7012987013
197.7714406422
199.0927526951
198.5714285714
196.5974748556
197.0859224341
196.6409927257
197.4830590513
197.5852734164
197.0461405778
196.5280017199
197.3814655172
196.6094374258
196.7839412907
196.8577907353
196.8567725211
196.4967462039
196.8049388065
195.48791019
194.8572650486
195.5863539446
196.0847240051
195.7554266065
196.7433782023
197.8399122807
197.5825858674
199.1153342071
198.6918129292
198.8353107652
199.4857768053
197.8864079775
198.3322432963
197.6936466493
198.745910578
199.7595628415
199.6043521266
199.3267108168
198.735581189
197.6445635186
196.1731563093
196.0657203532
197.1851519569
195.2039444195
194.7539878679
196.6640546289
197.1469804618
196.893574072
197.317620651
196.7680395017
195.6307967371
196.2185348233
196.0875481969
193.4996137292
193.4046345811
194.7456492637
195.4326113792
195.5994611585
197.1960520413
197.4957888827
198.4755072301
197.2933838271
197.4666666667
197.9333333333
198.9795918367
199.8545210385
199.9663790205
198.3746130031
198.6370630908
198.8724685276
197.7041653001
197.9835616438
198.3192354169
198.3202563819
198.3000331162
197.4983541804
197.6402151246
198.2373030737
198.3503794127
198.2974516696
198.6946902655
198.7630933809
199.6568139046
201.2658227848
202.2607550483
201.3221153846
201.9627192982
202.6089828269
203.0169079456
201.888657077
200.6170118995
201.8606711707
201.1352364157
199.7679045093
201.0142666072
200.8245125348
201.4296883726
201.4815639969
199.9553521598
199.5733692601
199.5620437956
200.3175323203
199.8303359348
199.34403981
200.4541841717
200.50279968
201.0972682592
200.8999772158
201.2250453721
200.6037821827
200.3427787934
199.8970016022
200.3887046988
201.228331994
201.7094017094
201.6417910448
202.4534197431
203.408434431
204.4030971917
204.8574078368
204.1065866882
205.1125919118
205.5182007883
205.7798800185
205.167032713
205.9138533178
205.5853544776
207.2621132516
207.8024169893
206.8953282082
204.961787184
204.1241944933
204.5427798046
206.1968838527
205.2159546849
206.3435495367
206.3080218995
204.3783462225
204.0489194966
204.6392367323
204.5855169128
204.4603458557
204.4779665043
204.7687002022
204.9772672888
205.1107934239
205.4108934544
207.4721590229
208.845504941
209.118321071
210.468485873
210.4639922668
209.799177353
210.5971404542
211.487463838
212.4506637962
212.2598463016
207.3701450632
205.6922897469
205.2723059096
204.4315545244
205.2927400468
204.3294614572
202.9068409993
201.3830776383
201.3945380593
202.7068197797
202.2979024275
202.9571159284
202.7246992215
202.9803274826
202.7939464494
204.1869635815
203.7573930187
202.538593482
202.3005608332
202.1542339865
201.4487793749
201.1193603655
202.8666057561
203.0682601701
204.1473586654
203.0201729107
203.0428769018
203.5998615438
204.8159614723
204.9031962424
206.7537874407
207.4659844168
207.8925765216
207.8542034098
208.4014956766
209.6401179941
210.800568451
209.7296653567
207.6008088498
206.1178693752
206.4183177127
206.8297897613
205.1233842538
205.0965160075
203.9289495353
205.2134937485
204.7422437183
205.7494380693
206.3135493024
207.2828798859
206.5892391562
205.2341920375
203.8353601497
201.9628339141
203.0924252953
203.0763872765
203.3321722977
204.1341562828
205.5647058824
204.5465253239
204.5824007539
205.2021754552
205.4887486606
206.0393091126
205.0733998826
204.882629108
205.4613495498
203.5242290749
204.0958808471
204.6408062815
203.9934609995
204.2838648935
204.7585477617
203.7317784257
205.1354203306
204.4169611307
204.8373840554
204.3355657385
205.0212164074
206.2867215041
205.8630008225
206.0616760829
206.0326472676
206.3819691578
206.7732386027
207.3679222933
207.5719872023
207.7570869411
208.5620068308
209.1069537593
210.379241517
209.1689197132
208.3284594689
204.8213467705
205.3448275862
205.1490825688
205.4802324257
207.2143832499
206.786562606
208.6028827602
209.1817046873
209.8217327126
209.1645114135
207.4028584189
207.3979308043
205.9902740937
207.8169790518
208.7556586066
207.406998565
207.0980521624
208.048134246
209.4684385382
209.6547100235
210.5151413566
209.4257734253
210.5512343591
209.3036274071
209.1770011274
209.3141119495
210.9082764027
210.4157303371
210.1271520198
210.1974785228
209.7857621067
210.7915298381
210.6337149983
210.3881278539
209.9464509514
210.6579849212
211.73422386
212.3434088036
212.7172286799
212.7691421992
211.9912371728
211.7147123004
211.7154331612
212.5101732357
211.6627906977
211.8803816616
212.011627907
211.5612993364
210.3752759382
211.4367487121
211.2743972445
211.6231086658
212.1545044524
211.5039152464
210.9604648513
210.286562393
210.4926277289
211.8516807208
212.4408540104
213.6707388016
213.2294352004
214.5157498825
215.0058343057
216.010283978
216.0404792369
215.8963585434
215.8672452211
215.9682502626
215.3330249769
213.9316043149
214.1448876662
215.0573394495
215.0910965968
217.255669391
217.9835578899
219.3311113665
219.3396226415
219.7835099033
218.3383406517
219.8558474773
220.3287096398
219.8212835093
219.7569444444
218.7796688665
217.8153596664
219.6498956643
220.3219785348
220.3097705834
220.1188257223
221.3372434018
222.2026947862
221.1954614575
223.0886491557
223.2629107981
223.1408830074
221.1906696066
219.5037105751
219.8106591865
218.5512984744
218.1573716825
219.0526563235
220.969453945
220.491129127
221.8893197039
221.3990798632
221.6509433962
221.365509123
221.4846956726
221.5359515208
221.2988826816
221.5026208503
222.1493027071
221.9558063
220.9992929531
220.8874203446
221.8459729571
222.5680933852
222.4282508563
220.9740030585
222.4652323785
222.2076684925
222.0639291273
221.8783606166
221.8809751434
222.2634730539
221.5817055741
222.3370146063
222.248661511
222.0763864254
223.4931181775
223.3237890718
223.4712123018
223.6387465745
223.8816568047
223.1474947071
223.3180697429
222.7124183007
223.4901685393
223.5818096578
224.5303084013
224.4026496333
224.1780178488
224.4934024505
224.9056603774
224.7297932331
224.7103334122
223.099552836
222.9117508259
223.1560283688
222.8941176471
224.0699185071
224.0056650537
223.5603317369
222.6158671158
223.8961640978
224.8751596795
226.2228418729
226.5140067418
227.7430555556
228.1746946301
228.352180937
226.8766524888
226.5508113707
226.0824504836
227.5729736016
228.7048931449
230.0667369161
230.8460634548
230.9078064288
230.5775363175
229.9562596052
231.9377285057
232.5198436204
232.0350420268
232.6831588963
234.4418052257
232.6897866762
232.1581196581
233.4403233476
233.0197666111
233.0755502677
234.5175855513
233.3612540385
231.9613457409
229.2230933713
229.7604932416
231.2038140644
231.1214729794
234.2165482356
235.5964848923
236.5289654342
236.6509832308
237.7592860589
239.192139738
239.5269860522
240.3064947701
241.0935601458
238.0399274047
238.3843270045
238.1530984204
238.7277601755
238.6570976767
237.2506347479
237.3355858574
238.1633147565
235.758960789
236.9795427196
237.951443411
237.1774682011
237.2158054711
237.0266650432
235.920446277
236.9489068728
233.3373162863
232.5781063678
233.8161359828
234.8144589888
236.2569562061
237.7731908694
237.7269426289
236.8796039126
233.171194685
232.2244583876
230.1269990593
226.942823804
223.0742459397
224.5252242806
224.8050285182
226.0844079719
228.679602461
227.3176470588
225.1515151515
225.302889096
227.8065427159
226.8192968111
228.6773358437
229.4819319378
230.8544490277
231.9981094175
231.5553457635
232.3307383817
231.7222680655
229.5941045736
231.2396888994
231.4756025867
232.9370217775
234.8229141906
234.7309656729
233.9862298196
234.4111681184
233.9381640205
234.8934143146
236.0358208955
235.2892168531
236.6141732283
238.3924293244
238.6263540055
237.3298615221
237.0102970766
237.8368752226
237.3088322466
237.3383940221
237.6646493414
237.825567503
239.005988024
238.8922048466
239.439319516
239.0156062425
239.1963426372
239.3968520966
239.3328533717
238.5731414868
239.276300024
237.62911362
238.1324360053
238.3744732089
238.8574864702
238.7587539242
239.4398642095
239.3289728682
239.4432964629
240.0632065151
241.6271433783
240.9979361418
241.5824710895
241.331062173
241.1292285228
239.9441001337
241.084043849
241.9504455023
242.5770308123
241.8677986659
241.1252268603
239.0052039211
239.0240934534
239.8830551833
240.4895275207
241.4759515359
242.2982283465
244.2440711462
245.1904055391
245.3917334978
246.5504451039
246.4564007421
247.6267195439
247.3247460986
246.8156010862
244.7384539998
246.2532299742
247.4235700197
246.4076246334
246.8321917808
247.2651459406
247.0111697557
248.0207177211
248.6189889026
247.3954512106
248.0536912752
248.6774430566
248.4193823996
248.2447586543
250.3241590214
250.0060879094
250.1951695536
248.8312946591
249.7573404513
248.9857522338
246.77652153
244.4933920705
240.6079316077
240.0569192458
242.7396280401
240.7635760019
242.4708124851
242.0173047292
240.1443445338
239.7297617637
243.8270865765
240.3773137162
239.2785334122
238.1036931818
236.0675085566
233.7127434874
221.7898396322
226.4662169887
226.6803840878
226.5546410608
228.8423956777
231.8176559065
233.5655404621
233.6777339215
230.4627396946
232.614213198
233.8397309521
233.7815905402
233.7772116721
233.8868888631
233.156559834
233.3602584814
230.0442327322
229.972782944
231.7694063927
231.875784907
234.1865559783
231.2824058071
229.8019345924
231.4113696886
232.380952381
229.9793956044
233.3256297666
232.3793103448
231.1612459918
233.0519255233
234.3171296296
234.2440592355
236.5910143585
236.3131079203
237.1838209582
237.6558312944
238.8492573968
238.9834487616
237.8289858463
239.4724501759
239.4160583942
239.2571697226
239.4628826082
237.1411901984
237.2932681109
236.5486930372
235.9042247036
231.7522002515
235.0613602477
233.3371324367
233.8236971148
234.2012104602
236.5377997017
237.5344669118
239.4609536973
238.8914390636
239.7635988065
238.2070070987
238.8271675639
238.1194840462
237.3411314813
231.7440957978
226.8630468235
228.5950595501
229.3835692788
226.5706371191
227.382535461
225.4237288136
227.0436791726
224.0929828373
223.3355020603
222.9437229437
223.9848402815
224.2858694472
228.2989747547
226.2586377098
228.1818181818
228.0490499337
226.0492199517
224.3303077264
225.6168037342
226.3487099296
228.2363453591
227.8529115905
229.2245629762
228.7027693688
229.2630385488
228.8755520326
228.0811055732
226.4399092971
223.9864483343
225.9208575664
226.2477106227
225.7876712329
226.4786480932
226.6272861524
224.7687796075
221.7041261322
221.9256115269
216.5463692039
216.3909280158
214.0577507599
215.1621002074
215.8153778847
214.1324575807
213.9720340835
213.5665250082
211.7348042397
210.5009633911
210.2456817938
211.1872390536
209.1794158554
206.194314807
209.5746954477
205.2925084175
210.4302337995
211.3629075361
211.7515209734
212.362314191
213.0523380523
211.6870675891
208.9393778533
210.8526304557
209.69327776
209.3469910371
208.5910652921
209.370298732
208.2068818124
210.5873510147
212.172972973
212.5526173772
210.8407794165
210.828645608
209.7655409766
210.1352082207
210.6686701728
210.1848883189
212.4541333909
212.9649537734
211.8223452977
210.0052714813
206.9098488796
205.3628740035
203.9260020555
207.3239143985
206.7435395861
206.8296189792
204.8971696192
206.9402908116
206.3986121033
205.2173913043
202.2051486729
194.434191355
199.7534273597
196.6666666667
196.6706302021
197.1945881417
200.1007861318
200.7020359041
199.1362192216
200.0199362041
198.1102048936
198.3822648292
201.2111959288
203.4769230769
204.1679467486
203.3976124885
203.9239856189
201.7739950779
201.00650671
200.956645634
199.0199050217
200.2931958346
199.2488072277
200.497664026
203.7366912367
208.1010543898
204.5759735565
205.0549676359
204.6319272126
205.7312871907
206.7828446207
207.7774297943
204.4050580431
206.9386477462
205.9818352646
207.6073232323
206.8200924758
206.6624764299
205.5789473684
203.1253244731
200.9170530654
203.4024896266
203.6069001568
204.7147968849
204.029803757
203.3146300914
203.5740411746
204.3658612465
203.2361455749
206.0237203496
204.2478606042
205.122102649
205.5995004163
207.1421102165
208.5665997676
208.6947346207
204.8879624805
206.7256078308
205.0666107207
207.1050402372
207.5350405733
209.4489860919
209.5227882038
210.1144017962
209.9233344131
210.3552532124
212.3040328684
211.2370466321
211.2753560639
213.0317426042
212.0141722139
211.7570920073
212.5889967638
213.1145765649
212.5
211.8835034014
211.3824591208
210.8539420841
211.2253550986
211.4584444682
211.5844544096
211.2834224599
211.463257413
212.1893744644
211.6903971738
211.0804500106
211.7846905192
210.0681699004
209.3691050094
211.9627355494
213.1882202305
213.3974358974
213.6251475164
215.4815772463
213.3218551598
214.6525679758
214.327139942
214.1451281497
214.1559424678
213.9725731562
212.3628147192
212.2093651995
211.3889791058
213.363248331
213.1068493151
211.6266255235
210.7658402204
208.4632272228
203.8235294118
205.3308419433
205.6880936603
205.5231598636
204.8847420417
204.3879907621
203.2530904359
203.6801054597
202.4227872967
201.6688625384
201.0764499121
200.1204687329
197.640021751
194.7653039152
193.9954313064
192.2960234045
190.441413382
188.9495663347
189.5311149525
190.0677200903
189.7142857143
186.831714865
192.2762917607
189.2815575071
187.6076454526
188.1196402426
189.7649261494
196.2657821528
196.4923469388
196.3143401822
196.2896215414
195.4535752401
195.0339558574
189.5909998949
189.0304767973
188.1144067797
186.294576915
187.9584481662
175.7823541288
178.575800857
171.9045251119
172.611272983
169.1073919107
175.2405063291
178.3590477164
176.2813356338
173.1105967596
175.6652447695
174.0239934933
169.3443116779
160.7850872867
156.0970873786
149.4767606298
147.0157657658
150.2940892874
159.382883757
160.8900677866
158.6911663555
156.7522044982
160.3227099619
158.6425249827
154.9161846878
154.3484655358
152.71696638
150.6548084441
144.5414428243
139.7675304878
143.1292911711
145.6838021339
145.3355314197
145.4879227053
142.1593090211
140.8219700582
146.2673611111
145.9840121812
146.0466004584
147.0504009164
146.9941699321
138.3525903839
139.5340132872
137.2430471584
136.8206269709
134.3890986097
137.3585605639
136.6958929395
137.7600297177
137.97051012
136.3619760752
138.6707770423
137.740947577
135.8001931349
134.2029765107
133.2466367713
133.4353619013
133.4059154418
133.1609977324
133.0699364214
133.1428571429
131.1137141827
130.1689097642
132.3075526507
132.405224016
132.1242576519
136.4806866953
140.4439428141
140.6649379515
138.48255761
136.7424242424
132.5256124722
130.1521933751
130.0347996788
130.3772572859
132.5137846877
131.1080958842
126.1829652997
120.9261378642
123.5283640574
121.7287021409
124.0801781737
125.9575224385
128.5868102288
127.9415718254
130.0539568345
128.090190442
127.8501338091
129.962345347
134.2069091909
136.0699493787
136.9650875103
132.6376916795
129.7647058824
128.9857699628
132.0543418395
130.8511615095
131.4695009242
133.286464192
135.0329877474
134.9540940603
137.3745977664
139.1266544295
138.1595568944
141.0981861199
140.5190989226
136.5761028338
138.2216976493
140.2441445018
138.8249188072
138.0048899756
136.5586084206
135.8488704745
134.5711500975
135.9190061626
137.0490196078
138.3595284872
138.4471191792
136.8766532772
137.3132917376
138.5978354564
140.3808971384
144.3605335426
141.7528791724
142.1695048725
140.0764481035
138.4060795012
142.0524538049
141.7733990148
146.2455303933
148.1363045868
148.2272360999
148.1157672596
146.7278531524
146.9418499548
146.7984745082
148.4339037326
147.5507174666
149.1060786651
148.0893300248
146.5589051964
142.5254702194
144.9255350626
141.7580266249
143.2038359918
142.5758898264
141.7616380143
141.0283619525
143.3986041101
146.0891921289
147.897823278
148.1301939058
149.2593324116
148.6052242484
148.6427580741
149.3038412166
147.4478862264
146.5313191571
145.1585097213
145.1887243192
144.0060698027
147.5929135375
148.6735870819
148.8981762918
149.9055712937
150.3116147309
150.6771474571
151.2718299165
152.5555766673
154.0579850674
154.406423246
158.8297769624
158.5965919969
156.3105864286
155.6049048952
157.4599744622
157.7248573116
158.8292682927
160.3397486253
161.9630100793
162.0320330156
159.5667516173
158.1951407636
156.1596630612
157.901329736
158.4455559831
156.9154037982
156.3135391924
157.2165933856
157.1758146688
157.3195091791
158.764271323
158.5668881826
159.187807466
157.5297733385
156.6493955095
154.2808219178
153.1347813715
147.6603599446
152.1314221891
149.4921514312
149.6344285053
151.6952309985
154.8104131296
153.6603632279
153.6819336029
155.9392395509
153.2710280374
154.2661796385
157.1984805318
155.8516691958
157.1455792683
154.4650418745
156.0079916278
157.936583964
158.0461946232
161.4476190476
161.7248616676
161.5435731916
160.3019877676
162.7682403433
159.6316044595
158.0904907975
158.830881646
158.0503624571
156.6906747536
154.1713854285
156.865346347
155.3876478318
155.3233549845
155.8748463938
155.2551984877
154.0759589106
153.0881659595
151.7225238719
152.4513473054
151.1556669451
150.48869031
150
151.1104941699
152.3234200744
151.7561791489
152.272098811
152.2566412354
152.9060692315
150.8505247919
150.6632745775
149.6637586332
149.663941871
150.1961857834
148.4577477642
149.1211926015
149.0746649649
149.9908609029
146.4484362177
143.2612014007
141.8835524551
143.9732948394
143.6244619799
143.1736634374
142.5253340508
142.9006812478
141.3352272727
141.243339254
142.1633554084
142.4596050269
141.8230803772
142.5278076785
142.728166622
147.2944801958
148.5506587915
148.8163265306
148.4826458295
151.0282074613
151.7773919401
150.1103549752
150.5992992808
149.9908172635
148.9481320276
151.5057208238
147.9614796148
147.8229448961
148.072234763
150.6227838894
150.1675876438
149.173553719
150.499594923
150
148.8493347717
149.688036893
149.592476489
150.0758996339
149.9151861441
149.4904344717
147.9512932184
146.6465041808
147.9237212618
146.7416327253
146.1551950899
142.775566707
143.1013536966
141.5242534093
144.0006930607
145.2245965983
146.1674164241
148.5776017285
147.2418417523
143.8559322034
142.4567261225
143.2995147772
145.0098196751
144.3559096946
145.9381739756
146.4256884025
145.6331680937
145.8612570187
146.2651260122
146.5749656121
146.032181386
146.1827513518
145.8573125057
146.5433568355
146.5660099429
148.3879907621
150.3678182326
150.2558377523
149.453197405
146.5299395715
148.0151753493
148.5280417365
148.180724007
148.3660130719
146.817397621
148.684450941
148.615916955
147.5433657252
148.1582289966
149.1394226391
148.4541723666
146.5732368897
145.1984519845
146.5156165373
144.8399533758
144.7147200859
144.8343954762
144.8656473356
144.7015060788
144.3952269029
145.0113895216
140.6612012119
139.5926389137
139.7927275976
140.5477980666
140.4804750765
140.8045977012
140.9679740914
140.9107271418
142.3389279913
142.5574425574
142.4319883148
142.0457678522
141.0611723949
139.2489619065
138.9489814314
135.5452766412
135.3589196873
133.8655012487
133.3422364672
133.6810466761
133.9985744833
136.6479840897
136.3250180766
134.9042180052
135.4853314017
136.1430511544
137.1867933062
136.2114218481
137.4750950915
138.4476697016
137.7639415268
135.8272341195
135.7052896725
135.8821402748
137.0537357379
137.6009655557
137.7950569286
138.5427275252
139.8607888631
141.9321685509
143.2604821311
143.8002459094
143.9819174986
143.0234741784
142.5925925926
142.272176103
143.2286326778
143.3208955224
143.1845709494
144.0483946021
144.2592420151
141.6858378577
141.3350567815
143.2142524018
143.8129899216
143.1782150518
144.6317573931
145.3783885542
142.2668900056
142.9014959074
144.1538895682
143.7223737421
144.4497063838
143.1901840491
142.4804595536
137.8966789668
135.4720439963
138.5763597351
139.5290394639
138.5933861202
136.2320185615
134.3588798821
132.8543796629
133.5615804571
131.7749313815
128.041476714
129.6612453949
130.6912775968
129.0142869979
130.1425478167
132.0203303685
131.5569677712
132.41593001
133.7252757269
135.0529709811
134.8323944963
133.0489035691
133.1984550303
131.7895313785
133.2114118508
133.4790528233
132.9669323074
135.2601156069
135.3338814287
135.5053920673
134.3531547889
134.2432211844
134.6923917
134.4990034427
134.2223824112
133.4821030081
133.8840760918
134.9338340486
133.6670505892
132.4980076153
132.2213466422
133.1434081346
132.7395577396
132.6134475824
132.4670794454
133.6663424985
133.3067799611
133.0707267416
133.8131402331
134.9310222851
134.3069523393
132.5277200277
132.2796352584
133.3246096135
132.5364278859
132.8255571031
134.4535614525
134.6197305519
136.7357695011
136.855489302
135.2844259452
135.687732342
137.3065952113
136.6326443091
136.9437737151
136.3206736553
135.9280416063
136.7594023699
135.515702763
133.5494327391
133.8690271571
134.4625463322
133.8368322239
133.2136138191
133.2963468761
133.1882945141
133.0791638108
132.3582089552
130.0420521447
130.6515676498
131.526801592
132.3185810523
131.0631088522
129.0184203886
130.4983108108
129.6664420485
130.3631756757
129.7777403603
128.3489618218
130.0293747377
129.4250754274
129.3736319246
129.1809587551
129.2199170124
133.6099230111
133.973424775
134.0967575914
133.4562607204
132.7356557377
132.055719713
132.5208737455
133.4401619297
133.3136941335
132.2810249539
132.0762605569
131.230705048
131.9406221333
132.0743705186
132.3676323676
131.8471865418
130.7312252964
130.6759524785
130.4183757178
129.2225859247
129.9926308032
130.1759244177
130.2756769944
129.3463256192
128.2465150404
128.5309132161
127.7515851081
127.7592245663
126.9367333764
128.9214489214
128.6204081633
129.0542183321
128.9405892771
129.29227793
129.3486157075
130.5618707373
131.189477082
131.8851191929
131.0090104716
130.173673105
132.7802542513
132.8467755237
133.2094482986
132.988410596
132.4319813053
132.3402130493
133.9993312155
133.3361176078
132.6687244515
130.9833485213
131.635120487
131.8314803979
131.1822535921
131.1525166512
130.26249791
131.3205322553
130.5702084903
130.1952349437
129.829639431
131.2931967691
132.9260070791
132.1707051228
132.594644506
132.5544521405
131.8234901568
130.8203059338
131.4393939394
130.2650399663
129.9045066175
129.5778187301
128.4663602173
127.8026533997
127.9403232491
127.6285240464
126.3118994826
126.708125358
125.8502289078
126.5811480068
126.3986299136
127.509202454
128.9732068564
128.8351209778
128.9292527163
128.8456764584
130.1391550704
130.9298070526
131.2050285336
131.7352355674
131.4687629293
132.0864023835
130.9765689005
131.8132824807
132.2332506203
131.824925816
130.2907982536
130.8846566081
131.951239738
130.1248357424
131.4288056398
131.3313802083
132.0673037654
131.554940132
132.6875515251
132.657434883
131.9157653228
132.6138891177
134.1014975042
133.7064572717
133.4498834499
135.1586703508
134.4492802143
134.6214708087
134.9825378347
134.8075484246
133.3746795667
133.432196408
131.8966222295
131.656853124
133.0113775886
133.2378223496
133.2979505185
134.0478153339
133.733947975
133.0457645222
133.5675899132
134.1366459627
133.2863070539
131.5341141781
132.0352681852
130.2135576768
128.0316977507
127.4314608517
131.4098413726
132.0991655189
132.607463774
131.3126414484
130.450610792
130.4492918769
130.8603644089
131.7672271678
132.9303635009
133.0351966874
135.6313131313
135.3657512388
137.7728888137
139.2031396639
138.6910327242
138.9342172361
138.4992809407
136.2182974805
136.3674461487
136.4266043562
135.7237936772
133.8854552946
134.4873062974
135.174346715
135.3123977756
135.4006226446
135.1220711126
134.7150682692
136.4415862808
135.6764250183
135.60230688
135.5043040442
133.764972483
132.9951690821
131.6658649992
131.7151583347
131.6416948606
131.8024053596
132.3436615161
131.6065944723
130.6102680013
131.0233422179
131.9039869813
131.7826299495
132.3577501635
132.574273588
131.7627811861
132.7480101748
133.404377408
133.2682291667
133.2390496202
133.2820720356
133.6858374685
132.4407410404
132.279453384
131.8747490967
131.1392608033
131.7274549098
130.9909766031
131.1678949055
130.393258427
130.6970401861
131.9349384008
130.8500323206
130.1856335755
129.5423579386
129.893266993
130.005608525
129.2939007774
128.6185799388
128.4221525601
129.1794788801
129.5660621762
129.7849983834
129.4368806896
129.9700865066
129.9838449111
130.4122038299
129.5022258195
129.6897839857
129.3031134054
127.8795180723
126.7520483653
127.2317901722
127.5682087782
127.5859344133
126.7995570321
127.3624378306
127.2290485192
127.9400219815
127.9896421846
127.5832354093
127.9234972678
127.578125
127.1446364627
126.8271976538
125.2691479545
125.3985367732
126.1919409412
128.3654982276
128.4974093264
126.9989132122
125
123.6374770361
124.4054012582
125.0980090706
125.8795513904
126.1627014582
126.6794185157
125.9638922889
126.3539836529
126.5105566219
126.4811834138
125.8022416705
126.1287075041
125.3220858896
126.1120517162
124.8715786246
124.5503941226
124.2896636461
124.455019957
123.8659080424
123.6680884064
123.3897780871
123.9677744209
122.9613567722
122.2033374536
121.6141429669
120.9036514268
121.360042981
121.4395570594
119.8240917782
120.2187882497
119.4457169033
117.6965432854
118.074776359
118.623853211
119.8269260224
119.6082931681
119.9478287556
120.7127979634
118.6991869919
118.2726294759
118.4675683984
118.0535317126
119.4442312121
120.223943554
119.6455968088
121.978021978
120.9223674097
122.1483257289
121.106761839
120.670047641
121.3424468167
121.1247019001
121.4285714286
121.6944507879
121.5327358347
120.9765743839
122.0090978014
122.1237597516
125.7327720611
125.1213402223
124.5588005622
124.9883050055
125.4454517037
125.1385744398
125.1108518086
124.0326340326
123.8084148424
123.9657301636
122.4790077806
121.9731977819
121.4775441029
121.3411348064
121.5033082013
120.4293628809
120.5452025258
120.1144979112
119.4172512141
119.9471598415
120.9262435678
121.4775027246
121.8740304065
121.8941807163
121.4758824905
121.8774303935
121.0632675268
121.9383396754
121.4535561601
121.4063955293
121.4063230026
121.0038188762
120.7855079254
120.6697819315
120.539741795
120.9931400062
121.8497199751
122.3123099712
122.471471002
122.0045273593
121.8516209476
121.9005370068
120.7488299532
119.6596472142
119.3826495266
119.2860989307
120.0184077312
119.8512498083
119.5524691358
118.853090797
118.5444205349
118.9290927249
117.8854286813
117.6317202239
117.5905281771
117.6402855608
117.9575841402
118.4428746929
119.4470188446
119.628973905
119.856845994
121.2670034979
121.3303286969
121.6731216112
120.5277692544
119.6765087358
120.1571679255
120.8326978801
120.3929332927
121.1151106686
121.1223396111
122.2077023599
121.9021948402
122.7459492984
122.2058366967
122.420480993
122.9104594637
123.0275013712
124.5875759728
125.7664813344
126.102180487
125.9347843419
125.8961581739
125.9039525375
128.3334681006
127.3246001768
127.8766406313
129.1072585872
129.3955375254
129.3848914994
129.1785394448
126.7586318167
127.4825854528
128.9533746332
129.3671094975
128.6090318335
130.0198478333
131.0220809635
131.0198300283
131.8613564406
132.635529608
132.6670569541
132.3094900259
130.3040290022
130.8567658943
132.0248447205
132.740272697
131.3736855179
131.1799604483
132.1242667107
131.6295504972
131.1863292803
131.2530996859
130.3517008484
129.6051558166
129.510865142
128.0016148567
128.8525386671
129.1100323625
128.4222456084
127.8461662242
128.649870801
130.1592460189
130.8312958435
131.5278570846
130.7380373074
130.9521876776
131.5948170483
130.8407437348
130.7884151247
129.5920811048
130.0850176452
129.8821076269
130.0570601945
129.0142195239
129.4221085445
128.938547486
128.5031466582
129.2179753718
128.4539210989
128.5885358454
128.3756711275
127.9614767255
125.6210810382
125.019781611
125.3410532995
126.253899688
124.5653036919
124.5370002385
124.6017840076
124.6085366823
124.1677921665
122.6127478082
120.8529319536
120.1173249902
120.3539823009
120.9133858268
122.481601646
123.7719926757
122.6229247756
123.1343876659
123.5354818225
123.4383681245
123.1422000159
123.1562377017
123.8841405508
124.1692319836
124.9204834606
125.0901514544
125.3840585538
123.9057774948
124.1836815762
124.1745094911
123.0231819625
125.1556264964
124.5393900889
125.3473885961
124.5709267981
124.1109246384
123.2324840764
123.5622112474
123.2456488914
123.6840009556
122.3094614958
123.1585616981
123.1478562421
123.5815462531
123.3916745506
123.5733375255
122.7247742442
121.7411764706
121.2024079431
121.0950332421
122.7354576059
123.538654934
122.74718398
122.4331926864
122.0362840163
121.3207104295
122.9402515723
122.1058391308
123.1404958678
122.8584876059
122.8674850488
122.6465294624
122.94195974
123.5391400221
123.8373470193
124.7483154974
124.8250079542
124.6942988725
125.3015873016
125.0633512829
124.5899066007
124.5633359559
124.354534005
124.2700156986
124.6614173228
124.0219952867
124.2481203008
124.3600782779
124.5177983378
124.6669800972
125.7934628138
125.189527159
125.2876262033
124.9514034678
125.4048582996
125.040738729
127.0636100462
128.0359111671
127.6550585646
127.1515911585
126.7836165714
126.9907009455
126.1854706844
126.3494041592
125.6825075834
125.9745302066
125.8511881574
125.901076611
126.1826697892
126.3550667714
126.7862738953
127.3399984256
125.3479280688
125.1603817869
125.2288911495
125.7958287596
125.952045134
126.5296480038
127.1859217172
127.2290485192
127.8605388273
127.0094421963
127.7893056664
127.2328198579
127.8611332801
129.3103448276
128.2832310023
127.9249800479
128.0060519191
128.845232391
129.2401410709
128.9839916338
128.1197335687
128.5002411188
127.6685842122
127.2683820601
126.5362906431
126.1322103925
126.1038754765
127.0818305682
128.6734279919
129.2216251425
129.1500933517
130.1299338073
131.4478891821
131.3350375196
132.2184693962
131.5837029736
131.6926869351
131.1333114969
131.6644780039
132.288142586
132.4259868421
131.7322641355
132.6606260297
132.1525661092
132.037875669
132.4241924852
132.8386511666
134.3807148795
134.4156928214
134.9662021197
135.7208678898
136.7061990075
137.3606889564
137.2459735222
136.0545362734
136.7319264344
136.5923917648
137.9289687634
138.1672827302
139.10648188
140.7086545959
140.9836065574
141.3850174216
140.3527061072
141.6777041943
141.1119880733
139.9424284717
140.9462668191
142.5383665549
143.8887403049
143.5947829194
142.4911347518
141.5774099318
143.4774807106
142.8918699919
142.1199066595
140.5443745013
140.2514609527
142.112371691
143.8063165559
142.4861527286
142.760057992
143.8706739526
144.9680365297
145.5538077172
145.7087306731
145.8920078336
146.2393721387
146.7557965595
146.4848822111
146.6280048639
146.115825795
145.4613443021
144.2014147431
145.1612903226
145.3503663348
144.1836543856
143.1326654808
141.7239457552
142.5808260138
141.5171898356
138.9082568807
139.0409700533
140.2549418068
140.9142000749
140.8513816281
141.0665919492
141.0819949281
142.6022587074
143.0786904078
143.6741767764
142.9859911725
143.3784692212
144.6500479386
144.3372803667
143.9103481164
143.37921215
144.6910273579
144.028858933
143.7854174537
142.7819053889
143.0474211222
142.7343971296
142.8880526811
143.1330067822
142.1371908539
141.3277232352
140.6946508172
146.1671636049
148.9068117773
150.8251803538
151.8933386201
152.7428685418
153.3864541833
151.9992082344
150.1274759757
149.7463909481
148.5143692158
150.0932012165
151.07100357
151.6987879992
151.6186693148
151.7148821951
153.2935916542
151.5471993733
151.9415571681
151.565395494
151.5077821012
152.2301735124
154.2471999207
154.3657494785
153.3372945138
153.8461538462
154.0188772976
155.9382302144
155.8239070621
155.8441558442
155.8733087331
156.3227783453
156.3658838072
156.1155500922
155.3394082113
155.9502848265
154.0507490064
152.7076177005
152.6736076013
153.7856340043
152.5848142165
153.410008071
153.102613258
152.1329365079
153.149093822
152.5304545905
150.9131317035
151.4280144264
153.6835868062
151.1096036438
149.8757882668
148.2566380043
147.8187128993
149.0408357075
149.0468928708
148.9959074902
151.6454456415
150.9489336725
150.6597595543
150.73285128
149.5803240289
149.7790000982
150.82439412
151.7248255234
152.6570048309
152.8928928929
150.9107285829
150.6211493789
150.7662835249
150.0959692898
149.7243660419
149.7026169707
150.129070691
150.7395562662
149.915682968
151.3768764291
152.8353106777
152.9659318637
152.8410787143
153.2901296112
153.9819458375
152.7799920287
150.8384819064
150.3330721003
149.4261893085
149.2036964216
150.2582952513
151.2221672439
151.3220205209
150.2591180209
149.7729687953
149.7449225142
149.5855022171
149.382358618
151.7319203219
152.3070881602
152.4168297456
152.5385666862
153.3653375135
152.5347864163
153.1576378721
153.5862068966
153.7223538705
153.6465015297
151.0890704006
151.5968356285
152.4146749287
151.9736842105
154.3115438108
154.5219638243
155.7604145904
156.0068020406
154.768743191
156.4243027888
157.8150080257
158.2307615331
156.7972235994
157.5727480385
157.621075567
157.8529616033
158.1146648183
159.4371519491
159.169068681
158.7467879027
158.2501235788
158.5856593352
158.621372685
158.5972850679
158.9685658153
158.8333333333
158.0588579224
157.2303802392
156.1137071651
155.9689922481
155.8398759329
155.0768333009
156.5976650643
156.9993104128
157.2355485647
157.4780636892
157.3475639885
158.2240062659
158.2232658253
158.5255718072
159.231297186
157.3137521883
157.6866906825
157.5438596491
157.7373974209
157.3588610702
157.5968612065
157.8114246387
157.2755112121
157.3542468186
158.0638801262
158.7057314787
158.3825847124
158.3984954964
158.5748312823
158.4054941774
159.2151018381
160.5815347722
161.4497694004
161.1973170488
161.397537291
161.4714714715
163.2653061224
164.1713938412
164.1891204881
163.9659712376
166.1425362467
167.062193126
167.5919287104
168.5767288467
167.9770679771
167.2859038481
166.1579161579
168.0826990331
169.4134655101
168.9626811967
167.8750640041
168.412371134
168.2188951988
167.8990731205
166.9850071883
169.0117598515
170.5226988755
170.1622971286
170.196608759
170.680846627
170.6619335978
171.8458800126
173.2296700988
173.5393022278
174.3789473684
174.1779089376
172.3946319983
171.6330581966
170.7375429106
171.6017135096
172.5498426023
172.4538977368
171.3943808533
168.8396080454
171.0334788937
171.0804309173
170.6054279749
171.1975798039
171.0194730813
171.6324617148
173.0813407121
171.9370860927
168.876611418
169.7686322686
170.4526748971
169.1718574492
169.4110391613
168.2752274819
165.0409794597
165.8841463415
165.537525355
166.4798777382
167.6245014828
167.6750127747
168.8866085172
169.905699057
170.1073071027
170.3971486762
170.1620299603
170.9254709255
171.0545157001
170.475020475
170.7892846146
170.6859427868
170.5966489579
170.6358974359
170.3215926493
170.728720147
168.9148073022
170.3586390109
171.3042588043
172.572840523
172.8071081723
171.7647058824
171.1784095591
170.5266399754
169.3412076163
168.5421735604
169.0853658537
168.1915001521
169.2080918979
169.0817790531
168.6707566462
168.9415610952
169.0152367318
169.1129937736
169.7721932782
171.2228735987
171.9336219336
172.3413068241
172.6159593234
172.4173768447
171.3134235817
171.2591523151
170.6044236062
170.6337884655
170.2719155844
170.1178622231
170.3828140908
169.807106599
171.7967072298
172.0253942249
171.9582138468
172.2945943174
172.7216748768
171.5995091021
171.9009110451
171.6007763817
172.2148201291
172.5966964194
172.3493360572
172.7858457762
172.6258698322
172.1677893448
172.5213327915
172.4961870869
172.0658469668
171.5405763161
172.2732843137
172.1370143149
170.7408915123
170.5475972773
170.7589285714
170.3129747797
170.5417721519
171.2198092145
171.5623409669
171.5276361411
171.6498522368
171.3979373022
170.0559796438
169.8536882747
170.6594748626
171.3832292413
171.7507175072
171.9244197987
172.1237578117
172.3133716161
172.1829180765
171.5397215397
171.3091353997
171.2990320937
173.0463170781
173.0087594215
173.3067729084
173.1433241393
173.6477538963
173.7309774283
173.4406848757
173.2999795793
172.8244274809
172.9850594573
172.5291434364
173.2198926365
174.2816529597
174.7022294615
175.2657399836
175.193956717
174.4399185336
173.9337936637
174.2142203235
173.3995137763
173.4015604418
173.4633749873
174.2604452577
174.2499745754
173.3481961897
173.1217682247
172.9806425459
173.0769230769
172.8739598133
172.9151817534
172.7902240326
172.9938900204
173.005821673
173.9654107474
173.6425339367
172.4795081967
172.668579627
173.3258011504
172.0588235294
171.8705329794
170.8872364266
171.4825789312
171.881390593
171.0860655738
171.0507432086
170.6730769231
171.6102564103
170.9670781893
171.8552971576
172.1685871483
172.3048133902
172.4266999376
172.3696534499
172.3284823285
171.9622289094
172.5343320849
173.1414868106
173.299695154
172.4651357869
172.198820556
171.3745271122
170.8523028057
171.1640774633
172.7282434597
173.4715690466
174.3543028614
173.917238422
174.2532919388
175.5244755245
178.0482503804
177.6288547456
178.0718954248
178.2220285434
177.8660860098
177.3221666304
177.6161837069
177.8263721846
177.8594144095
176.9180327869
174.7321718429
175.2771983752
174.5234723886
174.1149723936
174.2463673823
173.9585581697
173.2607054255
172.5768321513
170.4528423081
168.513427786
170.4571974117
171.6723549488
172.4524674215
172.0592940173
172.412313633
173.538961039
173.6762481089
173.6269653241
174.3437398725
174.0913024665
175.0300908196
179.3451446513
182.2181693833
181.5622161671
183.1823913791
182.0480404551
181.7316513761
181.9412574576
183.8754485473
182.3481874856
181.847649919
182.1237497092
182.1761416589
182.7183559085
184.6815024138
185.2840439353
184.324578966
185.8394506275
185.2677518283
185.7378206637
185.1507300989
185.4362017804
186.1600283654
186.4790747586
188.1380301941
187.7920210854
189.4519382671
188.8540031397
187.0929261601
186.2138454244
187.4895547332
186.1084793937
184.8280751507
184.7759793573
184.0997295072
186.3739140783
186.6531246266
187.0878791512
187.1757751237
187.3042640328
186.7915465898
187.2847682119
187.2150524665
185.855931191
186.6658679765
186.5748502994
184.6699531081
182.0856254485
179.6991590667
180.3059273423
180.6501732999
179.5777988615
179.3919318585
178.8275536683
178.1484082397
176.805506942
178.06512284
177.8495887192
179.8243531925
178.3193674023
177.4929111531
176.9529869212
178.6458333333
179.1489863272
178.7843091059
178.125
176.3531760009
176.3111580429
177.8507742844
178.6578916441
179.4510907811
181.6328963051
180.6053412463
182.1415781306
183.2771896054
182.6934506121
182.8110161444
181.7138122855
182.9581993569
183.8878950507
183.5513796384
182.9314645445
183.7236951611
183.7850689491
184.4552806851
184.020064493
184.8880373608
184.5146564152
183.9292120053
182.7904191617
182.9408938011
182.0918984281
183.4283634599
182.7281529896
181.0709082079
180.3957271182
178.5956827553
180.0946716835
179.075130477
178.3182093164
178.0384568872
179.5634444711
178.9555635405
177.8748354673
177.84416826
176.9340974212
177.3117254528
177.8604874535
178.0376634281
177.2108030593
177.7086076859
177.32412808
178.053139521
178.6719595814
178.9252728799
177.3898386708
176.1933389443
176.361668871
176.3961813842
176.25967838
177.9487179487
177.697157131
177.9727793696
178.8404064555
180.1582544059
180.2011012689
180.5357142857
181.3154138915
182.159847764
183.487654321
183.4649437665
181.8017801299
181.7231434751
182.2246194414
182.1791651716
182.2451180065
184.9634861726
187.0588235294
188.1845416417
187.5074431345
187.7293304741
188.2029850746
187.8580846218
186.975397974
188.4955752212
189.7348989226
188.0952380952
187.9465370595
189.220747296
189.8414271556
189.4984520124
189.5370485292
189.6715374048
190.499813965
190.6354930979
191.5328103599
191.7158277896
191.4332166083
191.002858208
190.3633685244
191.5677546983
191.8948926721
192.3466238736
192.9294175716
195.2795031056
195.2386811024
194.6290619252
195.2151929954
194.7231512449
194.5181694159
194.5000617971
194.884815457
192.76178812
192.0024420024
192.1619293712
192.2053934245
191.3657577991
191.4338235294
188.604963932
185.1605892297
186.255004246
190.1731973959
191.3633559531
192.241272974
193.5835501053
193.6476426799
193.8352766063
193.6490181457
192.7448310016
193.4739454094
192.0401089379
191.9193169162
191.8309512075
192.7821035719
193.4133960629
193.7950758518
193.6903433742
193.1128452868
193.7763451525
194.8919695267
193.5576323988
192.3210735586
194.2817989286
194.856713803
193.9266236986
194.1893741446
194.3733697677
193.8689217759
194.6890547264
194.1191066998
193.5563510678
191.4574701438
187.6385743235
188.2465819141
184.8531869181
186.7515151515
186.782376502
186.0797865891
183.5389960465
183.9480956386
183.0673226929
180.7468188845
182.3866348449
184.161974362
186.0273640877
186.1915098891
186.1952455653
185.0425812642
184.8218584497
186.8348014963
187.6995645864
186.7329817833
186.5150968363
184.4612431006
183.4715711023
182.3606792633
183.2307135096
182.1111909897
181.460203471
181.0914313068
181.4034247396
182.1034978438
182.5683652572
183.1148526759
183.7131206524
183.7750329776
184.3637238393
184.2048452866
182.5988023952
184.1854367775
183.4596258584
184.4537313433
184.8405208458
185.2708533078
185.2327255278
185.6418918919
186.0659713801
185.9044162129
184.2301673288
184.6469028682
185.2991038993
186.4558184452
186.1661033317
186.6238954122
186.8344274252
185.2740560292
185.2426706085
186.0977712104
186.0485161926
186.8560186893
186.7632612967
186.8518063406
187.3983739837
187.7591312932
187.8967518834
187.9238329238
186.6126258904
185.9161853263
184.5127326151
185.4128327813
185.204707036
184.8298734799
185.1372983623
185.2753195674
184.4595429277
185.3793272772
186.0064055186
185.6174513187
184.5217605114
184.1447128809
184.2239494778
183.8125151003
182.7761013881
183.2968103238
182.9717211117
182.6241569589
180.8766391452
180.2810077519
179.3320425944
179.915356711
179.5621316011
179.5640655106
179.0373044525
178.3116570328
178.7988422576
177.11263373
177.5036109774
175.5075232864
174.4437834622
173.4195231882
172.0773858676
171.041470311
170.8719633846
169.8093220339
170.7083825266
170.2373922287
166.7289501343
167.3747212768
166.6275108657
165.2067559697
167.1608424521
169.4121829818
168.8678126852
170.1565093668
169.6670630202
170.6853545552
172.045482037
174.1135180927
173.1763009254
171.6792275082
170.3889732508
169.1920963405
166.6859389454
166.3298116674
165.2704861904
161.9357006833
163.8256932654
165.569823435
162.8857761075
163.472301542
162.7397571218
161.3853592713
160.1288718065
157.3527762199
155.1297760945
157.1943661972
158.0590044424
157.1202710333
159.0857273142
159.9931748379
160.5448354143
162.0186830713
162.0983308732
160.1238041643
160.8616985186
161.2051455653
163.8007505971
162.8285356696
159.9728782913
160.5343945424
161.1804008909
161.6465863454
160.932260228
159.7887165655
158.8116137745
159.8399458972
159.8483991402
161.3693040127
162.309343577
161.9808666292
161.9486948695
158.9181940098
158.6659255142
156.1803947514
155.01426377
152.1522820679
152.9966402948
153.8453229639
154.9271263868
155.3347166102
154.619921363
154.6185611824
155.4043757483
156.9729375818
157.7319587629
156.920718353
160.6118119906
161.1568409344
162.4665775401
162.0102404274
158.1473456121
156.2439910266
156.2213943587
154.8538011696
155.1498929336
155.4172924265
154.2448805461
156.1036426713
157.7313954759
156.9940314704
157.5942471127
156.3901589375
156.9731967749
157.812670374
160.291858679
160.496267018
160.3690199978
158.3989501312
160.8666959965
161.8580559841
160.891523935
160.8815124203
162.6472549455
160.6530160487
158.1533062836
156.9642274655
154.9909255898
154.6631016043
156.3064030941
155.2280252056
154.1675548923
153.5832886984
151.0295054129
149.9523052464
150.1006462549
147.9544980171
149.181865555
152.9914529915
153.4002929483
153.6412078153
156.6035740721
140.6460846453
134.5621181263
136.8723688264
138.3872624551
136.9246646027
136.1418614186
136.2648626486
132.5177664975
131.2912060047
129.8872558889
130.3075995175
133.2511302918
139.3348022243
137.5886524823
140.2948920484
138.9017706577
140.7281604925
139.1830238727
140.6913474875
139.7883597884
139.1950727408
139.074740631
137.6925495127
138.7720596006
137.8106322743
135.3940634596
135.0066455373
134.3778337531
135.0526955817
132.6390293225
133.1195928753
133.7367935173
132.6231012336
131.7896230239
131.7955492328
130.726426548
130.3401498279
130.7784911718
130.5346574381
131.4457228614
130.8917835671
131.7447577004
132.1707757066
132.9817158931
132.5859642067
133.2320469969
133.6432366163
134.8135174119
135.7260896509
137.1101012188
138.3407838653
137.5594131019
137.0990806946
135.6415478615
136.2192622951
136.2823674476
135.7484968919
134.9039247751
135.2054934919
135.1431492843
133.7732760385
132.7500254349
132.0012202563
130.7111200645
131.8951612903
130.9735406988
130.2127232591
130.6935661949
130.8489237578
131.2531607161
131.5682694258
130.5107117474
131.123236899
132.0289855072
131.4449064449
128.3874291602
128.4469343293
125.7810883509
127.5545350172
126.932642487
126.9682787312
126.7588070248
127.6664243431
126.7657992565
127.5883575884
127.1773020162
127.290732826
127.1684737281
127.8602802761
128.118749342
128.1319144453
128.3779527559
127.4981765135
127.0613763174
128.2270526424
128.9723483285
129.5321637427
130.2017654477
130.8705733558
133.7527994028
134.2531429789
135.069707122
135.4343566297
135.913955012
136.5923321982
136.6858661941
138.6290412176
137.8969575838
140.2543326581
141.2811791383
140.9847198642
139.4562408718
140.7344823702
142.6549480653
144.0412135089
144.2082528135
144.3322364689
144.3102859096
143.4000910332
143.5587026039
145.0299815498
145.953092665
146.1955268619
146.2229387379
146.6753124263
147.0235294118
144.9463118581
145.5594817432
145.295224653
144.6443268665
143.8181178952
143.9095806981
144.0685929058
143.7286940167
142.4443667715
144.0658186486
144.2018779343
143.9812096301
144.5996712843
143.3121754184
143.7704534829
141.3684944238
140.859592215
140.2098708487
138.9896225339
140.0665671984
137.7153942714
139.8576914389
139.6166496541
141.957073621
141.7394301471
141.078697422
142.2552804906
143.2939304387
144.3094555874
144.4636478857
141.7745966826
142.0499491468
143.3953699501
141.5943172849
140.8216094541
139.7624117449
139.8813521379
140.1251816251
141.5657879851
141.6553287982
142.252559727
142.6610227663
142.2044545974
141.3898650947
140.4084856692
140.9368635438
141.4897240831
141.1417546249
141.4158493969
139.8788150808
139.8899741776
139.0014552782
140.0204591953
140.4282115869
140.2838178073
139.4685825066
139.1428245754
139.2893982808
139.6763456903
139.7450620119
140.4062428276
139.4908840729
139.7136311569
139.9660056657
139.6192407345
138.9576767222
139.4189944134
138.236597253
138.9629136131
138.5365853659
138.9251354639
138.1099922541
137.8123264853
138.9507685453
139.6037399822
138.4991119005
137.6134602612
138.7646076795
138.341279521
137.6722987995
137.8051486906
137.0102074416
136.9176805875
136.5332169739
136.07429937
136.5816603364
138.4448541373
139.1791857174
140.1552421559
139.4616390584
140.3227577122
142.4925091555
143.3471120545
143.5517970402
144.2896935933
144.3451050514
144.8817131965
145.1011235955
145.4248733821
146.0879368658
146.1642752231
147.8191367892
147.6103570206
146.5346534653
146.0020415107
146.6318300579
146.2740656852
144.1622103387
144.1855304039
145.1354062187
144.6210268949
144.9307726664
144.8638960457
144.7932960894
142.4785658613
142.8762243989
142.3000221582
142.6516157592
143.5015035082
142.3174638241
142.7593063073
140.9782251888
141.4177879882
142.4419244743
140.7579273009
138.7670030715
140.2906208719
139.5767426639
141.5510928659
141.693450072
141.9944289694
140.7312451232
140.9688195991
141.0107981743
141.5358931553
142.1087903496
143.6502584851
145.1290684624
145.4372410704
146.1573033708
146.9547465124
146.3323522753
146.3088768116
146.9575070822
146.9944108589
147.0259162005
146.4106654512
146.031925733
146.4362606232
147.2807116316
147.2212828317
146.1736694678
145.609919571
144.9944134078
144.1790713175
144.8459913266
145.545880777
146.3160255691
145.4747857063
145.4444690756
145.6492932862
145.6771063079
146.1793286219