0.008781
0.008948
0.008955
0.008859
0.00899
0.009021
0.009184
0.008879
0.008814
0.008801
0.00876
0.008755
0.008818
0.00886
0.008783
0.008729
0.008783
0.008781
0.008649
0.008592
0.008596
0.008699
0.008927
0.00884
0.008926
0.008839
0.00873
0.008774
0.008742
0.008723
0.008753
0.008642
0.008426
0.008411
0.008357
0.008241
0.008255
0.008275
0.008235
0.008343
0.008389
0.008352
0.008327
0.008214
0.0081
0.008148
0.008206
0.008256
0.00835
0.008391
0.008425
0.008483
0.008503
0.008455
0.008512
0.008537
0.008451
0.00846
0.008468
0.008461
0.008312
0.008316
0.008314
0.008413
0.008276
0.008298
0.008214
0.00829
0.008244
0.008247
0.008264
0.008311
0.008353
0.008422
0.008396
0.008486
0.008503
0.008408
0.008351
0.008372
0.008394
0.008385
0.008315
0.008397
0.008398
0.008386
0.008312
0.008277
0.008301
0.008295
0.008282
0.008293
0.00827
0.008274
0.008216
0.008147
0.008091
0.008117
0.008047
0.00804
0.00806
0.008118
0.008182
0.008175
0.008307
0.008218
0.008231
0.008283
0.008232
0.008233
0.008179
0.008278
0.008391
0.008409
0.008412
0.008478
0.008295
0.008307
0.008306
0.008375
0.008304
0.008173
0.008219
0.008201
0.008202
0.008232
0.008249
0.008268
0.008258
0.008278
0.008265
0.00817
0.008196
0.00818
0.00816
0.008166
0.008189
0.008251
0.008284
0.008265
0.008265
0.008462
0.008407
0.008459
0.008561
0.008573
0.008558
0.008586
0.008615
0.008665
0.008732
0.008739
0.00867
0.008747
0.008738
0.008706
0.008689
0.008707
0.008666
0.008674
0.008634
0.008728
0.008779
0.008936
0.008955
0.008986
0.008959
0.009014
0.009005
0.008966
0.008975
0.009031
0.009115
0.009156
0.009163
0.009088
0.009117
0.009014
0.008995
0.009274
0.009198
0.009373
0.009447
0.009553
0.009502
0.009326
0.00942
0.009535
0.009596
0.009641
0.009599
0.009446
0.00939
0.009342
0.009405
0.009517
0.009414
0.009398
0.009299
0.009327
0.009294
0.009356
0.009422
0.009398
0.009311
0.009479
0.009489
0.009486
0.00938
0.00943
0.009451
0.009489
0.009538
0.009583
0.009518
0.009607
0.009615
0.00961
0.009534
0.009541
0.00943
0.009512
0.009527
0.009558
0.009532
0.009497
0.009542
0.009445
0.009471
0.009442
0.0094
0.009552
0.00959
0.009549
0.00958
0.009817
0.009752
0.009789
0.009746
0.009736
0.00974
0.009719
0.009772
0.009717
0.009762
0.00978
0.009699
0.00966
0.009642
0.009698
0.009706
0.009759
0.009794
0.00984
0.009795
0.009716
0.009781
0.009755
0.009786
0.009758
0.009755
0.009857
0.009685
0.009604
0.009503
0.009493
0.009514
0.009437
0.009451
0.009423
0.009446
0.009534
0.009462
0.009496
0.009484
0.009555
0.009475
0.009432
0.00946
0.009509
0.009335
0.009313
0.00927
0.009244
0.009292
0.009329
0.009207
0.009138
0.009192
0.00916
0.00919
0.009182
0.009157
0.009139
0.009045
0.009011
0.008988
0.009032
0.009007
0.00899
0.009061
0.009122
0.009067
0.009332
0.009283
0.009268
0.009301
0.009418
0.009334
0.009395
0.009403
0.009476
0.009441
0.009463
0.009486
0.00937
0.009408
0.009361
0.009338
0.009322
0.009357
0.009365
0.009448
0.009462
0.009482
0.009728
0.009541
0.00951
0.009535
0.009545
0.009491
0.009395
0.009348
0.00945
0.009446
0.009546
0.009563
0.009546
0.009537
0.009454
0.009453
0.009453
0.0094
0.00941
0.009393
0.009243
0.009195
0.009221
0.009169
0.009252
0.009208
0.009175
0.009152
0.009133
0.009213
0.009217
0.009146
0.009122
0.009149
0.009201
0.009346
0.009332
0.00939
0.009111
0.009311
0.009333
0.009346
0.009386
0.009289
0.009215
0.009259
0.00932
0.009448
0.009491
0.009443
0.009352
0.009359
0.009354
0.009379
0.009391
0.009398
0.009445
0.009472
0.009472
0.009558
0.009547
0.009465
0.009494
0.009472
0.009495
0.009436
0.009462
0.009426
0.009348
0.009305
0.009267
0.009343
0.009337
0.009249
0.009249
0.009283
0.009255
0.009248
0.009233
0.009286
0.00918
0.00919
0.009166
0.009157
0.009161
0.009125
0.00914
0.009153
0.009176
0.009232
0.009206
0.009166
0.009204
0.009276
0.009198
0.009224
0.009135
0.009169
0.009209
0.009206
0.009224
0.009201
0.009232
0.009349
0.009359
0.009357
0.00939
0.00943
0.009387
0.009372
0.009359
0.00945
0.009447
0.009445
0.009513
0.009423
0.009428
0.009362
0.009333
0.009292
0.009335
0.009353
0.009347
0.009388
0.009381
0.009266
0.009273
0.009295
0.009312
0.009292
0.009247
0.009187
0.009186
0.009149
0.009164
0.009193
0.00919
0.00928
0.009286
0.009285
0.00928
0.009252
0.00926
0.009281
0.009227
0.009193
0.00924
0.009279
0.009237
0.009229
0.009203
0.009182
0.009173
0.00924
0.00924
0.009345
0.009306
0.009341
0.009324
0.009308
0.009268
0.009286
0.009245
0.009188
0.009176
0.009186
0.009096
0.009091
0.009069
0.00906
0.008982
0.009032
0.00908
0.008995
0.009059
0.008989
0.009001
0.008996
0.009076
0.009048
0.009006
0.009026
0.008975
0.008906
0.00893
0.008885
0.00891
0.008897
0.008865
0.008911
0.008859
0.008855
0.008807
0.008758
0.008747
0.008741
0.008738
0.008744
0.008805
0.008641
0.008582
0.008614
0.008557
0.008591
0.008488
0.008438
0.008403
0.008496
0.00842
0.008467
0.008534
0.008594
0.008566
0.008488
0.008562
0.008534
0.008565
0.008636
0.008579
0.008653
0.008642
0.008721
0.008715
0.008602
0.008568
0.008511
0.008517
0.008558
0.008594
0.00866
0.008639
0.008618
0.008645
0.008578
0.008548
0.008636
0.008586
0.008603
0.008522
0.008516
0.008402
0.008391
0.008418
0.008335
0.008346
0.00837
0.0083
0.008352
0.008262
0.008177
0.008128
0.008134
0.008187
0.008104
0.008095
0.008146
0.008159
0.008182
0.008174
0.008088
0.007916
0.007889
0.007968
0.007984
0.008064
0.008081
0.007993
0.008042
0.008014
0.008092
0.008052
0.008037
0.008111
0.008189
0.008269
0.008161
0.008251
0.00818
0.008186
0.008115
0.008069
0.008095
0.008199
0.008243
0.008239
0.00824
0.008258
0.008249
0.008185
0.008152
0.008163
0.008108
0.008104
0.008094
0.008164
0.008098
0.008154
0.008139
0.008321
0.008338
0.008288
0.008258
0.008319
0.00831
0.008389
0.008383
0.008385
0.008314
0.008321
0.00832
0.008267
0.008204
0.008221
0.00819
0.008243
0.008135
0.008111
0.008142
0.00808
0.008029
0.008032
0.008073
0.008076
0.008042
0.008015
0.008021
0.008056
0.00804
0.008033
0.007954
0.007938
0.007983
0.007977
0.008042
0.008078
0.008003
0.007968
0.008009
0.00807
0.008108
0.008132
0.008036
0.008061
0.008091
0.008081
0.008097
0.007992
0.007998
0.008023
0.008085
0.008087
0.008073
0.008089
0.008089
0.008202
0.008191
0.008164
0.008211
0.008365
0.008305
0.008307
0.008281
0.008358
0.008307
0.00834
0.008325
0.008338
0.008331
0.008324
0.008378
0.008418
0.008421
0.008384
0.008288
0.008273
0.008333
0.008262
0.008376
0.008367
0.008414
0.008522
0.008484
0.008524
0.008503
0.0086
0.008578
0.008509
0.008509
0.008492
0.008354
0.008364
0.00832
0.00828
0.008289
0.008302
0.008297
0.008342
0.008326
0.008307
0.008236
0.008256
0.008274
0.008244
0.008246
0.008257
0.00825
0.008166
0.008146
0.008141
0.008138
0.00815
0.008199
0.008199
0.008167
0.0082
0.008215
0.00822
0.008251
0.008263
0.008323
0.008312
0.008297
0.00822
0.008227
0.008174
0.008146
0.008118
0.008157
0.008122
0.008068
0.00805
0.008063
0.008064
0.008122
0.008074
0.008098
0.00806
0.008056
0.008053
0.008025
0.007967
0.007936
0.007938
0.007933
0.00793
0.007858
0.007841
0.007824
0.007803
0.007772
0.007717
0.007702
0.007646
0.007638
0.007592
0.007627
0.007595
0.007598
0.00757
0.007594
0.007632
0.00763
0.00753
0.007514
0.007553
0.007566
0.007576
0.007629
0.007572
0.007541
0.007543
0.007539
0.00747
0.007431
0.007426
0.007437
0.007494
0.007497
0.007524
0.007425
0.007517
0.007558
0.007465
0.007482
0.007479
0.007424
0.007498
0.007539
0.0075
0.007569
0.007541
0.007535
0.00748
0.007478
0.007453
0.007454
0.007473
0.007427
0.007446
0.007497
0.007494
0.007563
0.007564
0.00765
0.007852
0.007773
0.007788
0.007752
0.007721
0.007738
0.007752
0.007613
0.007569
0.007612
0.007571
0.007526
0.007497
0.007517
0.007545
0.007531
0.007534
0.007491
0.007504
0.007533
0.007556
0.007598
0.007601
0.007636
0.007648
0.007602
0.007578
0.007567
0.007622
0.007652
0.00769
0.00767
0.007693
0.007678
0.007718
0.007768
0.007822
0.007809
0.007778
0.007842
0.007817
0.007877
0.007867
0.007816
0.007759
0.007789
0.007838
0.00782
0.00778
0.007835
0.007806
0.007938
0.007975
0.008053
0.008055
0.007996
0.008016
0.008015
0.008027
0.00804
0.00811
0.00805
0.008086
0.008055
0.008034
0.008058
0.008043
0.008015
0.007982
0.007956
0.008008
0.008056
0.008043
0.008043
0.008074
0.008099
0.008245
0.008212
0.008239
0.008329
0.008357
0.008363
0.008357
0.008342
0.008351
0.008329
0.008304
0.008447
0.008465
0.0085
0.008542
0.008554
0.00859
0.008632
0.008597
0.008582
0.008633
0.008603
0.008509
0.00857
0.00859
0.008417
0.008357
0.008316
0.008342
0.008382
0.008413
0.008355
0.00828
0.008321
0.008262
0.008322
0.008405
0.008447
0.008518
0.00852
0.0085
0.00843
0.008414
0.008438
0.00834
0.008361
0.00835
0.00846
0.008413
0.00846
0.008442
0.008462
0.008539
0.008474
0.008454
0.008436
0.008407
0.008343
0.008312
0.008327
0.008199
0.008175
0.0082
0.008233
0.008231
0.008106
0.008071
0.008108
0.008136
0.008191
0.008162
0.008215
0.00816
0.008138
0.008153
0.008111
0.008044
0.008043
0.008109
0.008089
0.008057
0.008044
0.008021
0.008035
0.007996
0.007969
0.008005
0.007989
0.008026
0.008038
0.008046
0.00809
0.008119
0.008133
0.008162
0.008183
0.008184
0.008205
0.008211
0.008254
0.008346
0.008359
0.008361
0.008328
0.008303
0.008298
0.00826
0.008177
0.008154
0.008155
0.008142
0.008189
0.008222
0.008173
0.008179
0.00816
0.008032
0.008026
0.008029
0.008005
0.008099
0.008106
0.008081
0.008093
0.008148
0.008299
0.008237
0.008241
0.008262
0.008293
0.008306
0.00829
0.008314
0.008309
0.008329
0.008339
0.00844
0.008423
0.00842
0.008328
0.008345
0.008391
0.008307
0.008414
0.008374
0.008376
0.008412
0.008471
0.008478
0.008493
0.008481
0.008468
0.008458
0.00845
0.008487
0.008494
0.008426
0.00842
0.00846
0.008376
0.008338
0.008311
0.008353
0.008321
0.008346
0.008311
0.008249
0.008253
0.00824
0.008302
0.008309
0.008322
0.008407
0.008426
0.008461
0.008419
0.008483
0.008542
0.008533
0.008504
0.008462
0.008486
0.008478
0.008531
0.008532
0.008583
0.008579
0.008541
0.00854
0.008448
0.008445
0.008426
0.008411
0.008311
0.00832
0.008218
0.008281
0.008318
0.008327
0.008337
0.008334
0.008472
0.008456
0.00839
0.008366
0.008334
0.008308
0.008334
0.008315
0.008367
0.008294
0.008309
0.008318
0.008329
0.008355
0.008354
0.008294
0.008341
0.008291
0.008345
0.008315
0.008302
0.008328
0.008383
0.008432
0.008402
0.008436
0.008475
0.008593
0.008558
0.008531
0.008551
0.008579
0.008622
0.008613
0.00862
0.008574
0.008568
0.00853
0.008524
0.00855
0.00856
0.008546
0.008429
0.008458
0.00837
0.008433
0.008394
0.008427
0.008497
0.00842
0.008467
0.008483
0.008489
0.008496
0.008517
0.008496
0.008462
0.008461
0.008445
0.008445
0.008503
0.008484
0.008508
0.008384
0.008351
0.008327
0.008378
0.008429
0.008466
0.008472
0.008466
0.008452
0.00849
0.008497
0.008495
0.008514
0.00852
0.008463
0.00842
0.008441
0.00844
0.008379
0.008419
0.008398
0.008413
0.008375
0.008351
0.008311
0.008301
0.008336
0.008304
0.008343
0.008318
0.008411
0.008402
0.00845
0.008442
0.00839
0.008385
0.008392
0.008373
0.008419
0.008481
0.008498
0.008501
0.00851
0.008519
0.008497
0.008525
0.008573
0.008579
0.008607
0.008622
0.008563
0.008545
0.008574
0.008573
0.008533
0.008542
0.008522
0.00852
0.008602
0.00862
0.00868
0.008783
0.008937
0.008949
0.008972
0.008917
0.008939
0.009004
0.008963
0.009031
0.009034
0.00902
0.009013
0.009103
0.00913
0.009162
0.009203
0.009181
0.009178
0.009126
0.009129
0.009136
0.009063
0.009132
0.009167
0.009118
0.009162
0.00922
0.009224
0.009245
0.009198
0.009075
0.009002
0.00912
0.009093
0.009072
0.009153
0.009252
0.009193
0.009197
0.009234
0.009228
0.009164
0.009235
0.009156
0.009183
0.009185
0.009145
0.009136
0.009163
0.009156
0.00913
0.009125
0.00919
0.009242
0.009248
0.009278
0.00933
0.009327
0.009226
0.00925
0.009284
0.009303
0.009305
0.009322
0.009287
0.009264
0.009304
0.009309
0.00932
0.009323
0.00933
0.009352
0.009344
0.009296
0.009305
0.009353
0.009428
0.009418
0.009419
0.009417
0.009393
0.009394
0.009406
0.009433
0.009426
0.009359
0.009321
0.009327
0.009361
0.009426
0.009422
0.00942
0.009467
0.009473
0.00942
0.009451
0.00947
0.009476
0.009481
0.009472
0.009483
0.009465
0.00947
0.00948
0.00949
0.009481
0.009485
0.009454
0.009396
0.009336
0.009162
0.009233
0.009251
0.009175
0.009127
0.009157
0.00918
0.009081
0.009079
0.00902
0.008948
0.008919
0.008999
0.009023
0.009006
0.009026
0.009133
0.009183
0.009246
0.009364
0.009358
0.00936
0.009374
0.009418
0.009443
0.009438
0.009481
0.009468
0.009602
0.009642
0.009568
0.009505
0.009422
0.009507
0.009407
0.009388
0.009492
0.009357
0.009206
0.009226
0.009256
0.009221
0.009226
0.009139
0.009108
0.00916
0.009217
0.009137
0.009108
0.009074
0.009059
0.00904
0.009101
0.009207
0.009123
0.008898
0.008773
0.008815
0.008835
0.008735
0.00875
0.008752
0.008756
0.008877
0.008842
0.008918
0.008865
0.008898
0.008947
0.009016
0.009059
0.009137
0.009061
0.009066
0.009013
0.009001
0.009126
0.009108
0.009099
0.009153
0.009081
0.008985
0.00914
0.009085
0.00913
0.009202
0.009198
0.009154
0.00921
0.009339
0.009278
0.009248
0.009244
0.009145
0.009239
0.009229
0.009179
0.009146
0.009223
0.009194
0.009244
0.009233
0.009155
0.00918
0.0091
0.009196
0.009241
0.009245
0.009092
0.009118
0.009087
0.009086
0.009011
0.008941
0.008925
0.008969
0.009022
0.009049
0.008979
0.008965
0.009069
0.009039
0.009019
0.00903
0.009007
0.00904
0.009036
0.009091
0.009138
0.009146
0.009149
0.009133
0.009125
0.009066
0.009115
0.009129
0.009104
0.009185
0.009122
0.009125
0.009041
0.009079
0.009147
0.009153
0.00911
0.00914
0.009083
0.00913
0.009069
0.009124
0.009087
0.009098
0.009095
0.009048
0.009056
0.009032
0.008983
0.008976
0.009023
0.009096
0.009056
0.009018
0.009001
0.008977
0.008998
0.009135
0.009151
0.009115
0.009108
0.009122
0.00915
0.009143
0.009229
0.009233
0.009311
0.009308
0.009369
0.009376
0.009374
0.00942
0.009436
0.009395
0.009405
0.009417
0.009424
0.009457
0.009471
0.009464
0.009332
0.009376
0.009476
0.009492
0.009491
0.009616
0.009598
0.009722
0.009683
0.009672
0.009715
0.009747
0.00975
0.009735
0.009701
0.009732
0.009692
0.009767
0.009735
0.009731
0.00959
0.009538
0.009491
0.009549
0.009466
0.009594
0.00957
0.0096
0.009612
0.009578
0.009607
0.009637
0.009647
0.009714
0.009695
0.009603
0.009705
0.009756
0.009728
0.009591
0.009624
0.00953
0.009517
0.009595
0.009687
0.009772
0.009749
0.0098
0.0098
0.009759
0.009759
0.009674
0.009735
0.009735
0.009591
0.009715
0.009692
0.009664
0.009656
0.009644
0.009621
0.009561
0.009628
0.009537
0.009469
0.00945
0.009475
0.009465
0.009519
0.009587
0.009483
0.009486
0.009463
0.009477
0.009595
0.009529
0.009489
0.00951
0.009572
0.009579
0.009548
0.009515
0.009563
0.009508
0.009556
0.009639
0.009607
0.00962
0.009514
0.009582
0.009594
0.009558
0.009546
0.009502
0.009516
0.009426
0.009407
0.009399
0.00932
0.009296
0.009317
0.009328
0.009293
0.009233
0.00923
0.009212
0.00922
0.009229
0.009282
0.009241
0.009308
0.009242
0.009285
0.00931
0.009344
0.009368
0.009344
0.009442
0.009466
0.009427
0.00943
0.00944
0.009545
0.00952
0.009516
0.009544
0.009582
0.009544
0.009467
0.009471
0.009468
0.009369
0.00931
0.009346
0.009334
0.009348
0.009297
0.009235
0.009276
0.009303
0.00928
0.009261
0.009266
0.009261
0.009258
0.00922
0.009233
0.009264
0.009353
0.00938
0.009348
0.009306
0.009212
0.00912
0.009142
0.009156
0.009173
0.009187
0.00914
0.009226
0.009174
0.009192
0.00917
0.00915
0.009099
0.00906
0.009016
0.008958
0.008963
0.008947
0.008917
0.008924
0.008902
0.008933
0.009008
0.008917
0.00891
0.008911
0.008949
0.008859
0.008818
0.009061
0.008976
0.008964
0.008911
0.008908
0.008916
0.008905
0.008921
0.008978
0.009
0.009
0.008918
0.008936
0.008923
0.009044
0.009098
0.009135
0.009147
0.009125
0.009103
0.009049
0.009059
0.009114
0.009111
0.009077
0.009093
0.009104
0.00904
0.008974
0.009033
0.009085
0.009112
0.009152
0.00912
0.009084
0.009049
0.009107
0.009076
0.009029
0.009073
0.009048
0.008972
0.008975
0.008953
0.008977
0.008959
0.008907
0.008905
0.008818
0.008841
0.008842
0.008807
0.008751
0.008749
0.008778
0.008816
0.008778
0.008752
0.008738
0.008747
0.008711
0.008775
0.00871
0.008641
0.008655
0.008653
0.008626
0.008669
0.008704
0.008626
0.008668
0.008651
0.00859
0.008576
0.008565
0.008523
0.008455
0.008505
0.008535
0.008497
0.008472
0.008474
0.008418
0.008402
0.008405
0.008422
0.008385
0.008396
0.008385
0.008419
0.008409
0.008358
0.008394
0.008372
0.008351
0.008298
0.008291
0.008282
0.008276
0.008266
0.008323
0.008296
0.008361
0.008328
0.008548
0.008573
0.00863
0.00862
0.00854
0.008523
0.008566
0.008604
0.008605
0.008534
0.008486
0.008488
0.008478
0.008489
0.00859
0.008622
0.008623
0.008745
0.008737
0.008727
0.008766
0.008755
0.008756
0.008702
0.008632
0.008675
0.008676
0.008667
0.008721
0.008729
0.008647
0.008599
0.008527
0.008505
0.008558
0.008475
0.008444
0.008397
0.008407
0.008467
0.008429
0.008419
0.00851
0.008496
0.008501
0.008478
0.008477
0.008453
0.008458
0.008417
0.008438
0.00854
0.008552
0.00861
0.008634
0.008614
0.008613
0.008587
0.0085
0.00849
0.008489
0.008458
0.008399
0.008395
0.008515
0.00852
0.008551
0.008626
0.008594
0.008533
0.008564
0.008497
0.008511
0.008575
0.008529
0.00849
0.008517
0.008511
0.008484
0.00851
0.008511
0.008496
0.008454
0.00843
0.008445
0.008442
0.008439
0.008431
0.008491
0.008499
0.008517
0.008507
0.008549
0.008732
0.0087
0.00872
0.008777
0.008788
0.008841
0.008811
0.008811
0.008807
0.008893
0.008956
0.008989
0.009048
0.00907
0.009057
0.009059
0.009087
0.009058
0.00903
0.008949
0.008949
0.008986
0.008871
0.008932
0.00887
0.008879
0.008929
0.0089
0.008887
0.008963
0.008962
0.008831
0.008821
0.00876
0.008777
0.008754
0.008684
0.008701
0.008689
0.008685
0.008673
0.008707
0.008715
0.008601
0.0086
0.008594
0.0086
0.008589
0.008607
0.008735
0.00871
0.008724
0.008647
0.008684
0.008777
0.008759
0.008749
0.008657
0.008665
0.008595
0.008534
0.008508
0.00857
0.008557
0.008597
0.008568
0.008527
0.008567
0.008648
0.008714
0.008724
0.00872
0.008727
0.008687
0.008758
0.008701
0.008692
0.008684
0.008654
0.008602
0.008579
0.008617
0.00864
0.008637
0.008633
0.008626
0.008572
0.008587
0.008584
0.008525
0.008535
0.008549
0.008528
0.00852
0.008539
0.008617
0.008624
0.008556
0.008587
0.008553
0.008508
0.008479
0.008511
0.008511
0.008477
0.00848
0.008495
0.008527
0.008581
0.008592
0.008585
0.008533
0.008508
0.008486
0.008474
0.008505
0.008481
0.008467
0.008501
0.008413
0.008398
0.008353
0.008369
0.008368
0.00835
0.008396
0.008421
0.008405
0.008457
0.008428
0.008382
0.008389
0.008393
0.00845
0.008502
0.008517
0.008568
0.008544
0.008532
0.008463
0.008454
0.008516
0.008488
0.00848
0.008512
0.008458
0.008498
0.008476
0.00846
0.0085
0.008467
0.008473
0.008561
0.008609
0.008629
0.008611
0.008607
0.008603
0.00864
0.008678
0.008666
0.008699
0.008689
0.008684
0.008599
0.008563
0.008541
0.00851
0.008493
0.008467
0.008459
0.008479
0.008441
0.008447
0.008408
0.00842
0.008391
0.008424
0.008412
0.008398
0.008405
0.008416
0.008357
0.008382
0.008418
0.008434
0.00839
0.008364
0.008303
0.008307
0.008303
0.008289
0.008292
0.008244
0.008245
0.008222
0.00823
0.008265
0.008269
0.00823
0.008206
0.008221
0.008271
0.008287
0.008254
0.008314
0.00831
0.008279
0.008255
0.008225
0.008213
0.008246
0.008279
0.008369
0.008386
0.008354
0.008327
0.008266
0.008236
0.008262
0.008281
0.008429
0.008447
0.008504
0.00857
0.00862
0.008583
0.008591
0.00853
0.008452
0.0085
0.00858
0.008584
0.008498
0.008561
0.008498
0.008551
0.008485
0.008463
0.008474
0.008478
0.008483
0.008549
0.008486
0.008505
0.008495
0.008414
0.008419
0.008424
0.008381
0.008377
0.008397
0.008375
0.008402
0.008382
0.008348
0.008401
0.008449
0.008449
0.008423
0.008435
0.008431
0.008427
0.00837
0.00835
0.008377
0.008347
0.00833
0.008312
0.008323
0.008334
0.00834
0.008346
0.008326
0.008321
0.008305
0.008315
0.008282
0.008248
0.008256
0.008227
0.008227
0.008223
0.008237
0.008215
0.008219
0.008218
0.008229
0.00821
0.008193
0.008211
0.008245
0.008265
0.008263
0.008218
0.008209
0.008212
0.008171
0.008128
0.008096
0.008088
0.008105
0.008088
0.008085
0.008069
0.008074
0.008102
0.008163
0.008127
0.008112
0.008184
0.008176
0.008154
0.008147
0.008109
0.00811
0.008178
0.008195
0.008166
0.008193
0.008204
0.008175
0.008213
0.008198
0.008257
0.008242
0.008282
0.008314
0.008399
0.008422
0.008433
0.008388
0.008434
0.008394
0.008437
0.008452
0.008437
0.008351
0.008428
0.008455
0.008448
0.008473
0.008522
0.008917
0.008747
0.008748
0.008748
0.008699
0.008643
0.008613
0.008614
0.008709
0.008668
0.008623
0.008626
0.008636
0.008611
0.008674
0.008666
0.008817
0.008818
0.00876
0.008759
0.008673
0.008679
0.008684
0.008637
0.00861
0.008736
0.008654
0.0087
0.008732
0.008647
0.00864
0.008711
0.008636
0.008636
0.008579
0.008583
0.008551
0.008519
0.008549
0.00853
0.008494
0.008508
0.008527
0.00857
0.008586
0.008646
0.008687
0.008749
0.008719
0.008774
0.008769
0.008757
0.008717
0.008704
0.008682
0.008714
0.008714
0.008734
0.008731
0.008838
0.008891
0.009019
0.009098
0.009068
0.008971
0.009025
0.009024
0.009086
0.009089
0.009206
0.009222
0.00924
0.009235
0.009207
0.009071
0.009117
0.00902
0.009052
0.009102
0.009034
0.008998
0.008953
0.008953
0.008947
0.008924
0.008919
0.00882
0.008831
0.008828
0.00882
0.008855
0.008769
0.008736
0.00876
0.008758
0.008803
0.008866
0.008943
0.008953
0.009144
0.009127
0.009212
0.009161
0.009143
0.009135
0.009154
0.009177
0.009246
0.009342
0.009321
0.009341
0.009347
0.009428
0.009358
0.009504
0.009367
0.009355
0.009369
0.009351
0.009324
0.009395
0.009419
0.009371
0.009357
0.009372
0.009312
0.009306
0.009358
0.009313
0.00925
0.009265
0.009289
0.009244
0.009298
0.009245
0.009317
0.009357
0.009266
0.009302
0.009389
0.009485
0.009595
0.009659
0.00973
0.009626
0.009713
0.009737
0.009822
0.009697
0.009799
0.00989
0.010022
0.010295
0.010139
0.01011
0.010092
0.010052
0.009922
0.009971
0.010072
0.010032
0.010054
0.010014
0.009825
0.00975
0.009765
0.009801
0.009735
0.009752
0.009836
0.009826
0.009897
0.009891
0.009851
0.009846
0.009768
0.009579
0.009681
0.009733
0.009672
0.009579
0.009583
0.009579
0.009648
0.009584
0.009579
0.009504
0.009516
0.009546
0.0095
0.009631
0.009705
0.00964
0.009565
0.009502
0.009529
0.009624
0.009569
0.009643
0.009672
0.009612
0.009699
0.009664
0.009608
0.009563
0.009467
0.009477
0.009595
0.009501
0.009533
0.009444
0.009489
0.009419
0.009325
0.009353
0.009261
0.009261
0.009249
0.009264
0.009268
0.009262
0.009314
0.009271
0.00927
0.009234
0.009352
0.009408
0.009418
0.009462
0.009434
0.009373
0.009366
0.00935
0.009308
0.009336
0.009341
0.009422
0.009419
0.009535
0.009542
0.009446
0.009372
0.00936
0.009321
0.009282
0.009293
0.009268
0.009311
0.009247
0.009247
0.009261
0.009294
0.009247
0.009237
0.009137
0.009125
0.009074
0.009075
0.00911
0.00918
0.009098
0.009054
0.009089
0.00911
0.009093
0.009222
0.009103
0.009163
0.009108
0.009104
0.009131
0.009195
0.009246
0.009193
0.009229
0.009311
0.009339
0.009256
0.009303
0.009275
0.009371
0.009309
0.009451
0.009522
0.009562
0.009614
0.009346
0.009408
0.009442
0.009433
0.00937
0.009424
0.009511
0.009417
0.00944
0.009478
0.009434
0.009906
0.009802
0.010055
0.009953
0.010038
0.009875
0.009787
0.009853
0.009937
0.009846
0.009836
0.009959
0.010139
0.0103
0.010607
0.010656
0.010371
0.010306
0.010179
0.010177
0.010093
0.009978
0.010107
0.010201
0.010199
0.010232
0.010232
0.010424
0.010496
0.010341
0.01031
0.010312
0.01035
0.01042
0.010487
0.010368
0.010508
0.010472
0.010476
0.010463
0.010732
0.010687
0.010751
0.010782
0.010861
0.010782
0.010835
0.010768
0.010919
0.010951
0.011029
0.011102
0.011391
0.011154
0.01115
0.011108
0.011022
0.011025
0.01101
0.011025
0.011098
0.011071
0.011016
0.011026
0.010945
0.010718
0.010632
0.010798
0.010979
0.011088
0.011225
0.01117
0.011207
0.011186
0.011063
0.011055
0.011095
0.011359
0.011229
0.011257
0.011225
0.011253
0.011145
0.011159
0.01112
0.011132
0.01121
0.011154
0.010913
0.010865
0.010913
0.011021
0.01105
0.011033
0.010894
0.010891
0.01082
0.010668
0.01061
0.010674
0.010566
0.010351
0.010291
0.010144
0.01021
0.010269
0.010167
0.010076
0.010161
0.010225
0.010118
0.010137
0.01026
0.010223
0.0102
0.01018
0.010136
0.010207
0.010578
0.010441
0.010344
0.010196
0.010246
0.010159
0.010203
0.010264
0.010066
0.01015
0.010068
0.010007
0.009928
0.009951
0.010024
0.009957
0.009964
0.009993
0.010105
0.010068
0.010075
0.010084
0.010208
0.010139
0.010216
0.010219
0.010311
0.010354
0.010366
0.010316
0.010113
0.010061
0.010108
0.010126
0.010145
0.010094
0.010127
0.010266
0.010393
0.010441
0.010465
0.010544
0.010386
0.010404
0.010528
0.01059
0.01059
0.010559
0.010536
0.010526
0.010313
0.010462
0.010357
0.010446
0.010419
0.010357
0.010181
0.010162
0.01025
0.010184
0.010219
0.010177
0.010202
0.010372
0.010447
0.010378
0.010396
0.010426
0.010525
0.010462
0.010403
0.010513
0.010423
0.010383
0.010367
0.010412
0.010422
0.010512
0.010543
0.010835
0.010744
0.01083
0.010805
0.010736
0.010602
0.010682
0.010633
0.010599
0.0107
0.010677
0.01053
0.010544
0.010496
0.010627
0.010511
0.010439
0.010564
0.0105
0.010482
0.010534
0.010464
0.010252
0.010315
0.010432
0.010401
0.010484
0.010552
0.010596
0.010553
0.010654
0.010623
0.010579
0.01058
0.010611
0.010605
0.010682
0.010688
0.010773
0.010743
0.010854
0.010806
0.01076
0.010762
0.010849
0.010879
0.010891
0.011052
0.011006
0.011004
0.01101
0.010959
0.010958
0.010867
0.010969
0.010942
0.010967
0.011137
0.011181
0.011084
0.011152
0.011148
0.011151
0.011156
0.011264
0.01126
0.011325
0.01114
0.011135
0.011148
0.011187
0.011033
0.011005
0.011025
0.011006
0.01099
0.010943
0.010874
0.010846
0.01089
0.011028
0.010925
0.011111
0.01107
0.011075
0.010999
0.011039
0.011132
0.011109
0.01114
0.011124
0.011059
0.011165
0.011199
0.011201
0.011186
0.011251
0.011242
0.011222
0.011294
0.011405
0.011558
0.011524
0.011586
0.011543
0.011465
0.011337
0.011108
0.011185
0.011328
0.011381
0.011335
0.011202
0.011295
0.011128
0.011149
0.011095
0.011042
0.010991
0.010905
0.010938
0.010911
0.010947
0.010921
0.010862
0.010825
0.010739
0.010749
0.01079
0.010922
0.010807
0.010734
0.010801
0.010863
0.011013
0.010946
0.010982
0.011011
0.011022
0.010981
0.010965
0.01106
0.011111
0.011078
0.011153
0.011182
0.011141
0.011053
0.011022
0.011062
0.010975
0.011222
0.011194
0.011193
0.011172
0.011114
0.011136
0.011116
0.011112
0.011082
0.011011
0.010954
0.010881
0.010969
0.011078
0.011094
0.011242
0.011256
0.011212
0.011232
0.011312
0.011224
0.011062
0.011064
0.011119
0.011044
0.011045
0.011055
0.011049
0.011042
0.011093
0.011082
0.011067
0.011116
0.011064
0.010868
0.010771
0.010803
0.010801
0.010775
0.010703
0.010661
0.010573
0.010618
0.01065
0.010692
0.010721
0.010729
0.01072
0.010733
0.010745
0.010739
0.010867
0.010831
0.010721
0.010716
0.010723
0.010618
0.010624
0.010746
0.010629
0.010631
0.010633
0.010558
0.010595
0.010619
0.01084
0.01091
0.010719
0.010744
0.010735
0.010775
0.010856
0.010857
0.010807
0.01093
0.011187
0.011129
0.011052
0.011129
0.011084
0.011018
0.011015
0.010973
0.010971
0.010855
0.010829
0.010899
0.010874
0.010947
0.010936
0.01098
0.010917
0.010899
0.010947
0.010942
0.011015
0.011027
0.010988
0.011038
0.011098
0.011203
0.011197
0.011184
0.011287
0.011293
0.011421
0.011408
0.011396
0.011437
0.011467
0.011311
0.011298
0.011297
0.011324
0.011308
0.011435
0.011544
0.011515
0.011463
0.011461
0.011488
0.011456
0.011505
0.011384
0.011404
0.011532
0.011567
0.011569
0.011659
0.011596
0.011638
0.011729
0.011646
0.011654
0.011723
0.011636
0.011601
0.011718
0.011694
0.011716
0.011721
0.011672
0.011725
0.01189
0.011833
0.011809
0.011727
0.011805
0.011889
0.01184
0.011872
0.01184
0.011878
0.011944
0.011915
0.011932
0.011878
0.011953
0.01205
0.01169
0.011665
0.011658
0.01166
0.011712
0.011845
0.011857
0.011857
0.011881
0.011942
0.011959
0.011985
0.011991
0.011994
0.012012
0.012067
0.012144
0.012205
0.01219
0.01222
0.012213
0.012278
0.012297
0.012315
0.012267
0.012341
0.012302
0.012277
0.012392
0.012285
0.01225
0.012339
0.012422
0.012406
0.012389
0.012316
0.012392
0.012291
0.012319
0.012322
0.012114
0.012126
0.012108
0.01208
0.011982
0.012016
0.011962
0.011972
0.011987
0.012071
0.011993
0.011963
0.011901
0.011861
0.011962
0.011874
0.011943
0.012088
0.012092
0.012009
0.011866
0.011927
0.011913
0.011983
0.011988
0.011898
0.01188
0.011885
0.011938
0.011938
0.011965
0.01206
0.012065
0.01206
0.012177
0.012221
0.012232
0.012317
0.012262
0.012225
0.012018
0.012027
0.012057
0.012085
0.012001
0.012024
0.012091
0.012056
0.012085
0.012083
0.012206
0.012061
0.01209
0.012132
0.012139
0.012129
0.012059
0.012176
0.012199
0.012288
0.012243
0.012277
0.01213
0.012132
0.012204
0.012139
0.01202
0.011971
0.012012
0.011943
0.011948
0.012007
0.012026
0.012029
0.012093
0.012138
0.012227
0.012228
0.012217
0.012215
0.012247
0.01213
0.012148
0.012171
0.012095
0.012075
0.01205
0.012209
0.012249
0.012362
0.012493
0.012657
0.012356
0.012343
0.012353
0.012372
0.012361
0.012286
0.012239
0.012132
0.012077
0.012075
0.01188
0.011907
0.011818
0.011721
0.011765
0.011766
0.011821
0.011947
0.011931
0.011983
0.01202
0.012135
0.012132
0.012131
0.012228
0.012206
0.012206
0.012231
0.012129
0.012263
0.012311
0.012314
0.012356
0.01242
0.012474
0.012442
0.012414
0.012389
0.012361
0.012374
0.012388
0.012381
0.01229
0.012274
0.012232
0.012252
0.012225
0.012187
0.012199
0.012288
0.012374
0.012355
0.012293
0.012361
0.012367
0.012455
0.012473
0.012475
0.012523
0.012484
0.01246
0.012467
0.012419
0.012376
0.01239
0.012477
0.012461
0.012481
0.012477
0.012422
0.012441
0.012358
0.012352
0.012372
0.012413
0.012369
0.01238
0.012324
0.012355
0.012314
0.012398
0.01245
0.012571
0.012658
0.012645
0.012655
0.012642
0.012667
0.012696
0.012738
0.012744
0.012765
0.01281
0.0128
0.012846
0.012957
0.013004
0.012985
0.013004
0.012695
0.012738
0.012882
0.012968
0.013064
0.013034
0.013009
0.013018
0.01303
0.01307
0.013072
0.013091
0.013025
0.013047
0.013026
0.012913
0.01304
0.012994
0.013043
0.013067
0.013022
0.013028
0.013006
0.012895
0.012933
0.012909
0.012913
0.012944
0.01301
0.013036
0.013029
0.013004
0.013075
0.013072
0.013098
0.013076
0.013079
0.01308
0.013058
0.013071
0.013034
0.012963
0.013038
0.013014
0.013012
0.013039
0.013027
0.013039
0.013036
0.012922
0.01301
0.012931
0.013029
0.013014
0.013021
0.012999
0.013118
0.013137
0.013166
0.013148
0.01319
0.013203
0.012828
0.012774
0.012806
0.012826
0.012796
0.012809
0.012855
0.01287
0.012882
0.012956
0.012981
0.012984
0.012981
0.012989
0.012998
0.012996
0.012986
0.012926
0.012973
0.012869
0.012826
0.012846
0.012892
0.012871
0.012833
0.012858
0.012866
0.012877
0.012865
0.012884
0.012842
0.012831
0.012807
0.01284
0.012858
0.012828
0.012856
0.012827
0.012794
0.012811
0.012832
0.012849
0.01282
0.012869
0.012991
0.012999
0.013038
0.013042
0.01296
0.012974
0.013012
0.013017
0.013005
0.013039
0.013007
0.013027
0.013014
0.013024
0.012948
0.012991
0.012993
0.012865
0.012869
0.01291
0.013036
0.013107
0.013107
0.013114
0.013132
0.013057
0.013062
0.013009
0.012985
0.012899
0.012884
0.01289
0.012754
0.012763
0.012669
0.01259
0.012566
0.012543
0.012442
0.012473
0.012367
0.012443
0.012419
0.012344
0.012325
0.012258
0.012283
0.012396
0.012346
0.012268
0.012119
0.012157
0.012092
0.011956
0.012002
0.012002
0.01199
0.011957
0.011981
0.012137
0.012127
0.012075
0.012028
0.012077
0.012136
0.012103
0.012169
0.012172
0.012098
0.012141
0.012258
0.012287
0.012385
0.012349
0.01236
0.012353
0.012429
0.012384
0.012308
0.01227
0.012259
0.01233
0.012319
0.012271
0.01237
0.01243
0.012527
0.012468
0.012469
0.012443
0.012518
0.012511
0.01253
0.012553
0.012506
0.012522
0.012526
0.012479
0.01246
0.012599
0.012638
0.012608
0.012501
0.012595
0.012581
0.012556
0.012581
0.012587
0.012661
0.012756
0.012785
0.012769
0.0127
0.012637
0.012561
0.012589
0.012583
0.012598
0.012599
0.012609
0.012705
0.012636
0.012669
0.012576
0.012479
0.012433
0.012566
0.012587
0.012538
0.012596
0.01253
0.012592
0.012522
0.012527
0.012513
0.01256
0.012554
0.012583
0.012557
0.012609
0.012626
0.012688
0.012637
0.012684
0.012722
0.012735
0.01275
0.012791
0.012785
0.012773
0.012728
0.012784
0.012798
0.012788
0.012781
0.01272
0.012793
0.012705
0.012748
0.012708
0.012779
0.012767
0.012698
0.012665
0.012615
0.012572
0.012594
0.0126
0.012628
0.012741
0.01271
0.012704
0.01274
0.0127
0.01273
0.012768
0.012775
0.012754
0.012762
0.012666
0.012795
0.012777
0.012861
0.012844
0.012887
0.012781
0.012698
0.012721
0.012758
0.012769
0.012797
0.012843
0.012839
0.012857
0.012878
0.012835
0.012818
0.01281
0.01273
0.012764
0.012703
0.01279
0.012782
0.012779
0.012754
0.012762
0.012699
0.012672
0.012696
0.01262
0.012603
0.01253
0.012529
0.01253
0.01247
0.012541
0.01253
0.012558
0.012522
0.012476
0.012431
0.012461
0.012442
0.012516
0.012553
0.012579
0.012586
0.012592
0.012477
0.012325
0.012282
0.012319
0.012237
0.012128
0.012127
0.012139
0.012174
0.01217
0.012212
0.012184
0.012119
0.01216
0.012221
0.01214
0.012139
0.012145
0.012136
0.012129
0.01203
0.01198
0.011983
0.011937
0.011889
0.011844
0.011859
0.011882
0.011799
0.011803
0.011685
0.011633
0.011617
0.011543
0.011529
0.01148
0.011511
0.011325
0.011403
0.011464
0.011371
0.011338
0.011217
0.011194
0.01128
0.011297
0.011146
0.011107
0.011142
0.011279
0.011294
0.011106
0.010987
0.011013
0.011036
0.01098
0.01095
0.010807
0.010801
0.010723
0.010703
0.010696
0.010782
0.010691
0.010723
0.010697
0.010744
0.010695
0.010646
0.010694
0.010681
0.010766
0.010702
0.010704
0.0109
0.010886
0.010826
0.010676
0.010712
0.010707
0.010647
0.010537
0.010446
0.010386
0.010422
0.010413
0.01043
0.010472
0.010485
0.010535
0.010454
0.010534
0.010588
0.010633
0.010586
0.010591
0.01063
0.010616
0.010715
0.010695
0.010768
0.010397
0.010291
0.010119
0.010088
0.010026
0.01004
0.010104
0.010198
0.010252
0.010265
0.010193
0.010084
0.010066
0.01007
0.010059
0.010065
0.010212
0.010198
0.010253
0.01028
0.010201
0.010089
0.010067
0.010098
0.010114
0.010065
0.009843
0.009813
0.009779
0.009756
0.00979
0.009708
0.009762
0.009767
0.009655
0.009813
0.009898
0.009893
0.009787
0.009904
0.009912
0.009911
0.01008
0.009987
0.010097
0.010349
0.010259
0.010126
0.010319
0.010466
0.010583
0.010613
0.01053
0.010492
0.010507
0.01021
0.010222
0.010231
0.010234
0.010246
0.010181
0.010068
0.01003
0.009936
0.00999
0.009992
0.009901
0.009918
0.009899
0.009977
0.010088
0.010072
0.010006
0.010081
0.010059
0.009946
0.00998
0.010049
0.01003
0.00997
0.010036
0.010197
0.010208
0.010195
0.010172
0.010066
0.010105
0.010136
0.010227
0.010351
0.010389
0.010374
0.010362
0.010191
0.010186
0.01022
0.010242
0.010207
0.010277
0.010245
0.01015
0.010128
0.010133
0.010284
0.010239
0.010167
0.010184
0.010066
0.010062
0.010034
0.009997
0.010097
0.01004
0.009968
0.009993
0.010085
0.010069
0.010097
0.010079
0.010099
0.010056
0.010061
0.010118
0.010115
0.010139
0.010097
0.010166
0.01018
0.0102
0.010262
0.010283
0.010272
0.01032
0.010317
0.010282
0.010193
0.010151
0.010172
0.010143
0.010119
0.010214
0.010221
0.010187
0.010199
0.010282
0.010271
0.01026
0.010236
0.010185
0.010195
0.010171
0.010123
0.010137
0.010144
0.010137
0.010152
0.010103
0.010076
0.010047
0.010065
0.010008
0.009974
0.009989
0.009989
0.00999
0.009898
0.009872
0.009835
0.009874
0.009794
0.009776
0.009763
0.009703
0.009768
0.009797
0.009828
0.009722
0.009684
0.009727
0.009765
0.0097
0.009685
0.00971
0.009738
0.009694
0.009604
0.009612
0.009613
0.009591
0.009578
0.009551
0.009518
0.009516
0.0095
0.009488
0.009538
0.009571
0.009613
0.009571
0.00953
0.009544
0.00961
0.009695
0.009618
0.009561
0.00958
0.009586
0.009603
0.009599
0.009577
0.009664
0.009774
0.009768
0.00972
0.009793
0.009729
0.009781
0.009883
0.00984
0.00986
0.009815
0.009779
0.009785
0.009745
0.009756
0.009785
0.00982
0.009813
0.009768
0.009777
0.009768
0.009743
0.009753
0.009788
0.00975
0.009795
0.009798
0.00986
0.009787
0.009768
0.009713
0.009679
0.00969
0.009708
0.009741
0.009821
0.009864
0.00984
0.009859
0.009837
0.009758
0.00978
0.009788
0.009779
0.009797
0.009789
0.009723
0.009702
0.009657
0.009637
0.009622
0.009677
0.009697
0.009811
0.009814
0.009856
0.009842
0.009822
0.00985
0.009779
0.009766
0.009764
0.009749
0.009744
0.009778
0.009769
0.009789
0.009757
0.009747
0.00979
0.009778
0.009772
0.009798
0.009844
0.009835
0.009841
0.009821
0.009792
0.00978
0.009826
0.009843
0.009856
0.009873
0.009875
0.009854
0.009825
0.009806
0.009813
0.009793
0.009825
0.009842
0.009826
0.009767
0.009756
0.009738
0.009761
0.009752
0.009753
0.009768
0.009808
0.009815
0.009802
0.009818
0.009789
0.009789
0.009817
0.009791
0.009812
0.009794
0.009825
0.009839
0.009865
0.009873
0.009849
0.009823
0.009784
0.009796
0.00982
0.009848
0.009831
0.009872
0.009869
0.009843
0.009837
0.009833
0.009868
0.009863
0.009867
0.009854
0.009854
0.009821
0.00982
0.00982
0.009791
0.009714
0.009724
0.00976
0.009758
0.009736
0.009792
0.009794
0.009817
0.009787
0.00978
0.00976
0.009755
0.009776
0.00975
0.00972
0.009675
0.009633
0.009619
0.009618
0.009609
0.00962
0.009637
0.009612
0.009591
0.009513
0.009537
0.009496
0.009516
0.009445
0.009398
0.009365
0.009356
0.009331
0.009328
0.009341
0.009295
0.009202
0.009177
0.00918
0.009179
0.009185
0.009194
0.009145
0.009146
0.009119
0.00915
0.009241
0.009109
0.009181
0.009237
0.009222
0.009266
0.009271
0.009306
0.009341
0.009458
0.009427
0.009376
0.009362
0.009377
0.009323
0.00924
0.009254
0.009286
0.009257
0.009244
0.009139
0.008918
0.008773
0.008808
0.008723
0.008701
0.00872
0.008716
0.008639
0.008662
0.008638
0.008598
0.008584
0.008564
0.008493
0.008467
0.008491
0.008446
0.008478
0.008498
0.008492
0.008425
0.008461
0.008387
0.008346
0.008347
0.008229
0.008281
0.008383
0.008436
0.008377
0.008444
0.008463
0.008526
0.008503
0.008403
0.008369
0.008341
0.008289
0.008302
0.008328
0.008305
0.008291
0.008371
0.008347
0.00835
0.008317
0.008362
0.008443
0.008368
0.008367
0.008432
0.008453
0.008478
0.008544
0.008571
0.008507
0.00851
0.008426
0.008473
0.008464
0.008487
0.008448
0.008484
0.008489
0.008448
0.008517
0.008523
0.008524
0.008509
0.008526
0.00839
0.008425
0.008377
0.008312
0.008413
0.008424
0.008449
0.008397
0.008385
0.008408
0.008419
0.008411
0.008412
0.008408
0.008373
0.008351
0.008324
0.008363
0.00835
0.008324
0.00827
0.008243
0.008262
0.008236
0.008238
0.008246
0.008239
0.008239
0.008265
0.008269
0.008338
0.008349
0.008357
0.008368
0.008376
0.008392
0.008329
0.008337
0.008368
0.008353
0.008401
0.008393
0.008313
0.008337
0.008306
0.008317
0.008317
0.00838
0.008395
0.008385
0.008407
0.008376
0.008365
0.008341
0.008354
0.0084
0.008408
0.008408
0.008424
0.008358
0.008314
0.008322
0.008343
0.008361
0.008347
0.008353
0.00833
0.008345
0.008397
0.008394
0.008375
0.008343
0.008292
0.008249
0.008261
0.008232
0.00823
0.008136
0.008072
0.008075
0.008057
0.008007
0.008063
0.008041
0.008031
0.007967
0.007996
0.008047
0.008146
0.008088
0.008106
0.008101
0.008104
0.00805
0.008128
0.008155
0.008109
0.008073
0.008063
0.008091
0.008074
0.008165
0.00819
0.008127
0.008121
0.008142
0.00816
0.008179
0.008282
0.008243
0.008141
0.008105
0.008107
0.008073
0.00806
0.008062
0.008046
0.008077
0.00806
0.008078
0.008081
0.008116
0.008091
0.008077
0.008042
0.008067
0.008073
0.008066
0.008007
0.008025
0.008048
0.008027
0.007991
0.008068
0.008037
0.008051
0.008041
0.00804
0.00806
0.008101
0.008206
0.008389
0.008338
0.008378
0.00825
0.008239
0.008247
0.008347
0.008323
0.008333
0.008409
0.00838
0.008347
0.008259
0.008292
0.008287
0.008337
0.008308
0.008287
0.008268
0.008344
0.008313
0.008334
0.008319
0.008362
0.008283
0.008346
0.008355
0.008356
0.008351
0.008348
0.008301
0.008315
0.008338
0.008339
0.008314
0.008338
0.00835
0.008391
0.008446
0.008375
0.008371
0.008344
0.008336
0.008288
0.008246
0.008265
0.008307
0.008298
0.008258
0.008284
0.008284
0.008261
0.008226
0.00821
0.008118
0.008121
0.008121
0.008133
0.008144
0.008138
0.008118
0.008104
0.008097
0.00814
0.008142
0.008137
0.008168
0.008151
0.008158
0.008141
0.008121
0.008136
0.008095
0.008146
0.008118
0.008114
0.008134
0.008237
0.008234
0.008278
0.008285
0.008214
0.008204
0.008155
0.008236
0.008256
0.008264
0.00827
0.008313
0.008304
0.00831
0.008304
0.008292
0.008319
0.008308
0.008374
0.008405
0.008431
0.008477
0.008488
0.008521
0.008496
0.00847
0.008467
0.008563
0.008521
0.008513
0.008585
0.008499
0.008438
0.008435
0.008434
0.00841
0.008419
0.008267
0.008263
0.008321
0.008492
0.008561
0.008553
0.008648
0.008708
0.008762
0.008927
0.008835
0.008722
0.008781
0.008755
0.008811
0.008893
0.008846
0.008915
0.008977
0.008875
0.008779
0.008855
0.008772
0.008791
0.00881
0.008778
0.008807
0.008885
0.008843
0.008862
0.008793
0.008789
0.008849
0.008795
0.00898
0.008964
0.008946
0.008898
0.008886
0.008872
0.008839
0.008822
0.008851
0.008885
0.008888
0.008948
0.008995
0.009069
0.009114
0.009246
0.009227
0.009258
0.009194
0.009157
0.009156
0.009202
0.009187
0.009164
0.009118
0.009132
0.008957
0.00899
0.008976
0.008984
0.00923
0.009361
0.009395
0.009405
0.00934
0.009322
0.009376
0.009224
0.009151
0.009215
0.009178
0.009186
0.009178
0.009171
0.009114
0.009108
0.009051
0.009144
0.009092
0.009074
0.009108
0.009098
0.008998
0.009035
0.009119
0.009197
0.009367
0.00935
0.009308
0.009363
0.009382
0.009335
0.009422
0.009435
0.009439
0.009582
0.009595
0.009594
0.009558
0.009571
0.009457
0.009782
0.00982
0.009739
0.009735
0.00969
0.009756
0.009756
0.00985
0.009859
0.009934
0.009948
0.009732
0.009531
0.009588
0.009495
0.009488
0.009421
0.009425
0.009373
0.00945
0.009417
0.009446
0.009543
0.009463
0.009537
0.00977
0.009781
0.009925
0.009868
0.00989
0.009825
0.009749
0.009809
0.009868
0.009841
0.009884
0.009878
0.009968
0.009969
0.009995
0.00998
0.009967
0.009978
0.009954
0.009946
0.009873
0.009788
0.009706
0.009682
0.009682
0.009619
0.009678
0.00979
0.00982
0.00976
0.009732
0.009813
0.009784
0.009757
0.00978
0.009774
0.009829
0.009834
0.009928
0.00992
0.009902
0.009966
0.009963
0.009942
0.009887
0.009858
0.009849
0.009713
0.00966
0.00962
0.009705
0.009639
0.009666
0.009581
0.00965
0.009615
0.009623
0.009629
0.009684
0.00962
0.009622
0.009593
0.009592
0.009562
0.009499
0.009491
0.009525
0.009597
0.009678
0.009707
0.009692
0.009576
0.009516
0.009488
0.009377
0.009386
0.009253
0.009186
0.009158
0.009103
0.009028
0.009001
0.009006
0.008886
0.00882
0.008835
0.008901
0.008877
0.008761
0.008735
0.008797
0.008813
0.008779
0.008788
0.008756
0.008672
0.008698
0.008674
0.008684
0.008482
0.0085
0.008568
0.00849
0.008502
0.008505
0.008533
0.008538
0.008514
0.008507
0.008583
0.008569
0.00852
0.008515
0.008518
0.008665
0.008556
0.008608
0.008632
0.008672
0.008769
0.008713
0.008763
0.008854
0.008817
0.008666
0.008704
0.008844
0.008806
0.008798
0.008725
0.008679
0.008802
0.008849
0.008812
0.008869
0.008885
0.008923
0.008934
0.008947
0.008839
0.00882
0.00879
0.008741
0.008755
0.008821
0.008862
0.008838
0.008807
0.008811
0.008871
0.008912
0.008907
0.008933
0.008798
0.008734
0.008738
0.008769
0.008773
0.008725
0.008713
0.008708
0.008714
0.008721
0.00873
0.008825
0.008877
0.008884
0.00895
0.009028
0.009006
0.00902
0.009043
0.009037
0.009005
0.008978
0.008984
0.009008
0.009034
0.008985
0.009019
0.008996
0.009012
0.009111
0.009123
0.009167
0.009206
0.009215
0.009221
0.009186
0.009147
0.009176
0.009109
0.009011
0.008951
0.008987
0.008975
0.008948
0.008919
0.0089
0.008885
0.00887
0.008851
0.008758
0.008767
0.008787
0.008817
0.008803
0.00883
0.008976
0.009012
0.008973
0.008998
0.008956
0.008927
0.00895
0.008981
0.008984
0.009026
0.009036
0.008979
0.009053
0.009053
0.009139
0.009141
0.009083
0.009051
0.009116
0.009084
0.009167
0.009013
0.009023
0.008975
0.008971
0.00898
0.008983
0.008985
0.008953
0.008898
0.00891
0.008931
0.0089
0.008817
0.008834
0.008832
0.008825
0.008767
0.008759
0.008776
0.008833
0.008825
0.008881
0.008871
0.008925
0.008952
0.00895
0.009002
0.008993
0.008958
0.008917
0.008983
0.009022
0.009056
0.009068
0.009056