2.5534233958
2.5311450382
2.5051421658
2.4990931076
2.4953101362
2.4844316808
2.4644685336
2.4727107338
2.5106577345
2.538508745
2.519054878
2.5225087746
2.5331905782
2.5050213025
2.506135434
2.5133616763
2.5190758474
2.5208143421
2.502276867
2.500151699
2.4842900302
2.4730177872
2.4877272727
2.4737954992
2.4433343275
2.4343223498
2.4439635875
2.4444444444
2.4260804769
2.42186102
2.4329604773
2.4290833085
2.441568158
2.4418048708
2.430588585
2.4160464424
2.4275037369
2.4133652265
2.3967326139
2.4294135429
2.4208301887
2.4528991021
2.4563431701
2.4580222459
2.4456621005
2.4417438858
2.4398422091
2.4579283111
2.476625552
2.4945121951
2.4882657726
2.4790839695
2.4846494578
2.480608365
2.4759374526
2.4660003029
2.4479855683
2.4714221083
2.4736048265
2.4532027129
2.4551922495
2.4419062027
2.434592145
2.4322084965
2.4085457271
2.3978156792
2.4042329631
2.3923423423
2.3889471319
2.4092339979
2.4131413141
2.4072472413
2.4058122206
2.4085748431
2.3967852359
2.3870490834
2.3911104504
2.400238237
2.3886164363
2.3866528559
2.3825612275
2.3777121771
2.393665828
2.3770805715
2.3530358449
2.3415380134
2.3269675926
2.3612078978
2.3722278591
2.386383474
2.3811953353
2.3779596609
2.3615967366
2.3630656934
2.3596095002
2.3696002343
2.3637956204
2.3786678404
2.3772393539
2.3575615475
2.3401022644
2.3258116174
2.3504474109
2.3458768191
2.3556670602
2.3574793875
2.3619216033
2.3913365969
2.371969249
2.369337465
2.3631687243
2.3471244131
2.367955149
2.356753572
2.3444541996
2.3629586318
2.3451146488
2.3292343727
2.3146149358
2.3306038895
2.3328452189
2.3405413357
2.3354886113
2.3253313697
2.3378477845
2.3305482263
2.3284853827
2.3273291008
2.3042842521
2.3212496316
2.3104154476
2.3114080164
2.2989705882
2.2906874266
2.2934686673
2.2827494848
2.3016999261
2.3071111111
2.3158596179
2.3200948429
2.3174673784
2.3498285885
2.344966443
2.3663069544
2.3883026831
2.379273987
2.4029625151
2.4079903148
2.4082340522
2.4349984953
2.4435739039
2.4327617329
2.4212804059
2.4158843689
2.4206586826
2.4198496241
2.4080805047
2.4204222189
2.3917372567
2.3919500965
2.3739104742
2.3754635811
2.3693693694
2.3772437324
2.4163179916
2.4148092745
2.4021267036
2.3760429082
2.3730182471
2.3828605733
2.3634062826
2.3751120406
2.4025974026
2.3857482892
2.4035297637
2.3912654643
2.3943095486
2.3950193856
2.4102335267
2.4153345175
2.3876437629
2.3622209166
2.365806927
2.378210806
2.3965186606
2.3881365911
2.3967479675
2.4082054309
2.4060891308
2.4130562924
2.417464291
2.417976208
2.4112231477
2.4102301041
2.4174130084
2.4445592795
2.4322855464
2.432734766
2.4313408724
2.4297690837
2.4282141806
2.4328424153
2.4441493286
2.4516081221
2.462688777
2.4808035714
2.4952935903
2.4886075949
2.4740751746
2.4848125648
2.4498448811
2.4482555572
2.4353721444
2.427919305
2.4087763216
2.4166176471
2.4053657821
2.4187858298
2.4164098048
2.3754755634
2.3756054601
2.3773723702
2.3910350929
2.389713446
2.3797449802
2.3632772495
2.3752380952
2.3651792246
2.3876891435
2.3690301787
2.366866501
2.3679824561
2.3816928268
2.3551319648
2.3684210526
2.3583382267
2.3636497642
2.3528371408
2.3538597525
2.3695523273
2.3700799053
2.3873249816
2.3981686605
2.4070076878
2.3984363475
2.3953625757
2.4016853933
2.387292654
2.3815243179
2.3737090587
2.3709725096
2.3740751702
2.3809594096
2.3702774498
2.3744117647
2.3705985915
2.3581110625
2.3421319797
2.3530950305
2.3451983147
2.3369486623
2.3631365741
2.3805926787
2.3845150065
2.4023357664
2.38433542
2.385791236
2.3990671914
2.3937191044
2.3890903815
2.3698709584
2.365270329
2.3764142733
2.3887033541
2.3962100391
2.3778290327
2.3831937626
2.3694340707
2.3557443133
2.3461979914
2.349291293
2.3369045895
2.3331884688
2.3103002442
2.3019466474
2.2917447054
2.3104447342
2.3264009243
2.3296750903
2.3271542361
2.3063089195
2.3164796736
2.3246942341
2.3326554329
2.3291745249
2.3195995938
2.3286754003
2.3634502924
2.3430198598
2.3245639535
2.303227674
2.3177990708
2.2914733179
2.304581038
2.3021561772
2.2948513416
2.2861502689
2.292782305
2.3102795574
2.3041387351
2.2993296415
2.3050277697
2.3075007325
2.3100058685
2.319581553
2.3088451366
2.3060085206
2.3102130786
2.3230882353
2.332354237
2.3264619883
2.3104956268
2.3077482192
2.3130371449
2.3161721931
2.3067226891
2.3185840708
2.3272331155
2.2973325602
2.2946389656
2.3047535725
2.3160280784
2.3227931489
2.320608454
2.3369165071
2.3425912247
2.3541295306
2.3391613572
2.3327425786
2.3285166618
2.3258691809
2.3321022308
2.3202172956
2.3280235988
2.3274257864
2.302945094
2.2996005326
2.3181683021
2.3267593008
2.3065071055
2.2806677597
2.2847336218
2.2858421602
2.2598178289
2.2360821673
2.2520059435
2.2405947955
2.2259501188
2.2349857721
2.220722747
2.2260817488
2.2334880935
2.2214522447
2.231326392
2.206642621
2.2323763716
2.235982009
2.2515429776
2.2425920383
2.2228682171
2.2261113573
2.2462653454
2.2551336977
2.2529568303
2.228917442
2.2232866618
2.2329495128
2.2165614447
2.2044920728
2.2300088522
2.2225153914
2.215970696
2.2254411765
2.2079280872
2.2295081967
2.2287959668
2.2235398755
2.2248371818
2.2342941611
2.250667062
2.24411547
2.240521327
2.2502227502
2.2490318737
2.2395663152
2.2417468542
2.2358853089
2.2390886226
2.2334370831
2.2269965921
2.2262806236
2.2125389062
2.2078842463
2.2083887166
2.2250368189
2.2324658139
2.2190797186
2.2264593722
2.2204805157
2.2262623289
2.2214338507
2.2280701754
2.228171947
2.2075136814
2.2198634204
2.2352590828
2.2440909767
2.2334572491
2.2261269276
2.2223046122
2.231819531
2.2360017823
2.2333036509
2.2141273829
2.2111242254
2.197875166
2.2015068696
2.1890135854
2.2040998217
2.203480589
2.1847455112
2.1812926178
2.1622865627
2.1509824199
2.1298204298
2.1457323344
2.1497420781
2.1443968699
2.1383498741
2.1204605846
2.095997637
2.08823094
2.0784603997
2.0938890537
2.0895034196
2.0769572954
2.0861735377
2.0870532404
2.0953229399
2.1311524164
2.1706845238
2.1558229352
2.1717472119
2.1822667464
2.1957989497
2.2217044942
2.2135849057
2.192481203
2.1773494696
2.1656184486
2.1720042099
2.1738542449
2.1768503228
2.1976516634
2.2321915732
2.2103986661
2.1975102475
2.1932887944
2.1862581526
2.1833434099
2.1896916566
2.201994259
2.1984836998
2.1750606796
2.1907884703
2.2197247706
2.2225114855
2.2084412616
2.2185582822
2.2110260337
2.2239423666
2.1849357012
2.2006134969
2.1941702653
2.2043693833
2.2036094401
2.2235439518
2.2098918083
2.2140971899
2.2140634723
2.2185554172
2.2139520399
2.197858473
2.1804267161
2.161439827
2.1549946129
2.1790104487
2.1782969567
2.1987644788
2.1870868563
2.2254522963
2.2445576656
2.2203363678
2.1977686077
2.207619339
2.1946339245
2.2244274809
2.2094976332
2.2056856187
2.2264866505
2.2438801885
2.2424519671
2.2301248858
2.2436092514
2.2399208885
2.2401395631
2.2441207707
2.2341743466
2.2586884255
2.2350735074
2.2390945885
2.2373389272
2.2375335921
2.253257451
2.2443411782
2.2477517986
2.2327109783
2.2245294293
2.2421875
2.2383799133
2.2170589117
2.2218214608
2.2114457831
2.2258503401
2.2303039468
2.2191325374
2.1983185708
2.2208792869
2.2097701149
2.203103812
2.1953971119
2.1899399399
2.1978947368
2.1867605212
2.2099521817
2.1966771441
2.2237793852
2.2018722633
2.2068548996
2.1807338064
2.1883028563
2.2081874905
2.2107746157
2.2292876796
2.2172915073
2.2319063751
2.2160171832
2.2202894089
2.2135504686
2.2222906404
2.2307101137
2.2079449962
2.2055674518
2.2201567061
2.2497292279
2.2700030893
2.2710554783
2.2569626096
2.2602293862
2.2707720873
2.2702242846
2.2708236389
2.236338376
2.2524135783
2.2461394478
2.2372961104
2.2297572435
2.2371925427
2.2477165354
2.2297191276
2.2342356439
2.234423676
2.2428997332
2.2468304899
2.2483886181
2.236249015
2.2418207681
2.2579221189
2.254090623
2.2440597954
2.2533249883
2.266343447
2.2297402395
2.2448820128
2.2475402155
2.2402435217
2.2435176507
2.2337662338
2.2390114187
2.2266955714
2.2295689788
2.2253019511
2.2227202473
2.2283635238
2.2173376523
2.2127987664
2.1937068304
2.2007355195
2.1994179813
2.1943890848
2.2070924163
2.2181285648
2.2031153609
2.1871057086
2.1939814815
2.200620155
2.2018320137
2.2012053778
2.1989843029
2.1998463902
2.1996320147
2.2122329799
2.1942091483
2.2089668011
2.1830833462
2.1982998454
2.1937027319
2.1824884793
2.201203518
2.1813288219
2.1767777607
2.1710465652
2.157379057
2.1207920792
2.1139510117
2.0930056137
2.0872075357
2.1001371742
2.1075546117
2.1299984795
2.1418774764
2.1528076097
2.1451142813
2.1442808954
2.1579829372
2.1504263094
2.1451979973
2.1492718447
2.1522827241
2.1412695996
2.1376438522
2.1445874338
2.1248111212
2.1270968717
2.1180030257
2.1495127893
2.1410314925
2.1434650456
2.1510297483
2.148334861
2.151659496
2.15316008
2.1601538462
2.1786043652
2.1988601356
2.2063271605
2.1930800124
2.1918694179
2.1943761524
2.1895124195
2.182848392
2.1809698639
2.1852760736
2.1984334204
2.1953053084
2.1824159021
2.1620426829
2.1764434889
2.1717047721
2.1972590083
2.1973197782
2.1868368445
2.1941628264
2.1985339035
2.2247847478
2.2319667078
2.2314228333
2.2412138102
2.2392477262
2.2280917912
2.2215550423
2.2248575389
2.2337642351
2.2427379481
2.2518918919
2.2552729529
2.256088103
2.2478179551
2.265017118
2.2686079103
2.2905902615
2.279462332
2.3082459709
2.2917838176
2.3037280702
2.2944948389
2.2986809045
2.3035686213
2.3073423282
2.3031588873
2.2825267128
2.2934526613
2.307837286
2.3205470838
2.3273875296
2.322488945
2.3229052036
2.2976955636
2.3143036386
2.3173258004
2.3120899719
2.2989690722
2.2816217909
2.2737106129
2.2563380282
2.2683651141
2.2551799346
2.2684416601
2.2741555381
2.2798295455
2.2620396601
2.2445146014
2.2374292898
2.2471273414
2.2516525024
2.2613905092
2.2890218932
2.2962436869
2.3145353455
2.33322699
2.3216160331
2.3237731039
2.3209109731
2.334823567
2.3245403677
2.335470428
2.3324250681
2.2977366911
2.3001114472
2.2740270056
2.2691573927
2.2482506361
2.2666241429
2.2648423748
2.2594369802
2.2558362648
2.2565579015
2.2539808917
2.2560202788
2.2505136716
2.2416234073
2.2459016393
2.2333438089
2.2288909893
2.2464611513
2.2530708661
2.2646780303
2.261122465
2.2633145363
2.2658188099
2.2696927156
2.289143395
2.2945992757
2.2854442344
2.2807516185
2.2758128469
2.2990281982
2.3040357314
2.3230350568
2.322838421
2.3041196119
2.3170809433
2.3160828025
2.3081590292
2.2982736573
2.3044518909
2.2992969
2.2981336736
2.2934036096
2.3042644945
2.3075327162
2.3107957264
2.2905684344
2.2951239009
2.3117950371
2.3213939981
2.3124496698
2.2978928744
2.2835629606
2.2803078897
2.2687912442
2.2543593025
2.2538265306
2.2482933799
2.2433677522
2.2542184018
2.27311931
2.2605847579
2.2706392547
2.2549176395
2.2660697154
2.2663484487
2.2830759433
2.2737678855
2.2765923567
2.2763555414
2.2760873029
2.2764266412
2.2675138999
2.2683741648
2.287835249
2.2824207493
2.2784219002
2.2759729817
2.2663783437
2.2612641299
2.2657865437
2.2571836799
2.2496442688
2.2618406463
2.2568618118
2.2447397564
2.2463906076
2.2532695375
2.2616168046
2.2543123912
2.2575229648
2.2561826252
2.2541488857
2.2521300095
2.2451104101
2.2587899905
2.2712511939
2.271291866
2.2697452229
2.2732057416
2.3007662835
2.2877629063
2.2828748609
2.2872628726
2.2791805622
2.281110402
2.2900909526
2.2893772894
2.2867355044
2.279777954
2.2824500159
2.2770131308
2.2733858268
2.2788537238
2.2762144317
2.2750117795
2.2782321485
2.2714733542
2.2766823161
2.2736644799
2.2845948911
2.2856694889
2.2837310872
2.2874101843
2.299154665
2.3023219329
2.2990126939
2.2854899497
2.2873257089
2.2759856631
2.2703669154
2.2579086801
2.2677876382
2.2655472637
2.2511965416
2.2478026214
2.2406639004
2.2344468281
2.2368663594
2.2332209623
2.2333282232
2.2371402327
2.2434008594
2.250728863
2.2310160428
2.2341888176
2.2419972431
2.2340229885
2.235934386
2.2382411521
2.2475369458
2.2599815725
2.2577921081
2.2647783251
2.2838360402
2.2862666254
2.3045897079
2.2931751656
2.2892928059
2.2797628098
2.2866920152
2.2765570541
2.3155096461
2.3068902992
2.3206257594
2.3217589083
2.338729383
2.3343032159
2.3317542787
2.3178011268
2.3366849482
2.3383242589
2.3498023715
2.3721781574
2.3759202454
2.4182181874
2.4140264534
2.4182573892
2.4216625464
2.4363327674
2.4699624531
2.4779097387
2.4618630822
2.4739648683
2.4837327408
2.4509433962
2.475507954
2.4773519164
2.4770919504
2.4900190114
2.4988825032
2.4340519975
2.4256191828
2.4159557662
2.3958169524
2.4107648725
2.3974338914
2.4131352619
2.3971000935
2.3987213473
2.404941769
2.3959542104
2.3767282896
2.36794512
2.3675280199
2.3688958009
2.381973582
2.3913991898
2.412314887
2.4120947631
2.4129554656
2.4261531294
2.4526794108
2.4628086177
2.4300421151
2.4360337817
2.4417544411
2.4494470774
2.4757898079
2.4574687153
2.4409299383
2.4317570773
2.4500394633
2.4453014324
2.441736122
2.454833096
2.4723147707
2.4671509792
2.4540302267
2.4595832018
2.4909552523
2.4836260085
2.4876033058
2.500159185
2.4946630556
2.4961710274
2.4820258827
2.4972058119
2.4903800286
2.4759638267
2.4691514671
2.4622956025
2.4585906572
2.435321821
2.4343036979
2.4125097733
2.4273169202
2.4240337975
2.423673086
2.4335423197
2.4304625448
2.4360337817
2.4376956794
2.4385910224
2.4394576905
2.4217485999
2.4356697819
2.4189440994
2.4579701121
2.489118522
2.4919962335
2.5063930545
2.5014191107
2.4866141732
2.5043574711
2.5099316701
2.5079214195
2.4973838592
2.4853358562
2.4904559079
2.4580908948
2.4419593637
2.4305490011
2.4418750983
2.4352793864
2.4242329855
2.4440466926
2.4516783763
2.4576165155
2.4618272841
2.46703125
2.4491578291
2.4531590414
2.4564811937
2.4761904762
2.4860309037
2.4700510757
2.4843871369
2.4841664079
2.4847967732
2.4668529731
2.4718996749
2.4705062703
2.4839060799
2.5134033548
2.5320290312
2.5386191677
2.5330292545
2.5092884131
2.5173061864
2.5060823456
2.5019509911
2.5208691574
2.4923172435
2.488624052
2.4744638173
2.4731414499
2.4597789377
2.4725628449
2.4815837937
2.4721326578
2.4781475234
2.4772413793
2.4738447461
2.4846364466
2.4906349931
2.515797546
2.5059342666
2.5233430277
2.5054074638
2.4874905231
2.5004549591
2.497412481
2.4869380316
2.4754372624
2.4928024502
2.4779614325
2.4685923888
2.4602427921
2.4510191664
2.4338101035
2.4112390185
2.4158850227
2.3988561108
2.387023935
2.368861024
2.3534946237
2.3610280932
2.3617466726
2.3430016362
2.3401067932
2.3401330377
2.3580573951
2.3602237598
2.3513354858
2.345646438
2.3658464712
2.3801091929
2.38002075
2.3368281158
2.3252779837
2.31660746
2.31522061
2.3171597633
2.3343288039
2.3317058736
2.3226378826
2.3180680312
2.296241926
2.3091603053
2.3198178346
2.3223335298
2.3118263694
2.3203955136
2.2970107495
2.3005043014
2.2773615396
2.2947739284
2.2886042789
2.2811547947
2.2851539802
2.2730301275
2.2918061418
2.2810912785
2.2794138982
2.2711667152
2.2833767738
2.2960812772
2.3232426139
2.3069551329
2.3056401334
2.3001878884
2.2954252115
2.2866874823
2.2783856757
2.266544377
2.2713822742
2.235706278
2.2298802562
2.2357531002
2.2366592551
2.2330973206
2.2307374225
2.2382397572
2.2231959469
2.2266975099
2.2140738744
2.2147968138
2.2395619439
2.2549586777
2.2529541083
2.2533644603
2.2626556017
2.273814433
2.2459555799
2.2399397755
2.2304103197
2.2175448126
2.2292728736
2.250846081
2.2352861221
2.2530005456
2.2562263129
2.2501686682
2.2279107071
2.2523452158
2.2563999464
2.243517776
2.2526838433
2.2586699306
2.265680152
2.2597331881
2.2495976395
2.2495943753
2.2196305784
2.2371413102
2.2454766406
2.2262685768
2.2339259457
2.2327170418
2.2240356083
2.2366799069
2.2420662179
2.2585419837
2.2480385409
2.2298708436
2.2202422386
2.2084374133
2.226459905
2.2391825229
2.2460005613
2.2568082404
2.2446274072
2.2480825547
2.2336783989
2.2499653979
2.2515592516
2.2691714566
2.2658959538
2.245385906
2.2619014183
2.2472304025
2.2606375509
2.250348675
2.2365785814
2.2196938353
2.2173913043
2.2236987818
2.2319609211
2.2115917915
2.2132404181
2.2228907234
2.2369788011
2.2227541538
2.2204058625
2.1996919199
2.1916968515
2.2086139169
2.2060673843
2.1831786061
2.1662986475
2.1854166667
2.1685052399
2.1698475903
2.1782286811
2.1774945175
2.1713739937
2.1738179831
2.1852614245
2.1877384196
2.1882850901
2.1735322294
2.1909575195
2.2036001636
2.2063106796
2.2248082874
2.2489154013
2.2400270453
2.2381722604
2.2463768116
2.2518939394
2.2433526792
2.2473712591
2.236609534
2.2355633329
2.241314554
2.2105053191
2.2159242465
2.2330917874
2.1994452516
2.198520671
2.2151362794
2.2099894012
2.2080863954
2.1965598739
2.2089276281
2.203659821
2.2055026731
2.2188441882
2.2165970772
2.22500656
2.2221639344
2.2293770492
2.2213200629
2.2334343301
2.2400320043
2.2378989362
2.2322546278
2.2282390694
2.2097818903
2.1931549961
2.1849324058
2.1808358287
2.1911630929
2.1973667058
2.2192140886
2.2108480749
2.2147887324
2.2162760417
2.2215272348
2.2391390466
2.2278215223
2.2303378114
2.2419565786
2.2329442283
2.241370327
2.2456208641
2.2441180294
2.2622800105
2.2543390317
2.2496755775
2.2835429769
2.2802248072
2.314009021
2.3004867781
2.2882422336
2.3235761589
2.3401829511
2.3566582413
2.368766756
2.3472240714
2.3341272992
2.3214752812
2.3241614256
2.3158582821
2.3202930786
2.3035991714
2.3101036269
2.3137533963
2.3101004896
2.3170637971
2.3381202718
2.3408447077
2.3452685422
2.346975089
2.3594546381
2.3465800535
2.3678116557
2.3617490593
2.3320342946
2.3205361791
2.3430703899
2.37813271
2.3897535668
2.398867527
2.3880636256
2.3851880878
2.4241784347
2.4168555807
2.4175066313
2.4339142091
2.4558214142
2.4458522273
2.4518538277
2.4521311911
2.4700797872
2.487626397
2.4846844468
2.4941983122
2.4772488164
2.4868490268
2.4970507275
2.5061451037
2.5138040881
2.4983183102
2.4941914808
2.5138261101
2.5010012014
2.5019450034
2.4943850267
2.5
2.4676075269
2.4396574793
2.4301720688
2.4297389929
2.437905039
2.4269692572
2.3899112935
2.3821546596
2.4048637092
2.4019986676
2.4139448074
2.4337801609
2.4309180024
2.4373336881
2.4545816733
2.4665157769
2.4535101822
2.4089337942
2.3906167633
2.377486911
2.3915260887
2.4117415804
2.4326519916
2.404915232
2.3888523728
2.4051013734
2.4159233998
2.4313985921
2.4346496477
2.4585731495
2.4247763983
2.4059685442
2.4016426552
2.4128329298
2.4345718901
2.4234148979
2.4109663409
2.3994299674
2.4114526659
2.4171405361
2.4210882512
2.4251333242
2.4286105407
2.434055388
2.4341671248
2.4482475356
2.4590703414
2.4729953155
2.469091412
2.4701295084
2.4346740638
2.4652131648
2.4559665038
2.4477383438
2.4492733564
2.4611636971
2.454157489
2.4287671233
2.4564292576
2.45
2.4932636789
2.4844456626
2.49002849
2.5015010917
2.4972051806
2.5128590971
2.4960490463
2.4996598177
2.4811867835
2.4762673121
2.4718480603
2.4813559322
2.5038022814
2.4807587336
2.4896305453
2.5020519836
2.5190082645
2.522480407
2.5067521484
2.4984313191
2.4700773511
2.4755616065
2.4540083255
2.4555630479
2.456270183
2.432552504
2.4253442053
2.4247232964
2.425830356
2.4240455992
2.4396928373
2.4497557111
2.4457466421
2.4494130062
2.4608787439
2.4578807947
2.4554468535
2.4521980932
2.4436168823
2.4480052322
2.4278046865
2.4279475983
2.4290038163
2.4213861386
2.4475924448
2.4260023978
2.4216259299
2.409712087
2.4118740869
2.4341456918
2.4052950474
2.3957731688
2.4041348433
2.414800262
2.4228338162
2.4138611257
2.419875612
2.4284001599
2.4120188531
2.4025329678
2.3896511172
2.3824758423
2.3727319855
2.3593932322
2.3720078483
2.3392530687
2.3446386642
2.3493518397
2.3485901639
2.3686362437
2.3720746779
2.3434435874
2.3285231409
2.3088120613
2.3123863931
2.2832325312
2.3052224371
2.2941327844
2.3176076308
2.3339828527
2.3247642423
2.3077422707
2.3096649485
2.3260643821
2.3101396793
2.3135713365
2.3000256542
2.2992849847
2.298151689
2.300330873
2.3068008151
2.2864768683
2.2830141129
2.2697551123
2.265625
2.2510724199
2.2389469707
2.2401960784
2.2467467467
2.2550815558
2.2483964281
2.258931953
2.2530422783
2.2585818091
2.2569671102
2.2639899624
2.2622930412
2.271519066
2.2603316011
2.24582368
2.2504906771
2.2460142261
2.2272561198
2.2367137981
2.2400684513
2.2545677498
2.2376333657
2.222409842
2.2238626816
2.2134844869
2.2217573222
2.2083582804
2.2061288006
2.2176716418
2.2197907899
2.2128446938
2.216732307
2.2329394743
2.2187462687
2.2019914651
2.2225519288
2.2178731431
2.2251561947
2.2322542672
2.2463270142
2.2688606392
2.2870337478
2.2884203002
2.3239841784
2.3338938266
2.3485086342
2.3610500611
2.3488856233
2.3453721841
2.3645526057
2.383634563
2.3797917942
2.3909169657
2.3795003674
2.3936340175
2.3677934849
2.3822028625
2.3660791323
2.3621050043
2.3569691073
2.3499634948
2.3280281861
2.3172463594
2.3018142497
2.3026124819
2.2995115995
2.3100110281
2.3196386586
2.3054114159
2.2880175889
2.2841682879
2.2677608722
2.261167147
2.2796827334
2.2651496715
2.2819103457
2.3012788982
2.3088126389
2.2914634146
2.3004533758
2.3041167017
2.3181985973
2.3387876534
2.3435247328
2.3329615861
2.3280148423
2.3371386028
2.335693875
2.3464035964
2.3338778588
2.3126869392
2.3236582009
2.3204460967
2.3093382808
2.3329631001
2.332799803
2.3318869328
2.3241320083
2.3303384615
2.3424268609
2.3461207427
2.3641546852
2.3720238095
2.3780533168
2.372270877
2.3862703644
2.3707377557
2.3756376757
2.3664657399
2.3550884956
2.3440729483
2.3154289834
2.3134400193
2.3185265439
2.3091874925
2.3087313073
2.3174488568
2.3149596823
2.3058357349
2.295812152
2.2809083263
2.2702997937
2.2756480467
2.2775137112
2.2822896282
2.2728815614
2.2900085189
2.2842627313
2.2828331916
2.2875976563
2.2909090909
2.2975347815
2.2914683266
2.3058924415
2.3370800395
2.336886465
2.3410891089
2.3353196772
2.3518150174
2.3754679311
2.3785394933
2.3776015857
2.3643910296
2.3665594855
2.3677819083
2.3734729494
2.3780137414
2.3888054095
2.3988446565
2.3739653875
2.3729302559
2.3754219277
2.3719368081
2.3458106098
2.3293316832
2.3285077951
2.3368276551
2.3313335833
2.3345119333
2.3346886912
2.3274291498
2.3189100542
2.3155505108
2.3047871669
2.3020151134
2.3075855105
2.31714105
2.3077313054
2.2872553939
2.2897513188
2.2835484275
2.2606688295
2.2671241422
2.262901412
2.2676371781
2.2892438233
2.2858211747
2.2851229303
2.2643678161
2.2678481649
2.262966675
2.2577089783
2.2554139339
2.2515715518
2.2484893328
2.2464624093
2.2501855058
2.2360034453
2.2461178211
2.247387188
2.232300885
2.2155563735
2.1996071692
2.1974680402
2.181243022
2.1815694565
2.1736926691
2.1408381467
2.1155582672
2.1338515729
2.1391231029
2.1201545707
2.1261337526
2.1385534821
2.1285106383
2.1188444661
2.1169196866
2.1288246722
2.1134648162
2.1278644564
2.1404867257
2.1495188749
2.166872073
2.1513149847
2.1477438137
2.1519863929
2.158629904
2.159534489
2.1624421155
2.1668284397
2.1675170068
2.1730862403
2.1736829444
2.169971333
2.1667864845
2.1661870504
2.1811042648
2.189070505
2.174291939
2.1671081146
2.1562687103
2.1490505195
2.1443347997
2.1622948856
2.1506226054
2.1269973766
2.1368483412
2.1626256653
2.1898764259
2.1913653663
2.1880494179
2.1840512638
2.1720264838
2.1625499882
2.1604176554
2.1518299882
2.1573472042
2.1420952832
2.1315447347
2.1033959622
2.1092397661
2.1144493804
2.0922681616
2.0793075213
2.0811570442
2.0827732579
2.0804286387
2.0646597165
2.0496923256
2.044988345
2.0613942589
2.0820543093
2.0979186377
2.068240545
2.0606416735
2.0539746002
2.0514981273
2.0737016444
2.0993950896
2.0718414533
2.065163499
2.0706892496
2.0854852022
2.0922330097
2.1026737968
2.1003529412
2.0761213257
2.0864428588
2.0923022516
2.0915218162
2.0744793505
2.0919160971
2.093993852
2.0745967742
2.0740035693
2.0696127346
2.0616844603
2.0747030879
2.0687604092
2.0742775257
2.0677561732
2.0474374255
2.0392785096
2.0398240609
2.0301382815
2.0176532894
2.0172252168
2.0162763466
2.0014018692
2.0080475857
2.0087606588
2.0226476769
2.0247692487
2.0130035992
2.0172433746
2.0134088545
2.0081056044
2.0291734198
2.0297316057
2.0454859512
2.0358171139
2.0412252418
2.0426271285
2.0493984267
2.0533675134
2.0596804511
2.0339873861
2.0262298904
2.0204057836
2.0214627318
2.0306373988
1.9998835042
2.0043048284
1.9980237154
2.0057036433
2.0143385754
2.0193851801
2.044449616
2.0636141209
2.0660432496
2.0528275541
2.0464712018
2.0467278856
2.0606728538
2.0476245655
2.052889096
2.0651969981
2.0495636998
2.0352941176
2.0540478381
2.0660736976
2.0542341721
2.0522259289
2.036415853
2.0254353804
2.0385186879
2.0240373661
2.0349834229
2.0212326409
1.9987402657
2.0096729618
2.0021864212
1.9934745278
2.0171019182
2.0135197596
2
2.0143568369
2.0136906834
2.003917502
2.0018354939
2.0003439578
2.0009182736
2.0180771445
2.0080635871
1.9879958843
1.994653623
1.9842332123
1.9824541544
1.9880911875
1.9937243268
1.9926563396
2.011466296
2.0141580596
2.0040640966
2.0077771329
2.0177952392
2.0185013876
2.026646672
2.0352422907
2.0392977561
2.0333022823
2.0344707115
2.0233127404
2.0332516626
2.0416033657
2.047034047
2.0343453288
2.0286046512
2.0271593426
2.0401125968
2.0455604754
2.0370887106
2.0192618224
1.9990818317
1.996099128
1.9993130295
2.0098737084
2.0194835139
2.016578402
2.0259695687
2.0292304179
2.0365992271
2.0298882044
2.0273192943
2.0310015898
2.0218424627
2.0156619718
2.0243573914
2.03782453
2.035857461
2.0367907801
2.0390529926
2.0459477414
2.0578603828
2.065725089
2.0545514657
2.0517393219
2.07291323
2.0954228084
2.0946488294
2.0889110889
2.0959848738
2.1186155914
2.1057239057
2.1089219747
2.104798121
2.0984159083
2.0739960062
2.0549341012
2.0540450928
2.0687685378
2.062899317
2.0572876501
2.0710124217
2.0692273828
2.0761766674
2.0653623833
2.0700887341
2.0399645743
2.0260382334
2.0423192269
2.0544868231
2.0672184319
2.0760588698
2.063987427
2.0585147962
2.0401371075
2.0463502015
2.0445917107
2.0429709413
2.0452047112
2.0389362657
2.0188426803
2.0573688315
2.0410381544
2.0436130175
2.0394663702
2.0446398753
2.0609973286
2.0718785152
2.0875085015
2.0831440254
2.0828241684
2.0713963456
2.0631519274
2.0711529732
2.0895894761
2.0949790321
2.1141718839
2.1118849184
2.1010158658
2.1041737746
2.1118167385
2.1073931721
2.1138266576
2.1213800905
2.115280595
2.1255772046
2.1520685379
2.1344368639
2.138050914
2.1365722602
2.1290140845
2.1220825853
2.1278847236
2.1287929872
2.1224010731
2.1148293229
2.1189993239
2.1176930815
2.1073421111
2.1027009003
2.0989780049
2.0930671104
2.1055845454
2.0999444753
2.1110741234
2.1053680133
2.1075102312
2.1100409609
2.103567063
2.0806505144
2.0833703375
2.0894736842
2.0893497758
2.0957494407
2.1031043371
2.1093488216
2.1000335683
2.1003464074
2.1193508396
2.1272809191
2.1240223464
2.1247066711
2.1230322653
2.1137377342
2.1045358297
2.0812340473
2.0897621972
2.1041596967
2.1163807602
2.1261006999
2.1173354373
2.1059975245
2.096741573
2.1011554146
2.1108332386
2.1084487849
2.1118570778
2.1181828532
2.130761352
2.1253840027
2.1264719203
2.1185468451
2.1125155174
2.1125760649
2.1118361836
2.1222795602
2.1219103009
2.1402047935
2.1409177606
2.1644751757
2.1660043147
2.1466335291
2.1424054207
2.1527965719
2.1501918303
2.1535682023
2.1604924328
2.1656791249
2.158356102
2.1526717557
2.1536618754
2.1687271062
2.1761871989
2.1763559225
2.1850667884
2.1882849966
2.1919673247
2.193723802
2.2021035965
2.2156907334
2.2459764867
2.267117014
2.2634107286
2.2509124088
2.2595270891
2.2545934773
2.2487933808
2.2474179481
2.2672204915
2.2684757506
2.2674297607
2.2609148813
2.2521708927
2.2706384944
2.2544222375
2.2622345337
2.2654006484
2.2778675283
2.2666589273
2.2714285714
2.2788673552
2.2805034378
2.2813555374
2.3008859874
2.2836065574
2.288758093
2.2687830688
2.2773533905
2.2810442145
2.2750382488
2.2881515472
2.2887381593
2.2950800514
2.3061368446
2.3128812764
2.3160676533
2.3122585177
2.3266603862
2.3440047253
2.3252570618
2.3234323432
2.3110482254
2.3164242639
2.3183268345
2.3153982301
2.3157894737
2.3291469194
2.3160817677
2.3272276058
2.3332938529
2.3186878257
2.2892174117
2.2891580433
2.2726635514
2.2866301434
2.2728119181
2.2694903421
2.2741879148
2.2879709806
2.2671232877
2.274184183
2.2764255911
2.2761661638
2.2872105202
2.2961488938
2.2964092936
2.2859661495
2.2697119924
2.2677100494
2.2772078764
2.2768595041
2.2637620052
2.2612053833
2.267370892
2.2763653484
2.2802120141
2.2828591582
2.2878502472
2.2796236059
2.2689679138
2.2735062529
2.2763341067
2.2903488372
2.2748524476
2.2751825664
2.2719694338
2.2707035755
2.2873656225
2.2883947186
2.2907151965
2.2679783684
2.2610196801
2.2582392256
2.2627050591
2.2599748485
2.2462220202
2.2588838269
2.2504806061
2.2649418145
2.2624393546
2.2599029455
2.248372615
2.2458207113
2.2462954648
2.234270415
2.2301142729
2.2313282648
2.2161683278
2.219433648
2.2048726467
2.2022596367
2.2043367629
2.198633157
2.1985635359
2.2083379409
2.2007786429
2.2068159038
2.1904182341
2.1806104523
2.1869055519
2.1678375412
2.1523965142
2.1344674396
2.1458061712
2.1500919814
2.1523365499
2.1441227312
2.1417773459
2.1252681253
2.1228900118
2.1180310326
2.1039057525
2.107947931
2.1163111536
2.1077736647
2.0969420259
2.0863515666
2.0900021227
2.1016281792
2.1080128205
2.103385667
2.1114789108
2.1264207592
2.1145013821
2.1231899489
2.1400494039
2.1356348867
2.1380085653
2.1400898973
2.1410352588
2.1258763544
2.1295490716
2.1287870791
2.1407658852
2.1310643695
2.1270478808
2.1090604027
2.1152958456
2.1283399958
2.1461148649
2.1250523231
2.1323205867
2.1247782994
2.1363399102
2.1426484399
2.1387904067
2.1552501836
2.153467936
2.1360058007
2.1367423453
2.1547743966
2.1495703829
2.1623584704
2.1662942866
2.1478739158
2.1419701116
2.1493684211
2.1331581713
2.1371513102
2.1377427822
2.1415433404
2.1342968668
2.1160319798
2.1276459951
2.144379845
2.1277030662
2.1033128053
2.0986347762
2.1061636557
2.1146165286
2.1159573345
2.1169104493
2.1159465994
2.1290972738
2.1402186604
2.1272286106
2.1269908238
2.1247105872
2.1151018694
2.1277222514
2.1307554525
2.1377529511
2.1368809273
2.1195323103
2.1055359735
2.0962947673
2.0676761434
2.0549891875
2.0461711712
2.0310628363
2.0133279888
2.0137628403
2.0251427427
2.0211274657
2.0259374686
2.0301845166
2.0321681107
2.0291985301
2.0357107232
2.028511614
2.0355253967
2.0047114252
2.0095745731
1.9984273639
2.0052027093
1.9807149119
1.9838222395
1.9942377185
1.9901096749
1.9867381765
1.9937609671
1.9752289157
1.9888180481
1.9817250048
1.9892149242
1.9812542275
1.9750577812
1.9640883978
1.970736822
1.9752969121
1.9741109531
1.9526168224
1.9431213225
1.9284194951
1.9321520382
1.9710442742
1.9629038317
1.9890141659
1.9999035215
1.9771329746
2.0049024414
1.9948473654
2.0123796424
2.0323025409
2.039948581
2.0293624988
2.0313578543
2.0441743255
2.0573876656
2.0435168739
2.0607392607
2.0600540486
2.0651260504
2.0831224056
2.054750076
2.0516422436
2.0362741158
2.0609178013
2.0591919192
2.0803417065
2.0846193153
2.053727402
2.0338096196
2.0313761098
2.0076397266
1.9778619864
1.9665475481
1.9453740157
1.9484779825
1.9493857494
1.9566496665
1.9537254902
1.9644307936
1.9837260383
1.9612717908
1.9519667919
1.9742691229
1.9800100452
1.9716227018
1.9714775247
1.9752924566
1.996434756
1.9958201652
2.0007121782
2.0091244618
2.0280662075
2.0078044773
2.0066061107
2.0100440709
2.0106141797
1.9908090092
1.9906372697
1.9910678442
1.9842126299
1.9752411256
1.995584989
1.9582089552
1.964505866
1.9749370911
1.9702751557
1.9602381673
1.9447050604
1.9505456002
1.9598281203
1.9618152739
1.9634097707
1.9760871759
1.9638250705
1.9784946237
1.9752923233
1.9806256307
1.9980696942
1.963886672
1.9473115109
1.9459882583
1.9359510156
1.946372549
1.9589176378
1.9749178859
1.9685342277
1.9795938486
1.9969261279
2.0072810692
1.9957235206
2.0038640642
1.9943008745
1.9981266022
2.0021004201
2.0076328311
2.003324937
2.0329816655
2.0311507327
2.0207633588
2.0331199837
2.0441296372
2.0352976975
2.0303771662
2.041516802
2.0280057448
2.0190311419
2.0118062563
2.0109956623
2.0084985836
1.9954365683
2.0102694459
2.0087487284
2.0144201268
2.0221496376
1.9987780041
1.9778579301
2.0138635904
2.0104891578
1.9914529915
2.0076451061
2.0185619582
2.0015234613
2.0148449415
2.0169233887
2.0001014199
2.0001008471
2.0129565395
2.0102903719
1.9948307318
1.9739843906
1.9586801725
1.9846809374
1.9636455186
1.9678843838
1.9523809524
1.9504662589
1.9486819685
1.9547452547
1.9323479814
1.9566123908
1.9336022034
1.9529585799
1.9573164707
1.9681294678
1.9618631443
1.9597348635
1.9507014424
1.9669816012
1.9690504808
1.9775473218
1.9816523061
1.9937818552
2.0064187468
2.0157351589
1.9995906253
2.0016296598
1.9878323108
2.0054560428
2.0036734694
1.9962256452
1.9929770992
2.0007097952
2.0104866626
1.9945138677
1.996656535
1.9942237535
2.0092002831
2.0196555218
2.026465798
2.0395624617
2.0150672464
2.0236879722
2.0169974555
2.009664293
2.0099050342
2.0024259577
1.9987870211
2.0080775444
2.0052271813
2.0044030822
2.0012020435
2.0064134683
2.0098581632
2.0006009615
2.0109068875
2.0190793459
2.0099361249
2.0262782644
2.0409081612
2.0307660753
2.0244326314
2.0307440049
2.0230627306
2.032418436
2.0356547123
2.0402930403
2.0463011681
2.0500693925
2.0432646085
2.0207490956
1.9922274276
1.9883980841
1.9761247878
1.9825939291
1.9824747743
1.9775484146
1.9588253736
1.9390294917
1.9481146938
1.925972528
1.9202769328
1.9214511041
1.9335035642
1.9222886422
1.9073796791
1.885771969
1.885580604
1.8806351913
1.8766581087
1.88608
1.8857571536
1.8892845581
1.8984938481
1.9091782284
1.9155050397
1.9369010445
1.9514386565
1.9235528523
1.9164420485
1.9216255443
1.9193531668
1.8958592133
1.8991527175
1.8736492103
1.8864985163
1.8823404706
1.9047464941
1.9146960371
1.925577795
1.9390716739
1.9395197487
1.9686031855
2.0153152084
2.0105727896
2.0182680079
2.0513759301
2.0456653585
2.0413076832
2.0445532728
2.0549530888
2.0380047506
2.0223899371
2.0174322433
2.0156973752
2.0245486427
2.0132369163
1.9935483871
1.9383101296
1.8754148886
1.8431846987
1.8594456686
1.8748368727
1.8600968924
1.867574997
1.8579004459
1.8528037383
1.8255350921
1.8203173041
1.8256958794
1.8434194342
1.8687019111
1.8908603523
1.8974688423
1.8708364175
1.8875353759
1.8832656077
1.8976348854
1.9072420635
1.8369417296
1.8568048811
1.8562083281
1.8638029059
1.8904287009
1.8635963257
1.8620819713
1.8642704537
1.8365232232
1.8575693494
1.8956370848
1.8660158633
1.8594783027
1.7894799761
1.8263060848
1.8075609756
1.7875030391
1.775426291
1.7773868737
1.7942794279
1.7714877039
1.7572247287
1.775274056
1.7814521049
1.7471306029
1.7430886559
1.7631361436
1.8043478261
1.8001420791
1.8041408853
1.8016228654
1.782928624
1.8136901058
1.8381648601
1.8350231568
1.81175
1.7674536043
1.7396149949
1.7485188453
1.7018132141
1.7058175138
1.735096095
1.7324709865
1.7440752504
1.7849913602
1.7680099194
1.7755203171
1.7790868925
1.7937538273
1.8263125386
1.8188123631
1.8017995809
1.783901468
1.7775418436
1.7877469865
1.7716310293
1.7965395302
1.793742904
1.7996482854
1.8067226891
1.8161911912
1.7960838114
1.7846115225
1.7846633416
1.8172260925
1.8040905583
1.8177467339
1.8088837686
1.8163790883
1.8135201131
1.791623444
1.7686873876
1.7749068004
1.7804971809
1.7809912091
1.7860765914
1.78491478
1.7756736146
1.7929885199
1.796746958
1.7843450479
1.8057907005
1.7873492493
1.7786945813
1.773641102
1.7911990922
1.8047456771
1.822903471
1.8229540671
1.8280922432
1.827620467
1.8218788628
1.8149062192
1.7963167587
1.7982542415
1.8137686476
1.8063968985
1.8051948052
1.8021500181
1.7953109815
1.7963946166
1.813850142
1.7945477076
1.7973470892
1.7804287271
1.7819594513
1.785635764
1.7771504085
1.7680708473
1.7678507782
1.7652676256
1.7785361261
1.7676163677
1.7558806319
1.7487855656
1.7570516541
1.7765982268
1.7701471619
1.7808251289
1.7874043555
1.7809922156
1.7898634575
1.7921573111
1.8056187443
1.7875350926
1.7904568985
1.7861705704
1.7854124972
1.7755923111
1.7650786713
1.7899891186
1.7919956733
1.7991604065
1.7721574665
1.7832035595
1.7978687605
1.7969094923
1.81332593
1.817393214
1.8463777852
1.8475768925
1.8624290579
1.8526004997
1.8495485327
1.8675736961
1.8858789625
1.8932105869
1.8905747126
1.8948893267
1.9032220944
1.9152777778
1.9117510451
1.8938489787
1.905436803
1.8966078067
1.8858139535
1.8806057076
1.8731998595
1.8974924541
1.8819016622
1.8678373383
1.8527872582
1.8365223229
1.8362232912
1.8256060775
1.8287231688
1.8195939199
1.8078147294
1.7953362256
1.7825143725
1.784678641
1.7863750136
1.7874427731
1.7846936566
1.8028290681
1.809371331
1.8101441538
1.8203893881
1.8073483461
1.8094773368
1.7919251279
1.8162995595
1.7981930989
1.7999131002
1.8123424312
1.8084800177
1.8285651165
1.8148432361
1.795625204
1.7834739347
1.7641499302
1.7678416955
1.7838699044
1.7716440752
1.7768811341
1.7876825118
1.7826662256
1.797218236
1.8035122598
1.7761161682
1.7593450393
1.7765351113
1.784721474
1.7995461422
1.7961646197
1.7998480408
1.7712411271
1.7610345196
1.7533020878
1.7449318889
1.7486781051
1.7496255082
1.7579263068
1.7505177112
1.7433347902
1.7243478261
1.7317417254
1.7117665919
1.720677016
1.72319202
1.7110657937
1.6862620485
1.6885019641
1.6949152542
1.6564032982
1.6335988414
1.6390550856
1.6408385572
1.678995764
1.6958506224
1.6905718702
1.7129979036
1.7259020485
1.7422637155
1.7155018392
1.7396953882
1.7413646055
1.7696617108
1.7666773402
1.7772972973
1.7679343129
1.7510945008
1.7613225601
1.7638859332
1.7834819031
1.7656563523
1.7591325403
1.7327333612
1.7410601599
1.7509172869
1.7613707818
1.7737403613
1.7609519798
1.7717935072
1.7664202293
1.7514243511
1.7563586265
1.7485576419
1.7519906572
1.7523111253
1.7334813405
1.7356165814
1.7474811083
1.7448668
1.7363492898
1.7292104158
1.730671198
1.7129424194
1.7114108102
1.720216033
1.7246668077
1.7250902911
1.7297096843
1.731276117
1.7168745336
1.7060384166
1.6875
1.6727406011
1.6743648961
1.6768536022
1.6695180472
1.6579879192
1.6945880367
1.7008637034
1.6986748002
1.6764736459
1.6608551266
1.6535042382
1.6507558501
1.6501701206
1.6668735133
1.6811187357
1.6783541301
1.6741204226
1.6715711493
1.6740133265
1.6888728473
1.7046811184
1.7001573152
1.7043101627
1.7175661376
1.7141341256
1.7270010672
1.7195225916
1.7074002986
1.6954395663
1.6920550847
1.6891318191
1.6931245307
1.6757104558
1.6749090131
1.6786401539
1.6629033976
1.647404917
1.6493000737
1.6412997904
1.6465553236
1.6414305134
1.6289413239
1.6094970322
1.6117708333
1.6294496673
1.6270846527
1.6229630419
1.6068340013
1.5644152595
1.5475304815
1.5583264633
1.5501958359
1.5559444159
1.5485626283
1.5360983103
1.5349815347
1.5443154976
1.5440847078
1.5372829418
1.5412732257
1.5469379533
1.5453993319
1.5268664297
1.5389716384
1.5314250789
1.5262834307
1.5145105252
1.5314814815
1.5277182236
1.5352485738
1.5427033614
1.540548719
1.5365336028
1.530790027
1.5245721149
1.5284210526
1.5301966292
1.5461314015
1.5402506266
1.5408060958
1.5431704885
1.550130078
1.5628298823
1.5582247557
1.5329472843
1.5377170226
1.5365292234
1.5403209629
1.5454272564
1.5516086471
1.5375037959
1.5400462265
1.5536803579
1.5437797348
1.5513856223
1.5532286213
1.5601711721
1.5429585552
1.5239560891
1.5228565624
1.5158430973
1.4896488736
1.5054185158
1.5017178553
1.492040521
1.5095901897
1.5332905159
1.5315219699
1.527011312
1.548032345
1.5335955773
1.527299454
1.5231238175
1.5227415636
1.5386470897
1.5212202968
1.5237946149
1.5254576057
1.5243106714
1.5135333613
1.5154478311
1.5134242049
1.5045605307
1.5165106471
1.5252754041
1.5194712031
1.5223742413
1.5165454359
1.5122100746
1.5158260159
1.5523134639
1.5596579057
1.5549216886
1.5612456031
1.5864353312
1.588934905
1.6032487525
1.617571885
1.6114839672
1.5985455312
1.5962589323
1.5796677463
1.5550851833
1.5587930319
1.5662015504
1.5738009283
1.5989588756
1.6114388035
1.6065815842
1.6050199538
1.5842720067
1.5822272916
1.5991486711
1.598183882
1.6122216468
1.6163007457
1.6186968251
1.6138817481
1.6253965006
1.6308353808
1.61743736
1.6121329133
1.6402263374
1.6352156057
1.6365803109
1.6378282247
1.6242961418
1.6206753247
1.6368855026
1.6084667011
1.6066872428
1.6220906068
1.6299055614
1.6313465784
1.6379237288
1.6431076629
1.6392612137
1.6397548346
1.6337909187
1.6359854949
1.6238570678
1.6212743549
1.604970365
1.5954253778
1.6005429108
1.6030005173
1.596340707
1.5937564821
1.5880900956
1.5960434604
1.6057366094
1.6056714271
1.6118156511
1.598459168
1.6018547141
1.6164100444
1.6187287524
1.6254366139
1.6258468487
1.6297327969
1.6290222772
1.6186065658
1.6160367722
1.6207284633
1.6171684296
1.6067461119
1.6152202666
1.6162342927
1.610739615
1.5973093263
1.5928564262
1.6068161255
1.619981798
1.6179786694
1.6216884857
1.6232091691
1.6147128326
1.6098737555
1.6049382716
1.6212508957
1.6275178184
1.6227453378
1.6297313797
1.6276002029
1.6167271994
1.6258847321
1.6314099348
1.6206758648
1.6166483021
1.6052842274
1.6117234469
1.621602577
1.632655127
1.6170105687
1.6249871992
1.6251405212
1.6329462103
1.6263881814
1.6239150414
1.6204776058
1.5946464646
1.5912622339
1.5914373089
1.5875089295
1.5989738327
1.5836888076
1.5666063894
1.5829812915
1.5788997285
1.5905376778
1.5946820342
1.5916801292
1.5939455096
1.598792149
1.5877624837
1.5572786393
1.5709255533
1.5676387201
1.5779405779
1.5742926929
1.5589249493
1.5543565954
1.5527612916
1.5523953606
1.5368705036
1.5491196479
1.5410952047
1.5502634981
1.5347064066
1.5611417126
1.5407554672
1.5424049373
1.5472280283
1.5476592784
1.5464897515
1.5540967423
1.5648056816
1.5709198813
1.5682558484
1.5849056604
1.5923306773
1.5867851083
1.5907462687
1.5900775502
1.5786006587
1.581963129
1.5804529201
1.5823429542
1.6063520689
1.5981382452
1.5994658225
1.5987923184
1.5929334917
1.5920466911
1.5968061892
1.5998807394
1.6064381104
1.5833415768
1.5836791148
1.595689996
1.5842209073
1.5915714848
1.5977362205
1.5935534591
1.5920442207
1.6072243723
1.5871469344
1.5791074056
1.5815085158
1.585175806
1.5884985891
1.5826357796
1.5789678297
1.576728335
1.5693607927
1.5690206335
1.5655521981
1.564137528
1.5776997366
1.5804614629
1.5891703924
1.5918870904
1.5997044335
1.5950890237
1.6031513016
1.5925889619
1.5747070313
1.5726621529
1.5643680406
1.5600663609
1.559549252
1.5577967417
1.5529105628
1.5600077429
1.5687445804
1.5653842464
1.5650297334
1.5643062201
1.5646024465
1.5639054392
1.568948891
1.5695084485
1.5671469741
1.5723410433
1.5614891377
1.5649933193
1.5753594211
1.5759511776
1.5748114198
1.5668505135
1.5803093965
1.581709288
1.5828197592
1.5835626839
1.5699088146
1.5838527184
1.5877803558
1.5836876691
1.5781747948
1.5691908514
1.5717717141
1.5696385542
1.5704163836
1.5767884914
1.5824873096
1.5716090167
1.5692546283
1.578369449
1.5761252446
1.582819685
1.5903449624
1.6040748359
1.6102158414
1.6079484425
1.5918248741
1.5949922058
1.5995893224
1.6027517564
1.6008025054
1.6008767657
1.6041462938
1.5956928474
1.5886379192
1.5946369152
1.5866176043
1.589205103
1.5879110061
1.5860072613
1.5857744685
1.5782511429
1.5683453237
1.567294487
1.5762628256
1.5752910993
1.5745769382
1.5587807009
1.5493731919
1.5445810915
1.5455243949
1.5443451523
1.5432098765
1.5316006522
1.5409977891
1.5418361418
1.5384763928
1.5441035475
1.5488238118
1.5407958775
1.5400134499
1.5338467389
1.5305097593
1.5396315541
1.5487086973
1.5394649778
1.5471110272
1.5493358634
1.5500616874
1.5716335119
1.5592993204
1.5646199673
1.5815343099
1.589698566
1.6014088641
1.6181998022
1.6062227507
1.5988913087
1.601797886
1.6106492478
1.6106742677
1.6173750492
1.624828263
1.6304584612
1.6314232173
1.6285827239
1.6319224684
1.6195888516
1.6030511811
1.6156203658
1.6043665557
1.5970778584
1.5899765533
1.5788703541
1.5932003537
1.5972635336
1.5798494155
1.5759431167
1.5783607851
1.5824197728
1.5758119147
1.565759525
1.5626611144
1.5586002957
1.547628381
1.5525715985
1.5601111883
1.5657526021
1.581056092
1.5899310203
1.6052141527
1.5945174768
1.5987319767
1.6180914924
1.6269494697
1.6213724463
1.632583793
1.6122790503
1.6047748123
1.6167913549
1.609610843
1.6054554812
1.5995534808
1.6087534513
1.6025771104
1.6056782334
1.5964216733
1.5995140717
1.6059771522
1.6086649162
1.604476114
1.6228194726
1.6063421531
1.5990659777
1.601987084
1.6050353269
1.6284258788
1.6216958113
1.6173325262
1.6331264625
1.6297915608
1.6278340081
1.6237412267
1.6224821974
1.6265950982
1.6180541421
1.6180016347
1.6094100837
1.6188373048
1.620625962
1.6260779221
1.6215040398
1.6249084249
1.6227087043
1.619897156
1.6054238692
1.6076027609
1.6004889477
1.5927918782
1.5866666667
1.5888674845
1.57619915
1.5847799758
1.5963424602
1.5944954128
1.6005543579
1.5973251029
1.6066680515
1.6027723182
1.6112901549
1.6072279176
1.6122890078
1.6114420707
1.5998570553
1.5916496945
1.594046284
1.597776191
1.5842800123
1.5732529628
1.576278077
1.5793440619
1.5802868107
1.5817648249
1.5778004073
1.581051984
1.5827005951
1.5748728383
1.5639090074
1.5628693703
1.5667895923
1.5583689241
1.5559497263
1.5616521563
1.5628536783
1.5753674607
1.570808957
1.5749040985
1.5735160738
1.5695443645
1.5740332599
1.5742673625
1.5813836731
1.5806483791
1.5803678529
1.5711872827
1.5751692553
1.5817331609
1.5756520008
1.5744828958
1.5762338572
1.5770537677
1.5676
1.5676916933
1.5732084122
1.5781919665
1.5745230525
1.5725236436
1.5659302209
1.5683611305
1.5848811664
1.5816112609
1.5819304712
1.572471633
1.5707672609
1.5676583968
1.5772365805
1.5747644819
1.5729562263
1.567888999
1.5510486743
1.5526315789
1.5566336634
1.55576522
1.5586282089
1.5698839401
1.5694266259
1.5721506442
1.5744934446
1.5808676529
1.5861069465
1.5828038125
1.5856589532
1.5842236645
1.5892981931
1.5968643899
1.5882994546
1.5825569871
1.5818888225
1.5719110052
1.5837902502
1.5859079131
1.5895918981
1.5955078713
1.5873868497
1.5824438903
1.5918653576
1.5738417465
1.5880253767
1.5954084675
1.5981762315
1.6022264188
1.5948591201
1.5893700787
1.592855034
1.5944488035
1.6033580247
1.5962011613
1.5984011054
1.5978475513
1.6071250871
1.6093827651
1.6164082041
1.6163326653
1.6168084042
1.6038488384
1.6134428528
1.6076266934
1.6103423897
1.6089254854
1.6120804
1.6123864912
1.6083766432
1.6107802875
1.6112710819
1.6105620754
1.6055919705
1.6031387835
1.5959699805
1.5925619835
1.5953667151
1.6035058431
1.5972540046
1.5918955055
1.5929303279
1.5922640536
1.5930495579
1.5996505293
1.5958953309
1.5912072146
1.6026836014
1.605703149
1.6012825733
1.601100693
1.6005331693
1.600184767
1.6030062802
1.601700994
1.5964930271
1.602813405
1.5972703198
1.5969450102
1.5899513776
1.5808935265
1.5744120032
1.5771347055
1.5828571429
1.5818033456
1.5825351539
1.5751200082
1.5778792491
1.5866165719
1.5833924769
1.5815481002
1.5839798489
1.5815624368
1.5788831248
1.5830695395
1.5756157134
1.5835353535
1.5823689242
1.5740796469
1.5708270677
1.5627879031
1.561373477
1.5616137408
1.5610072949
1.5593541314
1.5573232574
1.5491616232
1.554090233
1.5585344057
1.5556326854
1.5511818811
1.5536578142
1.5522255193
1.552238806
1.5583851545
1.5691008445
1.5766785856
1.5700119
1.5636939523
1.5624198164
1.5638087712
1.5672027
1.5644970414
1.5659931
1.565864721
1.5757155591
1.5651277014
1.5656338579
1.5629759813
1.562621548
1.5712613404
1.567204824
1.5753225337
1.5812098813
1.5819775938
1.5806294456
1.5834311424
1.5865469101
1.5864904552
1.5872798434
1.5898268398
1.5909581249
1.5887675814
1.5866679776
1.5884433962
1.5862919132
1.5879697773
1.5795332487
1.564097561
1.5656684283
1.5684602568
1.5686351193
1.5752646021
1.5723652021
1.5885077863
1.5828515434
1.5841350874
1.5898887565
1.5914918994
1.582547404
1.592703052
1.602245628
1.6057490768
1.603060306
1.6075
1.6129161252
1.6074170073
1.5933618205
1.5918835377
1.5881593325
1.5931206381
1.5947294869
1.5915408459
1.5868652539
1.5909227532
1.5897333066
1.5908315779
1.5893250551
1.5865576386
1.5887458845
1.5892732529
1.588886672
1.5917881583
1.5921876553
1.5914010525
1.5891634415
1.5927323272
1.5920556107
1.6003776585
1.5971230159
1.5962929924
1.5909947436
1.5861523244
1.5863192182
1.5892681002
1.5897335038
1.5857213195
1.5940272028
1.5947435771
1.6014385654
1.6061802745
1.6071887035
1.6048843443
1.5992268041
1.600675139
1.6025653773
1.5991443637
1.6076402706
1.6157978512
1.6157057654
1.6019542045
1.5923516657
1.5818791285
1.5867271472
1.5835554239
1.5826009677
1.5925305479
1.587020649
1.5817752411
1.5818324968
1.5774731236
1.5746356833
1.5755981336
1.5726487238
1.5743370742
1.5830501699
1.5828903821
1.5938666398
1.5793075684
1.5805577849
1.5828657315
1.5828098514
1.5704872204
1.5715997603
1.5600319107
1.5598963524
1.5676620393
1.584470305
1.5778560644
1.570726817
1.558181454
1.5525603768
1.5639165911
1.5654021244
1.5614177215
1.5546064674
1.5555102457
1.5599059497
1.5531631293
1.5557953144
1.5516145566
1.5629439012
1.5466228025
1.5538619979
1.5521529134
1.5498349154
1.5462029224
1.5368637532
1.5304615385
1.5290375539
1.5337990549
1.5429535692
1.540617674
1.5430003068
1.5524152107
1.5507484109
1.5545081967
1.5563279493
1.5506077009
1.5403316041
1.537061515
1.5440683135
1.5460927961
1.5480788778
1.5332724691
1.5352655047
1.5395603282
1.5595359251
1.5559180345
1.5573737168
1.5542474373
1.5558698727
1.5558707324
1.5641601962
1.5694132079
1.5659989728
1.5688063987
1.5640657084
1.5674399507
1.5669129721
1.5681257707
1.573424434
1.5737238153
1.570863747
1.5655853315
1.5706938282
1.5652655982
1.5685918758
1.5655853315
1.5560245201
1.560056146
1.5537736795
1.5533852849
1.544857547
1.5462662338
1.5477862595
1.5557588696
1.5593220339
1.5624359237
1.5559429802
1.5596643878
1.5584536082
1.5621124432
1.5622672735
1.562279427
1.5661726604
1.5673057102
1.5714581607
1.5775126016
1.5834972564
1.5934816348
1.600204918
1.5882834066
1.5868257367
1.5893384976
1.5976777348
1.5961342828
1.5960931936
1.5989811513
1.5952259512
1.5959832807
1.603957319
1.6118249243
1.6213316504
1.619697606
1.6049848152
1.5977577536
1.5984210526
1.5965169954
1.5974723539
1.606605659
1.5852607233
1.5787634978
1.5814912745
1.5635062612
1.5699421965
1.5695281646
1.5705234732
1.5721284136
1.5685521536
1.5846602144
1.5796529149
1.5809859155
1.585854414
1.5826042203
1.58170204
1.5766580977
1.5814312153
1.5757264606
1.5685749588
1.5614197531
1.5647630871
1.5866472848
1.5905838432
1.5940871369
1.6145594668
1.6049726607
1.5958453311
1.5946224374
1.5984081042
1.602023957
1.6088618054
1.6164511123
1.6184863524
1.6269849507
1.6390891048
1.640256734
1.6371188223
1.6366025439
1.6307724601
1.6280679673
1.6313296136
1.6291578947
1.6390207872
1.638874249
1.6394629183
1.6380632287
1.6251039933
1.6284736624
1.6277938742
1.6334710744
1.63239393
1.6404052936
1.6430931241
1.6383482649
1.6460158747
1.6428937391
1.6480395184
1.6509404872
1.6481672158
1.6567748583
1.6528379773
1.6616510358
1.6661175744
1.6738299411
1.6756198347
1.6686964599
1.6526847367
1.6598948128
1.6630119983
1.6573121297
1.6573564531
1.653902034
1.6555222027
1.6567783425
1.6465356774
1.6633388226
1.6636148544
1.6627883031
1.6704381814
1.6786010793
1.6883143959
1.6888517396
1.6866186149
1.6776928713
1.6799456294
1.6740717564
1.6617263334
1.662601626
1.6764951903
1.676706618
1.6801462905
1.6788711708
1.6743162528
1.6691137913
1.6759046225
1.6833560281
1.6833577253
1.6793909053
1.6890518596
1.6855799373
1.6992639327
1.7083377253
1.7046342236
1.7081662798
1.7240940877
1.7277054903
1.7386037616
1.7388115233
1.7496267861
1.752459367
1.7379736058
1.7408117609
1.7453191489
1.7445069526
1.7378352592
1.7371331348
1.7278608548
1.7251851852
1.72567123
1.7442776536
1.7472527473
1.7440818938
1.7364678412
1.7377919321
1.7376421814
1.7471790505
1.7628568374
1.7584921734
1.7606546923
1.7560301775
1.7494414299
1.7425480004
1.7477371952
1.765831631
1.776961314
1.7857220354
1.7938357656
1.7782726779
1.7987971569
1.7886276654
1.7856440511
1.7994517544
1.7997808219
1.8070637271
1.8354556528
1.8544642857
1.8264910922
1.8394897393
1.848282017
1.8475521356
1.8399196249
1.828371473
1.8097192944
1.8068408236
1.8087322695
1.8075221239
1.8084730803
1.8117270318
1.8129543952
1.8209381523
1.8261108064
1.8361681115
1.830318974
1.8274956217
1.8516386182
1.8504278253
1.8513573654
1.8435215947
1.8503989362
1.8506117909
1.8582089552
1.8490107218
1.8482965265
1.8511157988
1.8483375677
1.8399560922
1.8549406676
1.8472807991
1.8448046181
1.8456666667
1.8399159199
1.8453768454
1.8390626727
1.8459312034
1.85728632
1.8548622822
1.8474633218
1.8502853306
1.8462913315
1.8400710795
1.8375718709
1.840981975
1.84137322
1.8345458554
1.8340683572
1.8323392975
1.8213579433
1.8213423996
1.8284902775
1.8227930772
1.8320960699
1.8350504165
1.8339726027
1.8368108939
1.8481848185
1.8489984592
1.8509535884
1.8502974223
1.8553632455
1.8507610854
1.8523053166
1.8542885528
1.8534083388
1.8438185007
1.8474761853
1.8513039667
1.8523114088
1.8482524378
1.8487916395
1.8492478744
1.8347599957
1.8355850948
1.8369813786
1.8360780892
1.8249755249
1.826460668
1.8301435407
1.827518748
1.8355313351
1.84595186
1.8371662125
1.8282608696
1.8284845853
1.8246548538
1.817074497
1.8123373807
1.8195529514
1.8248119481
1.8286587362
1.8317286652
1.8373797025
1.8377077865
1.8328967474
1.8290579631
1.8259074114
1.8243272569
1.8428943937
1.8430989583
1.841419733
1.8424828786
1.8447137756
1.8298192771
1.8265536117
1.8230934479
1.8207162771
1.8195424417
1.8156603371
1.8242133333
1.8262581126
1.8295309168
1.8219294518
1.8271052912
1.8272
1.8286537846
1.8241559271
1.8245576636
1.8355679502
1.8290305303
1.8446142258
1.8407821229
1.8381689233
1.8334586062
1.831920146
1.8322948002
1.8293599656
1.8250403009
1.8347750865
1.835151777
1.8383980899
1.8438625205
1.8393246187
1.8369707551
1.83900895
1.8497204867
1.8405068822
1.8394710961
1.841492865
1.832805504
1.8391684902
1.8235229879
1.8198276802
1.8193217752
1.8222609453
1.8189579685
1.8201423098
1.8165388828
1.8143404488
1.8208168643
1.8135333406
1.8054890002
1.798957881
1.8016295492
1.8040195546
1.8007646095
1.7884092639
1.7771981306
1.7753102547
1.7686321789
1.7711957719
1.7723238742
1.7911930251
1.802060257
1.7920026511
1.7882882883
1.7840349918
1.7951133998
1.7889596137
1.8011238431
1.8128324468
1.8093919592
1.8108408308
1.8136444841
1.8127507802
1.8180697231
1.8101308286
1.7997102095
1.7973657548
1.7926829268
1.7969832402
1.7978294921
1.7989955357
1.7957518167
1.7996414164
1.7916057162
1.7976539589
1.8093683144
1.8105736783
1.8203856128
1.8093529214
1.8020179372
1.8008760108
1.8050314465
1.812998988
1.8064696664
1.7938914279
1.7908643081
1.8045808417
1.8137054686
1.8224501425
1.8186888231
1.8121496396
1.7983431684
1.7993872688
1.8012246286
1.7839394624
1.7856087302
1.7675809911
1.7676048378
1.7685352622
1.779555253
1.7724550898
1.758934592
1.7721576154
1.766220623
1.7734831461
1.7836642087
1.7867108875
1.7844114648
1.7819300444
1.7855355924
1.7838852851
1.780493376
1.7942863699
1.7934819897
1.8027312371
1.8106986396
1.8152939817
1.8211666085
1.8314345501
1.8170632618
1.8170321383
1.8155509066
1.8158017221
1.8015559684
1.8077191351
1.809257967
1.8075537478
1.8071952497
1.805081796
1.8058646268
1.8098280669
1.8031227988
1.7940379404
1.7916863486
1.7881014458
1.7860096892
1.7953521461
1.8099785152
1.8113500597
1.8213473735
1.807490458
1.8145663632
1.8099736905
1.8321644498
1.8692317209
1.8597425105
1.8623511905
1.8743169399
1.8871368264
1.8900373599
1.9040870555
1.9106983844
1.8906643181
1.882294512
1.909798995
1.9018023617
1.9072590738
1.8967838444
1.9168341709
1.9251864021
1.9198101424
1.9173306773
1.9152944112
1.9046615423
1.9185019286
1.9284018493
1.927534418
1.9449968534
1.9490670701
1.9287402064
1.9264816204
1.9314485864
1.9258934169
1.9167601246
1.8967317013
1.9027864551
1.8997098524
1.9047619048
1.9110126582
1.9045977011
1.8875904992
1.8825258852
1.8940515701
1.8838100102
1.876496053
1.8766093053
1.8799598192
1.869260603
1.8567324507
1.8623451383
1.8508804796
1.8726403222
1.8804265042
1.8819576518
1.8669268538
1.8678746697
1.8586400499
1.8603261546
1.8547702298
1.8660245184
1.8521684475
1.8455919395
1.8475878574
1.8461346322
1.8290482077
1.8220783979
1.8294146461
1.8219261794
1.8371607516
1.8386149517
1.8264984227
1.8464629246
1.84497156
1.8417508418
1.8511377246
1.8539475275
1.841047503
1.8315368778
1.8301432527
1.8336342843
1.8483596598
1.8684242351
1.8855275895
1.8816199377
1.879551152
1.8910356414
1.896066402
1.9032179721
1.8951228456
1.8978396192
1.911929739
1.9043168122
1.9044570303
1.9138488314
1.9138254028
1.9070289133
1.90363999
1.905998996
1.9026384244
1.9087286764
1.9191515908
1.9063904144
1.9038557214
1.8951911221
1.9043350117
1.9093037585
1.9146971935
1.9180206795
1.9290561382
1.9359605911
1.9404499878
1.9489194499
1.9492673316
1.938825851
1.9432536241
1.9430793925
1.9418733802
1.9507932573
1.9629259768
1.9626743748
1.9584692597
1.9598742138
1.9728466785
1.9671002295
1.9552467168
1.9530594072
1.9694695331
1.9765515484
1.9861093411
2.0225184418
2.0212380212
2.0302715344
2.0237693207
2.0131902237
2.0299401198
2.0209744659
2.0305053679
2.0293274244
2.0170697013
2.0147020892
2.0266579974
2.0374233929
2.0505063791
2.0517196114
2.0581640728
2.0397898884
2.0325673014
2.0295419053
2.0447800394
2.0293125811
2.0409310841
2.0445518683
2.0399110181
2.045876356
2.0603107717
2.0537000655
2.067780995
2.0788431062
2.0908485414
2.0619091998
2.0317816168
2.0326244882
2.0272126816
2.0187112927
2.031581741
2.011471519
2.0149807769
2.0337990685
2.0325267751
2.0317376355
2.0405762622
2.0445210017
2.0476506504
2.0353923648
2.0396522197
2.0479018211
2.0490531299
2.0550033135
2.0410249602
2.0364242829
2.0361864067
2.0219824141
2.028968095
2.0396878784
2.0265166734
2.0094176947
2.0065997888
1.9851977993
1.9853957491
1.9986951983
1.9957025654
1.9813857291
1.9915715768
1.9827048114
2.004539559
1.9921573669
1.9971557854
2.0115704628
2.0058388478
2.0247836349
2.0151931893
2.0206769393
2.0190538765
2.0286320255
2.0075995807
2.0142161379
2.0190849673
2.0201729107
2.0147673811
2.0238346063
2.0014473684
2.0013308491
2.0070385126
2.0017223105
2.0179259063
2.0239520958
2.0274666667
2.0292116847
2.0258287844
2.0325985304
2.0322837784
2.0255965871
2.0200293764
2.0051889303
2.0105095118
2.0078405316
2.0100187016
2.0073431242
2.0163188871
1.9954563678
2.0202006689
2.0214190094
2.0363710114
2.0395434162
2.0631120783
2.0652144316
2.0909715542
2.0800824176
2.0630309674
2.0699117485
2.0782863522
2.0733472512
2.0805143975
2.0652173913
2.0605179338
2.0677379138
2.0623789765
2.0683998332
2.0485611511
2.0594527018
2.0373340708
2.0425207756
2.0517939411
2.0529263512
2.0604565953
2.0510404949
2.0488286763
2.0728929385
2.0618836644
2.0673434372
2.0709770115
2.0718328254
2.0729651163
2.0599767644
2.0671913715
2.0307318468
2.0224957555
2.0276156584
2.0181409085
2.0060452692
2.018258427
1.9959303957
2.0152682449
2.0213213634
2.0164591978
2.0023335621
2.0084663428
2.0045890697
2.0033195021
2.019665272
2.0173039352
2.0024903154
1.9968196903
1.9815738432
1.9597425715
1.9674807903
1.9793131982
1.93908282
1.9332965821
1.9144899643
1.8934581976
1.8771645022
1.8829340912
1.8736573577
1.8912195778
1.8954703833
1.8955084633
1.8941223298
1.9042966136
1.8843555438
1.9127058509
1.9031448203
1.901288694
1.8899866489
1.8840405658
1.8824294447
1.8869644485
1.8822068244
1.8561357702
1.8619870695
1.8775321064
1.8758629846
1.8776048536
1.8833245936
1.868605557
1.8678951466
1.8544600939
1.8612415232
1.8656480506
1.8511530398
1.8527591202
1.8338529488
1.8370953179
1.8224155578
1.8207885305
1.81709665
1.8264441592
1.8280409731
1.8227318804
1.8159090909
1.8229232922
1.8293489318
1.8371798123
1.8417529679
1.8391458175
1.8314930991
1.8362837414
1.8385318802
1.8482233503
1.8654737384
1.8602978942
1.8691999483
1.8719448778
1.8696891192
1.8587948092
1.8550724638
1.8579927574
1.8565721649
1.867483871
1.8869801085
1.9168633622
1.9058560924
1.9025351373
1.9194225722
1.9211249182
1.9041060291
1.9038761707
1.9095772443
1.901113294
1.8891799843
1.8887871255
1.8803263826
1.8575465639
1.8614380757
1.8465252192
1.8409061983
1.8277664457
1.8171370195
1.8189766007
1.8319110422
1.8380656035
1.8426879506
1.8796260725
1.8782987446
1.8811564539
1.8936197417
1.7835105004
1.7291285004
1.7436232832
1.7505197505
1.7219987021
1.7155773702
1.7085207557
1.689052795
1.681038961
1.6768031189
1.691414405
1.7025075489
1.725347538
1.7103591339
1.7152974504
1.7095602542
1.7200311365
1.7096311742
1.7204174821
1.7252187541
1.7260995523
1.7356321839
1.7355699379
1.7352008457
1.732305259
1.7286983795
1.7293085385
1.7484268485
1.7414085979
1.7058517555
1.7229614017
1.7153006183
1.7076660541
1.6966731898
1.6826673586
1.6726213592
1.663221806
1.6753630639
1.6754216557
1.6798363381
1.682509016
1.6998058252
1.7012383901
1.7108698462
1.7050685286
1.7058747244
1.7045869169
1.7100104548
1.7247670298
1.7400707825
1.7286308132
1.7211376858
1.7234206471
1.7180446279
1.7181442233
1.7285286068
1.7415348412
1.7392278298
1.7403693931
1.7379355687
1.7281258261
1.722280887
1.7179724722
1.7115536798
1.7083170127
1.7066719305
1.7138140518
1.7205338266
1.7194025905
1.7041365726
1.7012067156
1.6857704918
1.6819862652
1.6797049914
1.6701888786
1.6540554892
1.6314402425
1.6090524087
1.618246822
1.6183115339
1.6054708048
1.6014178811
1.6113514222
1.6101783841
1.619902336
1.6307302772
1.6348908823
1.6261831756
1.6338366965
1.6294015263
1.6275428266
1.6387027607
1.6373611669
1.6448635634
1.6673811119
1.6769519721
1.6600642398
1.6517797627
1.6660405206
1.6862059693
1.7012285676
1.6960238838
1.6755555556
1.6696177062
1.6755154292
1.6659916295
1.6746745403
1.6721421839
1.6805555556
1.6818733972
1.6839259159
1.6637180003
1.6778135912
1.6757843926
1.6767057569
1.6851753454
1.6838760921
1.6829171095
1.6691390728
1.6618191433
1.6568304571
1.6662291639
1.6633001049
1.6688132475
1.6619022175
1.6673782522
1.6634074471
1.6519181928
1.656564302
1.659964917
1.661521798
1.6601810566
1.6631864407
1.6596986562
1.6521621622
1.6601667563
1.6506784899
1.6463005237
1.6381167708
1.6421581592
1.62840879
1.607742106
1.6059965658
1.6030323006
1.599684998
1.6017850112
1.5874769797
1.6165796345
1.6276609811
1.6402666667
1.6473494459
1.6560923812
1.6459072395
1.6468974526
1.6486840382
1.6469197425
1.6346607283
1.6390663711
1.6550098232
1.6357952325
1.6268365622
1.6355409836
1.6467255238
1.649822345
1.6412644281
1.6340570233
1.6351510396
1.6311314585
1.6293678838
1.6279859026
1.6312270582
1.6314341847
1.6391739016
1.6399841751
1.64503016
1.6329578203
1.6343126967
1.6485661179
1.6425333333
1.6425606
1.6436041834
1.6416107383
1.6374245473
1.6398596681
1.6443723821
1.6389225589
1.6442682435
1.6408146749
1.641146394
1.6462748234
1.6525333333
1.6486378205
1.665732212
1.6642218963
1.6691117631
1.6708116058
1.6793209464
1.6683598449
1.6593127423
1.6582480393
1.6684847679
1.6703708662
1.6676056338
1.673557047
1.6736418511
1.6592979636
1.6569713142
1.6635127932
1.6621423819
1.663255814
1.668264749
1.6730027914
1.7096558189
1.7214218392
1.7282286331
1.7290906634
1.7275307474
1.7464635473
1.7464271131
1.7585877863
1.7679180887
1.7647219566
1.7742688453
1.7712247977
1.7748626374
1.7757982733
1.7738927739
1.7792743266
1.767654692
1.7643189915
1.7668130662
1.7614628821
1.7551297731
1.7610234077
1.7669295621
1.7636782232
1.7578008915
1.7533432392
1.7416835017
1.7443801319
1.7229029218
1.7255007393
1.7295987072
1.7418918919
1.7393358531
1.737559002
1.7417789757
1.7335844995
1.7468918919
1.7467260699
1.7121354657
1.7032449172
1.6870532168
1.6906712474
1.695190008
1.6915850754
1.6843774782
1.6752919321
1.6880917456
1.6768599418
1.6861575179
1.6849423917
1.6865021771
1.6874592196
1.6917165929
1.6897895557
1.6846963984
1.6720993403
1.6779639008
1.6786176547
1.6572788066
1.6586810922
1.6613653995
1.6413029648
1.6460323526
1.6550676958
1.6558894383
1.6507655321
1.642101285
1.632532394
1.6286861589
1.6304919264
1.6303613855
1.6323032654
1.636158758
1.6324956457
1.6471028971
1.6553884712
1.6607702923