0.0134801965
0.0136610687
0.0135435572
0.013390266
0.0136006051
0.013635127
0.0138271605
0.0134611886
0.0134196102
0.0135026082
0.0133536585
0.013360293
0.013487305
0.0134814364
0.0133055598
0.0132538718
0.0133500532
0.0133409298
0.0131284153
0.0130339806
0.0129848943
0.0131127525
0.0135257576
0.0133514575
0.0133104682
0.0131787685
0.0130279063
0.013120981
0.0130283159
0.0130077542
0.013054437
0.0129023589
0.0126081101
0.0125668609
0.0124212247
0.0122670438
0.0123393124
0.012371057
0.0123426259
0.0126103386
0.0126626415
0.0127103942
0.0126665653
0.0125156179
0.0123287671
0.0123773356
0.012450311
0.0125394897
0.0127150906
0.0127911585
0.0128390735
0.012951145
0.0129876279
0.0128593156
0.012922423
0.0129289717
0.0127044498
0.0127582567
0.0127722474
0.0127520723
0.0125825008
0.012580938
0.0125589124
0.0126739982
0.0124077961
0.0124147217
0.0123296307
0.0124474474
0.0123468624
0.0123624644
0.0123972397
0.0123933791
0.0124485842
0.0125814162
0.0124959071
0.0125458309
0.012640107
0.0125193568
0.0124104622
0.0123882806
0.0123841841
0.0123763838
0.012305757
0.0123685373
0.0122867593
0.0122138072
0.012025463
0.0120165505
0.0120321786
0.0120672098
0.0120728863
0.0121207249
0.0120483683
0.0120788321
0.0119714411
0.0119300044
0.0118116788
0.0119087441
0.0118164464
0.0117819461
0.0117750183
0.0118183142
0.0120023471
0.0120167573
0.0122594451
0.0120995289
0.012129384
0.0122874944
0.0121703134
0.0121484433
0.0120208701
0.0121449531
0.012379758
0.012386213
0.012309043
0.012392925
0.0121147948
0.0121607378
0.0121149358
0.0122459424
0.0121599063
0.0120226537
0.0120778839
0.012078056
0.012074194
0.0120668426
0.0121184075
0.0122072937
0.0120748647
0.0121986443
0.0120904037
0.0119953017
0.0120529412
0.0120152761
0.0120035305
0.0120194289
0.012104952
0.0122237037
0.0122671405
0.0122480735
0.0122553381
0.012612908
0.0125384042
0.0126783573
0.0129047332
0.0129130893
0.0129353083
0.0129933414
0.0129920072
0.0130379175
0.0131565466
0.0131453069
0.0129383674
0.0130338251
0.0130808383
0.0130917293
0.0130504656
0.0130363827
0.0128785852
0.012882816
0.0127552076
0.0129476339
0.0129655885
0.0132561934
0.0133816497
0.0134420344
0.0134177026
0.0134296782
0.0134684415
0.013456401
0.0133616198
0.0134911861
0.0136065084
0.0136209461
0.0137047562
0.013545983
0.0135811113
0.013441694
0.0133794437
0.0137270574
0.013562371
0.0137676263
0.0139233604
0.0141024505
0.0140168166
0.0137268178
0.013924612
0.0140717237
0.0141138403
0.0142071913
0.0141348844
0.0138728154
0.0137220517
0.0136919244
0.013808545
0.0140513805
0.0138278496
0.0138327936
0.0136569247
0.0137181939
0.0136716681
0.0137790869
0.0139029069
0.0139291537
0.0137859046
0.0141056548
0.0141774989
0.0141265823
0.0139355222
0.0139724404
0.0139621805
0.0139687914
0.0140574797
0.0141113238
0.0140156089
0.0141279412
0.0140961736
0.0141261208
0.0139938353
0.013961077
0.013841186
0.0139944093
0.0140474786
0.0140455547
0.0139703943
0.0138946598
0.0139809524
0.0138185808
0.0139136183
0.0138324055
0.0137446995
0.0139649123
0.0140677717
0.0140014663
0.0140448615
0.0144113329
0.014375
0.0144274134
0.01435769
0.0144322562
0.0144125481
0.0143242447
0.0144321371
0.0143657599
0.014400354
0.0144439521
0.0143391484
0.014306872
0.014297153
0.0143080555
0.0143452557
0.0144406629
0.0144560886
0.0145218418
0.0144044118
0.0142546948
0.0142559394
0.0141479333
0.0142197036
0.0141769577
0.0141070137
0.014260706
0.0140688553
0.0139248949
0.0138729927
0.0138200611
0.0138506333
0.0137545547
0.0137409131
0.0136703903
0.0136958098
0.0138193941
0.0137249782
0.0137882968
0.01371908
0.0137739657
0.013680335
0.0135478311
0.0136193493
0.0136427547
0.013501591
0.0134834226
0.0134289439
0.0132797012
0.0133987022
0.0134404265
0.0133376793
0.0131975737
0.0132736462
0.0132657495
0.0133284989
0.0133789888
0.013332848
0.0132757118
0.0131220078
0.0130726824
0.0130829694
0.0132046784
0.0131527453
0.0130668605
0.0131147778
0.0132433217
0.0131482019
0.013528559
0.0135241841
0.0134416244
0.0135169307
0.0137048894
0.0135905649
0.0136913436
0.013703002
0.0138497515
0.0138309405
0.0138835094
0.0139767202
0.0137672642
0.0138210665
0.0137560617
0.0137323529
0.0136907035
0.0136798246
0.0136516035
0.0137345544
0.013782957
0.0137899942
0.0140944654
0.0138415784
0.0138126362
0.0138228472
0.0138674996
0.0138393118
0.0137393975
0.0136846728
0.0138218517
0.0139095862
0.0141025262
0.0142052882
0.0141443177
0.0140850687
0.0139398408
0.013926046
0.0139651352
0.0138012039
0.013879056
0.013872397
0.0136791476
0.0136040834
0.0137094856
0.0136993874
0.0138399402
0.0137248472
0.0136919863
0.0136535879
0.0136374496
0.0137139029
0.0136953938
0.0136
0.0135421615
0.0137022615
0.0137966712
0.0139931127
0.0139763367
0.0141458271
0.0137483024
0.0139930869
0.0140282579
0.014011994
0.0141291585
0.0139015265
0.0137373286
0.0136744942
0.0137849431
0.0139577486
0.0140316381
0.0139462413
0.0137833456
0.0138160614
0.0137336661
0.01376835
0.0138551195
0.0137760188
0.0138388278
0.0139294118
0.0139581491
0.0141160833
0.0141562871
0.0140305366
0.0140526939
0.0140014782
0.0140750074
0.0139689119
0.0140136256
0.013997624
0.0139231457
0.0138199911
0.0137187269
0.0138087496
0.0138141737
0.0137083148
0.0137042525
0.013783222
0.0137172076
0.0136542153
0.0136360951
0.0136759941
0.013498015
0.0134671747
0.0134438252
0.0134148843
0.0134859414
0.013488544
0.0135890574
0.0136144578
0.0135719568
0.0137054632
0.013707564
0.0136256875
0.0136862454
0.0137544484
0.0136408127
0.0136895221
0.0135675033
0.0136078955
0.0136086892
0.0135821776
0.0136107422
0.0135928498
0.0136326048
0.0138874034
0.0139208687
0.0138848494
0.0139193596
0.0140014848
0.0138676319
0.0137945246
0.0137490818
0.0139277819
0.0139480289
0.0139905199
0.0140434012
0.0139167036
0.0139570688
0.0138593634
0.0138430733
0.0138150461
0.0138419336
0.0139202262
0.0138617826
0.013939124
0.0139494424
0.0137886905
0.0137745098
0.0138215613
0.013923445
0.0139414854
0.0138989929
0.0138671698
0.0138135338
0.0136695055
0.0137226715
0.0138219817
0.013809166
0.0139318421
0.0139786241
0.0140724462
0.0140670002
0.0140458479
0.0140601275
0.0140770514
0.0139464933
0.0138951028
0.0139598127
0.0140697498
0.0140124393
0.0140750343
0.0140718654
0.0140612557
0.0139768399
0.0141717791
0.0141500766
0.0143240343
0.0142467851
0.0143266871
0.0143800123
0.0144220638
0.0142958507
0.0143457439
0.0142890263
0.0142648657
0.0142750467
0.0142995019
0.0141638119
0.0141076971
0.0140213358
0.0139966013
0.0138248422
0.0138783036
0.013956348
0.0138918919
0.0139262106
0.013899799
0.0138968658
0.013880574
0.0138713129
0.0138433293
0.0136516598
0.0137801527
0.0137043823
0.0135390696
0.0135467233
0.0135091987
0.0135864593
0.0135501066
0.0134890444
0.0135569755
0.013439017
0.0134349871
0.0133056353
0.0132336053
0.0131218122
0.0131029831
0.0130925981
0.0130546432
0.0131870601
0.0129530805
0.0128627098
0.0128663181
0.0127830893
0.0129071514
0.0126856972
0.0126487783
0.0126284941
0.0127951807
0.012728647
0.0128035687
0.0128970833
0.0129019667
0.012941532
0.0128372656
0.0129004068
0.0128369434
0.0128603604
0.0129864662
0.0128485847
0.0129303646
0.0129351893
0.013141953
0.0131586894
0.0129880719
0.0129367356
0.0128623243
0.0129614975
0.0130238929
0.0131366555
0.0132517215
0.013303049
0.0132218472
0.0133081897
0.0131786757
0.013158867
0.013273901
0.013118411
0.0131584582
0.013092641
0.0131765434
0.0129780661
0.0129670839
0.012952762
0.0129184749
0.0129135077
0.0129466357
0.0128742051
0.0128928682
0.012865151
0.0127546405
0.0127478043
0.0127392326
0.0128262572
0.0127622047
0.0127020242
0.0127460491
0.0127087227
0.0128385376
0.0127938645
0.0127149819
0.0124759653
0.0124687846
0.0125618792
0.0125613593
0.0126892211
0.0126443436
0.012500782
0.0125089438
0.0125238318
0.012637826
0.0125694661
0.0125538894
0.0126912846
0.0128093227
0.0128042738
0.0126077553
0.0127764014
0.0126429675
0.0126737885
0.0125173531
0.0124425598
0.0124251727
0.0125635918
0.0126252106
0.0126306914
0.0126496776
0.0127300755
0.0127220851
0.0125942453
0.0125802469
0.012655814
0.0125881074
0.0125235667
0.0124561404
0.0125407066
0.0124164367
0.0125311203
0.0125350377
0.0129087806
0.0128931498
0.0128098918
0.0127457941
0.0127788018
0.0128220954
0.0129021839
0.0128751344
0.0128861226
0.0127281078
0.0126747906
0.0126578427
0.0125428615
0.0124642966
0.0125301021
0.0124241505
0.0125330698
0.012397135
0.0124440012
0.0124896457
0.0123888378
0.0122318708
0.012228989
0.0122485207
0.0122512136
0.0121977855
0.0122012483
0.0121456693
0.0121968206
0.0121486854
0.0121399426
0.0120332829
0.0120858709
0.0121451392
0.0121231003
0.0122684973
0.0123403605
0.0122971727
0.0122528064
0.0123215385
0.0124039348
0.0124892175
0.0125493827
0.0124127278
0.0124129966
0.0124323909
0.0123903711
0.0123996937
0.0122257916
0.0122668712
0.0123222239
0.0124041117
0.0123654434
0.0123064024
0.012421683
0.0124121528
0.0126301201
0.0126170672
0.0125542058
0.0126129032
0.0127748931
0.0127690652
0.0128036375
0.0127931407
0.0129400836
0.0128056112
0.0128446019
0.012817552
0.0128415216
0.012820868
0.0128615575
0.0129389961
0.0130552109
0.0130618893
0.0130673317
0.0128976035
0.0128822797
0.0130468138
0.0129134104
0.0131059302
0.0130693533
0.0131798246
0.0133281201
0.0133228643
0.0134004087
0.0133401318
0.0135156373
0.0134789441
0.0133600251
0.0133642218
0.0133501022
0.013187056
0.0132090967
0.0130797044
0.0129800909
0.0130003137
0.0130288763
0.0129600125
0.013030303
0.0130338134
0.0130224173
0.0128888889
0.0129040325
0.0128898582
0.0129115114
0.0129552239
0.0130318813
0.0129839471
0.012890292
0.0128001257
0.0128144184
0.0128076802
0.0128488097
0.0129138447
0.0129403409
0.0129737887
0.0130802361
0.0130666455
0.0130975143
0.0131406275
0.0131933578
0.0133061551
0.0133226479
0.0132986055
0.0131016895
0.0130982328
0.0129849087
0.0129507154
0.0129103053
0.0130074948
0.0129972796
0.0129046705
0.0128717621
0.0128966731
0.0128407643
0.0128675539
0.0127611822
0.0127387132
0.012704918
0.0126587052
0.0126858853
0.0126218937
0.0125464567
0.0125252525
0.0124791699
0.0124263784
0.0124509342
0.0122570582
0.0123015375
0.0123193198
0.0122920605
0.0122722249
0.0122394925
0.0122701928
0.0121965226
0.0122266688
0.0121336104
0.0121313822
0.0121016571
0.0120987261
0.0120868593
0.0121387468
0.0121780756
0.0121923937
0.0120114851
0.0120012778
0.0120635681
0.0120746888
0.0120810078
0.0121133693
0.0121055156
0.0121511441
0.0121700549
0.0121420519
0.0120154415
0.0119048382
0.0119082745
0.0119700628
0.0119884818
0.011953125
0.0119447531
0.0117950755
0.0119659344
0.0120715541
0.0119268254
0.0120173466
0.0119606589
0.0118708027
0.011929992
0.0120028658
0.0119236884
0.0120525478
0.0119907775
0.0120041421
0.0118900016
0.0118792693
0.0118565065
0.0118997446
0.0119644573
0.0119597424
0.0119749115
0.0120086497
0.0119312211
0.0120295849
0.0120082553
0.0120948617
0.0124378267
0.0123322228
0.0123208353
0.0122989053
0.0123141946
0.0123138129
0.0122677639
0.0120573329
0.0119990488
0.0120309783
0.0119454086
0.0118706625
0.0118736142
0.0119659344
0.0120334928
0.0119920382
0.012015949
0.0119588123
0.0119566603
0.0119780569
0.0120452734
0.0120660632
0.0121266752
0.0121844583
0.0121802835
0.012076251
0.0120190325
0.0120072993
0.0120582186
0.0120503937
0.0121083294
0.0120578525
0.0120826135
0.0120761246
0.0120971787
0.0121564945
0.0122180569
0.0122378937
0.0121950455
0.0122321011
0.0122102468
0.012330933
0.0123423282
0.0122488638
0.0121843593
0.012202726
0.0122144304
0.0121579602
0.0121240455
0.0121983497
0.012136194
0.0122556739
0.0122976099
0.0123759029
0.0123429359
0.0122826421
0.012283175
0.0122872911
0.0122887324
0.0123388582
0.0124443762
0.0122994652
0.0123525817
0.0123372645
0.0123126437
0.0123532117
0.0123226597
0.0123383621
0.012257371
0.0122155689
0.0123275862
0.0124609435
0.0124389112
0.0124293
0.0124387614
0.0123705514
0.0125361107
0.0124897338
0.012485225
0.0126522862
0.0126276821
0.0127020049
0.012671721
0.0127397679
0.0127886677
0.0127276895
0.0126450434
0.0128686776
0.0128024803
0.0129218607
0.0130292862
0.0131196319
0.0132174181
0.0132759151
0.013234298
0.0132601978
0.0133245871
0.0134590113
0.0134742676
0.0133948109
0.0134723965
0.0133581971
0.0131399371
0.0130981257
0.01321191
0.0133343939
0.0133285805
0.0133381226
0.013126189
0.0131266761
0.0130521327
0.0130869634
0.0132278879
0.0132170239
0.0133197811
0.0132834425
0.0132543271
0.0132672332
0.013194292
0.013108591
0.0130028064
0.0130152553
0.0129860031
0.0131468531
0.013108445
0.013187841
0.0131577307
0.0131765805
0.013261376
0.0132779693
0.0132945432
0.0131586336
0.013148264
0.0131158623
0.0131311216
0.0132195587
0.0129874861
0.0129289894
0.0129685276
0.0129960537
0.0129560837
0.0127472873
0.0127685493
0.0128637157
0.0128490208
0.0128951511
0.012886012
0.0130355443
0.0129093498
0.0129338843
0.0129783508
0.0129217779
0.0128334397
0.0128502956
0.0129474693
0.0128621402
0.0127828018
0.0127581285
0.0127337673
0.0127236738
0.0125525903
0.0125397325
0.0125175919
0.0125278344
0.0125582851
0.0125849382
0.0126112853
0.0125992836
0.0126978417
0.0127316844
0.0127213217
0.0127520648
0.0127317984
0.0127803738
0.01275
0.0128486924
0.0130671677
0.0131183302
0.0131981058
0.0131315043
0.0130755906
0.0131484709
0.0131256952
0.0129546895
0.0129284922
0.0128587196
0.0128442972
0.012877811
0.0129500709
0.0128566934
0.0128661318
0.0127719518
0.012508955
0.0124918288
0.0125355191
0.0125195496
0.0126705257
0.012665625
0.012602932
0.0125941488
0.0126639726
0.0129570648
0.012856251
0.0127549915
0.0128351717
0.0128733313
0.0128855104
0.0128706723
0.0128719616
0.0128642205
0.0129513295
0.0130725819
0.0133165036
0.0132771122
0.0132431582
0.0131108312
0.0130696946
0.0130864005
0.0129655065
0.0131530405
0.0129970511
0.0129639375
0.0129794785
0.0130383254
0.0130150445
0.0130180871
0.0130156538
0.0130016889
0.0129704033
0.0129501916
0.0129434192
0.0129205963
0.0128308208
0.0129141104
0.0128727937
0.0128210623
0.0127006855
0.0126019712
0.0126675766
0.0126651446
0.0126761847
0.0126403042
0.0126324655
0.012630854
0.0125936115
0.0125978756
0.0126391847
0.0126628119
0.01273402
0.0127473525
0.0127347983
0.0126734909
0.012663084
0.0127568698
0.012751046
0.0127172125
0.0125866429
0.0125867695
0.0125321508
0.0125548197
0.0125599882
0.0125961256
0.0125754911
0.0125843524
0.0126014461
0.0125211205
0.0124704666
0.0124922165
0.0124496744
0.0123053006
0.0123076923
0.0122711662
0.0122518124
0.0122992755
0.0122618171
0.0122386964
0.0122342924
0.0124460115
0.0124572775
0.0123874206
0.0123465171
0.0122721249
0.0123227529
0.012243279
0.0122064005
0.0121772668
0.0120324967
0.0120700174
0.0120480881
0.0121219619
0.0121245102
0.0121195416
0.012065755
0.0120779033
0.0120333817
0.0121452481
0.0120734718
0.0120371176
0.0120364214
0.0120220852
0.0119670735
0.0119397471
0.0119034853
0.0119416655
0.0120417601
0.0119159009
0.0118865821
0.0118829906
0.0119103151
0.0118842178
0.0118816388
0.0118033685
0.0116668935
0.0115502831
0.0115161334
0.0116687201
0.0117768595
0.0117614729
0.0117357869
0.0116583679
0.0116261168
0.0114751851
0.0115425678
0.0115191437
0.011443509
0.0113992487
0.0113984026
0.0115087672
0.0115698309
0.0114902545
0.0114640399
0.0113848416
0.0113856875
0.0113416432
0.0113084737
0.0113325282
0.0114851081
0.0115435786
0.0115491424
0.0114109442
0.0113358572
0.0112592692
0.01127098
0.0113124494
0.0112853126
0.0113166689
0.0113504823
0.0114189371
0.0115764964
0.0116636901
0.0117540462
0.0116930489
0.0116982688
0.0118613393
0.0117443797
0.0117630623
0.0118971106
0.0118439517
0.0118230563
0.0117485347
0.0117110584
0.0116121463
0.0115916955
0.0115744976
0.011651479
0.0117030876
0.011655481
0.0116612835
0.0116996214
0.0116809437
0.0117308229
0.0116856745
0.011653565
0.0116892827
0.0116140642
0.0117027216
0.011636162
0.0116696864
0.0117797677
0.0119065001
0.0119656435
0.0119799887
0.0119170984
0.0118682084
0.0119205948
0.0119180763
0.011878897
0.0118396357
0.0119541667
0.011889134
0.0117575175
0.0117151083
0.0117516447
0.0116973666
0.0116602897
0.0117222451
0.0116103542
0.0116329874
0.0117722732
0.0117743478
0.0118369017
0.0118433118
0.0120234091
0.0121325922
0.012132522
0.01201914
0.0121075444
0.0121807359
0.012097449
0.0121744406
0.012096947
0.0121416072
0.0120898726
0.0121050532
0.0121765804
0.012294686
0.0121555937
0.0121265355
0.0121434242
0.01209062
0.0120229158
0.0119957983
0.0119690967
0.0120221169
0.0119533186
0.0119486306
0.0119545929
0.0120965626
0.0120970492
0.0121245902
0.0120455736
0.0119549466
0.0120042672
0.0121276596
0.0121094686
0.0121299639
0.0120991408
0.0121321794
0.0120658879
0.0119737013
0.012
0.0120297223
0.0120436325
0.0120122268
0.0119405321
0.0119570313
0.0119689862
0.0120757956
0.0119895013
0.0119512195
0.0119748888
0.0118417639
0.0118861534
0.0119242247
0.0120135188
0.0121460468
0.0121075297
0.0121074487
0.0122209119
0.0120585544
0.0122711595
0.0122141823
0.0121942587
0.0123245033
0.0123584781
0.0123546628
0.0124182306
0.0123871655
0.0123183803
0.0121893801
0.0122156709
0.0121976729
0.012236033
0.0120973589
0.0120414508
0.0120390736
0.0120497295
0.0120778888
0.0120759072
0.0121285089
0.0120421995
0.0119382308
0.0119699286
0.0119806394
0.0121355976
0.0122304399
0.0121577033
0.0121304008
0.0120023163
0.0121555642
0.0122256809
0.0124071636
0.0123833311
0.012365465
0.0125023096
0.0125616749
0.0125344828
0.01269437
0.0126667558
0.0126447053
0.0126327021
0.0125919533
0.0125864362
0.0125997871
0.0125165038
0.0125131857
0.0124684377
0.0124736981
0.0123921877
0.0124170741
0.0123918237
0.0123261133
0.0123287488
0.0122985908
0.012248031
0.0122427901
0.0122419786
0.0122760096
0.0122056452
0.0121474445
0.0120314793
0.0117954126
0.0117960587
0.0118735981
0.0119462465
0.0119048249
0.0120603955
0.0121692205
0.0122423677
0.0123941019
0.012404292
0.0124507717
0.0124302789
0.0124803621
0.0126178992
0.0125538421
0.0124380601
0.0124096859
0.012381326
0.0125828856
0.0126336478
0.0125745827
0.0124950703
0.012324395
0.0124698321
0.0124943552
0.0124823827
0.0127051265
0.0124909892
0.0123753193
0.0124222432
0.0124509013
0.0124138395
0.012472624
0.0124036374
0.0123615635
0.0124591948
0.0124790144
0.0123673525
0.012454533
0.012421629
0.0124197971
0.012424409
0.0124602957
0.0126244344
0.0125695784
0.012305352
0.0122169614
0.0122260749
0.0122691293
0.0121912073
0.0121781489
0.0121134948
0.012188196
0.0122205396
0.0121123288
0.0122382325
0.0121106557
0.0122326093
0.0122612032
0.0122317189
0.0123621725
0.0124567144
0.0123953488
0.0123514986
0.0122642536
0.0121389076
0.012271077
0.012268319
0.0123376271
0.0124293862
0.0123921943
0.0123403379
0.01250342
0.0125137741
0.0125532793
0.0125521757
0.0125467194
0.0124223097
0.0125391423
0.0125406204
0.0125124747
0.0124434876
0.0124448034
0.0122243016
0.0123203094
0.0122125182
0.0121672853
0.0121090957
0.0121787931
0.0121069265
0.012193642
0.012182346
0.0121258278
0.0121364357
0.0120497881
0.0120162028
0.012087639
0.0121023694
0.0120312293
0.0119989472
0.0119960396
0.0120856611
0.0120034634
0.0118769926
0.0118415815
0.0119126046
0.0120149154
0.0119191254
0.0117865582
0.0118053727
0.0118781925
0.011902818
0.0118608627
0.0119491862
0.0119981351
0.011835559
0.0117978848
0.0118790017
0.0119326195
0.0118532919
0.0118617918
0.0119463702
0.0119156438
0.0118262458
0.0119353149
0.011972459
0.0120073859
0.0120759926
0.0119257419
0.0118629745
0.0117507148
0.0117878473
0.0117706859
0.0118027079
0.0117215646
0.011781387
0.0117991686
0.0117943418
0.0117809821
0.011757732
0.0117951713
0.0117666839
0.0117218714
0.0116059518
0.0115628192
0.0115130656
0.011431662
0.0114314824
0.0114679715
0.0114616935
0.0114314567
0.0114557927
0.0113562957
0.0113074695
0.0113097034
0.0114301802
0.0114818068
0.0114639668
0.0114985482
0.0114439844
0.0114632924
0.0114775295
0.0115796738
0.0114938379
0.011565023
0.0115169512
0.0114242166
0.011501472
0.0114961982
0.0114724151
0.0115017065
0.0114839262
0.011532802
0.0114173133
0.011366542
0.0113515784
0.0113019093
0.0113138075
0.0111747096
0.0112233661
0.0113146269
0.011412769
0.0113298317
0.0114763098
0.0115722209
0.0116083582
0.0114781887
0.0114801187
0.0114536666
0.0114900389
0.0114773396
0.0115343602
0.0115254841
0.0115239787
0.0115463426
0.0117068201
0.0116922892
0.0117509963
0.0117094017
0.0116801372
0.0116197356
0.0117367257
0.0117182471
0.0117501531
0.0118425937
0.0117560617
0.0118127074
0.0117738168
0.0119564406
0.0118784667
0.0118615517
0.0118146436
0.0117972743
0.0116668692
0.0116801059
0.011721735
0.0117658442
0.0117106227
0.0117926725
0.0117930949
0.0117580924
0.0117197997
0.0117789397
0.0117072002
0.011706292
0.0119585113
0.0119250426
0.0119201173
0.0120007378
0.0119402617
0.0118719512
0.0119286852
0.0118568426
0.0119539806
0.0120143796
0.0120109371
0.0119653036
0.0119282622
0.0119382057
0.0118784942
0.012022977
0.0119841669
0.0118008475
0.011822845
0.0117410161
0.0117068646
0.0117475009
0.0118037429
0.0117567568
0.0116378358
0.0116467692
0.0116985557
0.0117976147
0.0118108577
0.0117671131
0.0117916925
0.0118070803
0.0119126974
0.0118388097
0.0118389946
0.0117640546
0.0116863324
0.0116182371
0.0115825523
0.0115593791
0.0115805947
0.0114861765
0.0115557164
0.0115451264
0.0115031893
0.011462536
0.0115008473
0.0114333774
0.0114407088
0.0114482171
0.0114552102
0.0113992172
0.0112692448
0.0113386881
0.011283416
0.0112902442
0.011270752
0.0112629652
0.0112423725
0.0112535091
0.0113058924
0.0114649209
0.0114538919
0.011519802
0.0114736189
0.0115427648
0.01161717
0.0116045703
0.01160555
0.0115772519
0.0116769725
0.0117298637
0.0117514336
0.0117801374
0.0118206862
0.0119866884
0.0119388011
0.0119367787
0.0119314914
0.011919393
0.0118294497
0.0117165842
0.011718634
0.0118157993
0.0117097863
0.0117565349
0.0118754765
0.0118092105
0.0117926075
0.0117253121
0.011664772
0.0116826196
0.0117417645
0.0117394054
0.0117376426
0.0116231811
0.0116314996
0.0116000501
0.0115048665
0.0115196507
0.0115756591
0.0116374269
0.0117045171
0.0116573139
0.0116733567
0.0115092454
0.0114630468
0.0114532699
0.0113386997
0.0113513179
0.0113238013
0.0112714268
0.0113522825
0.0113455355
0.0113104467
0.0113014543
0.0112504611
0.0111836283
0.0111152006
0.0110680088
0.0111182822
0.0111189679
0.0111267255
0.0110236123
0.0109671869
0.0108627212
0.0108502369
0.0108503975
0.0107680232
0.0107751844
0.0108683986
0.0108802432
0.010798391
0.0107957884
0.0110016999
0.0109276844
0.0109263774
0.0109525565
0.0109893906
0.0109884151
0.0108929664
0.0108212033
0.0109075446
0.0109316167
0.0109104134
0.0108676578
0.0108420286
0.0108394072
0.0109544574
0.0109429877
0.0109113712
0.0109597412
0.010941247
0.0109979461
0.0110380581
0.0109646575
0.0109727908
0.0109100707
0.0108407978
0.0108108429
0.0109042999
0.0108237548
0.0107011686
0.0107026066
0.0107451212
0.0108269962
0.0108848716
0.0108339273
0.0107796369
0.0106987467
0.0107115973
0.0107688657
0.0106599764
0.0107258541
0.0107229201
0.0106039475
0.0104738009
0.010471345
0.0104945055
0.0104636767
0.0104187624
0.0104286216
0.0103973588
0.010410975
0.0103572684
0.0102252409
0.0101993007
0.0102507323
0.0103636364
0.0104257332
0.0103100775
0.01028558
0.0102751646
0.0102375936
0.0103052171
0.010408018
0.0102748614
0.0102006847
0.0101799577
0.0102028063
0.0102131186
0.0103018419
0.01024
0.0101018855
0.0101391976
0.0101980431
0.0101572662
0.0100905989
0.0100930945
0.0100768503
0.010027277
0.0101189768
0.0101389879
0.0100794781
0.0100617577
0.0100808946
0.0100525436
0.0100226649
0.0100178784
0.0099940667
0.009967903
0.0099231769
0.0098681888
0.0098652449
0.0098466042
0.0097640187
0.009790063
0.0097792314
0.0097490077
0.0096950578
0.0096261465
0.0095845388
0.0095665241
0.0095715609
0.0096353323
0.0095974086
0.0096280516
0.0095911551
0.0098433901
0.0099304992
0.0099838038
0.0100442787
0.0100328947
0.0099544499
0.0099860107
0.0100326493
0.0100373265
0.0100176077
0.0098858341
0.009875509
0.0098558475
0.0098812711
0.0099329325
0.009889883
0.0100337445
0.0101887452
0.0102127411
0.0101547591
0.0101587669
0.0101766826
0.0101577726
0.0100834299
0.010055918
0.0101723734
0.0100942408
0.0099965398
0.0100287489
0.0100831697
0.0099356544
0.009891867
0.0097955198
0.0097445005
0.0097816893
0.0096548189
0.0096535955
0.0096373235
0.0096278058
0.0097501152
0.0096996548
0.009638237
0.009833603
0.0098174255
0.0098073373
0.0098159083
0.0098352477
0.0097396013
0.0097028794
0.0096503096
0.0096854913
0.0098330455
0.0098513996
0.0098433749
0.0098214083
0.0097708711
0.0097498302
0.0097391403
0.0096987677
0.0097418244
0.0098320593
0.009815481
0.0097526707
0.0097446315
0.0098393806
0.0098519889
0.0098638828
0.01
0.0099918614
0.0099359571
0.0099732153
0.0099044178
0.0099299965
0.0100210354
0.00997894
0.00995194
0.0099034884
0.0099207367
0.0099507389
0.0099161035
0.009895361
0.009799308
0.009702743
0.0096718678
0.0096691092
0.0096923077
0.0097290754
0.0097064241
0.0097139915
0.0097042704
0.0096806092
0.0097045403
0.0097313603
0.0099159664
0.0098460842
0.0098253521
0.0098518352
0.0098343778
0.0098452116
0.0097639628
0.0097477597
0.0097508857
0.0098384777
0.0099599644
0.0099063258
0.0099603699
0.0099747058
0.0100376815
0.0100992196
0.0100865801
0.010074519
0.0101142473
0.010043771
0.0100179111
0.0100503299
0.0099662959
0.0099090304
0.0098239008
0.0098132184
0.0098088542
0.0098039216
0.0097906797
0.0098526987
0.0098635263
0.0098494312
0.0098054691
0.00983938
0.0097165947
0.0096176664
0.0096456737
0.009675303
0.0097181523
0.0097573306
0.0097361922
0.0097230597
0.0096362229
0.0096294223
0.0096596653
0.0096420958
0.0096466629
0.0096375673
0.0095963876
0.0097304222
0.0096606034
0.0096568519
0.0096131184
0.0096671491
0.0097695904
0.0098526434
0.0099172523
0.0098330304
0.0098042544
0.0096943379
0.009675737
0.0096550159
0.0097187571
0.0096985152
0.0097859989
0.0097819386
0.0097329072
0.0097429774
0.0098072125
0.00985078
0.0098710115
0.0098642534
0.0098343475
0.0097837594
0.0098726186
0.0097315736
0.009747673
0.0097212583
0.0097509859
0.0096521544
0.0096577733
0.0096841987
0.0096579477
0.0096664801
0.0097284201
0.0096412205
0.0095648293
0.0095442925
0.0095356587
0.0094564615
0.0094759631
0.0094936147
0.0094629383
0.0094299945
0.0094447517
0.0095394664
0.009583287
0.0094656489
0.0095326377
0.0095778275
0.0095381166
0.00948434
0.0095382719
0.0095063107
0.0094852859
0.0094759191
0.0095739885
0.0096046407
0.0095877095
0.0096010727
0.0095846824
0.009514942
0.0094817787
0.0094173788
0.0094607569
0.0094847775
0.0095089136
0.0095585911
0.0095818305
0.0094666367
0.0094359551
0.0094619393
0.0095134705
0.0095026119
0.0095015931
0.0095593761
0.0095834756
0.0095630902
0.0095754076
0.0094792487
0.009459429
0.0094534595
0.0094430693
0.0094794705
0.0095090035
0.0095836615
0.0096129249
0.0096848787
0.0096877484
0.0095605513
0.0095471485
0.0096030672
0.0095779734
0.0095754291
0.0096137339
0.0096376481
0.009674408
0.0096570582
0.009650924
0.0097298535
0.0097120899
0.0097156289
0.0097739468
0.0098298698
0.0097901066
0.0097552963
0.009734223
0.0097816941
0.0098618879
0.0099358828
0.0099119295
0.0099213047
0.0099735996
0.0099724391
0.0098816364
0.0098267156
0.009854621
0.0098267898
0.0098196323
0.009805443
0.0097939099
0.0097898626
0.0096956122
0.0097495383
0.0097359889
0.009716132
0.0097411191
0.0097839721
0.0097620982
0.0097867381
0.0097880517
0.0098111448
0.0097857143
0.0098669806
0.0098977072
0.009911858
0.0098659454
0.0098434742
0.0097693846
0.0097146533
0.009703167
0.009744886
0.0097278273
0.0096828753
0.0096534364
0.0096820537
0.0097223863
0.0097683489
0.0097465818
0.0097040443
0.0097032044
0.0097140494
0.009759292
0.0097574473
0.0097796209
0.0098239395
0.0098203734
0.0098057562
0.0097761724
0.0096503579
0.0096578081
0.0096331776
0.0096503089
0.0097404562
0.0097579707
0.0097263942
0.0097437398
0.0095960065
0.0095645105
0.0095757997
0.009608958
0.009809147
0.0098876273
0.0099788782
0.0100728726
0.0101746931
0.0101000235
0.0101297017
0.0100708383
0.0098992738
0.0099473376
0.0100704225
0.0101035782
0.0100094229
0.0100646602
0.0100047092
0.0099337825
0.0098285648
0.0097996758
0.0098306265
0.0098581395
0.0098171508
0.0099095862
0.0098251708
0.0098096886
0.009819674
0.0097451934
0.0097588965
0.0096927856
0.0096455288
0.0096531459
0.0096329012
0.0095747113
0.0095466424
0.009546697
0.0094402352
0.0094915829
0.0095328895
0.0095350412
0.0094534231
0.0094637047
0.0094645263
0.0094009371
0.0093771006
0.0093358676
0.0092768549
0.0092692948
0.0092248062
0.0092069118
0.009207877
0.0091865079
0.0092154696
0.0092292381
0.0092614016
0.009267179
0.0091889799
0.0091293368
0.009159478
0.009053787
0.0089934641
0.0089142919
0.008938505
0.0088983876
0.0089309335
0.0088753241
0.0088748515
0.0088138138
0.0088474358
0.0087854468
0.008695606
0.0086898084
0.0087498673
0.0087414067
0.008773625
0.0087286245
0.0087125876
0.0087389592
0.0087297009
0.0086809783
0.0086449546
0.0086725284
0.0086168403
0.0086115843
0.0086832778
0.0086244121
0.0086445396
0.0086708048
0.0087482585
0.0086328872
0.0086068966
0.0086392906
0.0086729606
0.0086185393
0.0086111405
0.0085035654
0.008508183
0.0086029876
0.0086518159
0.0085454165
0.0085835516
0.0085592071
0.0085342938
0.0085703851
0.008548488
0.0086614917
0.0086222408
0.0085788274
0.0086586128
0.0088132214
0.0089339132
0.0090076907
0.0089243537
0.0089210916
0.0088339297
0.0088810526
0.0088828166
0.0089148352
0.0087674541
0.0089090909
0.0089197173
0.0088870187
0.009012871
0.0091752799
0.0095933297
0.0092875345
0.0092581226
0.0092964931
0.0092404929
0.0091276798
0.0090634536
0.0090549774
0.0092383579
0.0092007218
0.0090969512
0.0090981964
0.0090886129
0.0090432682
0.0091257233
0.0091307555
0.0092927909
0.0092918862
0.0091450047
0.0090804479
0.0089513882
0.0089400494
0.0089424364
0.0088421376
0.0087402294
0.0087543842
0.0086306971
0.0087148152
0.0087433664
0.0086930733
0.0086642599
0.0086754307
0.0085768199
0.0086144638
0.0085524873
0.0085650135
0.0083932077
0.0084088441
0.0084027914
0.0083734171
0.008273108
0.0082915895
0.0083279617
0.0083920877
0.0083725012
0.0084285436
0.008373012
0.0085816577
0.0084306711
0.008525068
0.0084732824
0.0084331664
0.0083034864
0.0082966352
0.0082489311
0.0082636321
0.0081439252
0.0081572803
0.0080745399
0.0081142123
0.008304689
0.0084701352
0.0087674665
0.0087486734
0.0086193313
0.0088489068
0.0087730896
0.0089270977
0.0089511523
0.0091031346
0.0090866095
0.0091115275
0.0091263959
0.0091730597
0.0089510559
0.0091078921
0.0090281253
0.0090556222
0.0092153488
0.0091594849
0.0090934816
0.0089961817
0.0090297529
0.0090373737
0.0090755619
0.0091149719
0.0089579525
0.0088860938
0.0089063761
0.0088661037
0.0088302752
0.0087045861
0.0085984252
0.0086296917
0.008607371
0.008633778
0.0086921569
0.0088605965
0.0089386981
0.0090570523
0.0090205574
0.0092230677
0.0092024108
0.0091356914
0.0092068131
0.009231545
0.0093480697
0.0094260373
0.0095045274
0.0095560796
0.0096031664
0.0095984802
0.0097316268
0.0095910628
0.0097938994
0.0094606605
0.0094181013
0.0094028503
0.0093435252
0.0092711544
0.009427052
0.0093721393
0.0093169616
0.0094182184
0.0094115284
0.0093975174
0.0092883521
0.0093683051
0.0093064855
0.0092463015
0.0092372881
0.0093724145
0.0093147924
0.0094319335
0.0094001017
0.0094016145
0.0095062481
0.0092438148
0.0091438121
0.0091868885
0.009218583
0.0094068627
0.009538811
0.0096844829
0.0094949694
0.0095751183
0.0096549331
0.009796529
0.0096439582
0.009708709
0.0097179915
0.0098816801
0.0102970594
0.0100505551
0.010186398
0.0103369866
0.0103002357
0.0100987277
0.0101300417
0.0102649817
0.0101754742
0.0102487258
0.0102908231
0.0100789906
0.0099226542
0.0098536831
0.009887017
0.0098492513
0.0098894635
0.0100010168
0.0099959308
0.0101217018
0.0100959477
0.0100315682
0.009864743
0.0098846387
0.0096611195
0.00973454
0.0097907655
0.0098643549
0.0097288239
0.0097437722
0.0097071342
0.0097849899
0.0096651876
0.0097724954
0.0096831381
0.0096452463
0.009551731
0.0095276301
0.0097707213
0.0097734139
0.0096748294
0.0095889724
0.0095277249
0.0095509672
0.0096143856
0.0094921139
0.0095740667
0.0095140665
0.0094792899
0.0095830452
0.0095949166
0.0095421591
0.0094608231
0.0093528947
0.0094251616
0.0096103766
0.0095660491
0.0096634567
0.0096269113
0.0096678553
0.009623991
0.0095435472
0.0095263801
0.0094693252
0.0095336628
0.0094377551
0.0094501683
0.0094330789
0.0093916041
0.0094827937
0.0094188764
0.0093920973
0.0093575193
0.0094550602
0.0095319149
0.0095867264
0.0096728685
0.0095398928
0.009570145
0.0095328244
0.0095116989
0.0095047483
0.0094369756
0.0094420297
0.0095133279
0.0094682348
0.0095416792
0.009558249
0.0094658783
0.009427623
0.009375
0.0094132498
0.0093700787
0.0094220825
0.0094398044
0.0095223972
0.0094831299
0.0094530771
0.0094906743
0.0095264453
0.009577421
0.0096298999
0.0095625327
0.0096022309
0.0096871997
0.0096944771
0.0096935518
0.009774276
0.0096838744
0.0096073854
0.0096465719
0.0096760489
0.0096754629
0.0096373707
0.0095199749
0.0096239891
0.009550173
0.0095499843
0.0096014721
0.0097829556
0.0098697694
0.0098320856
0.0098066093
0.0099011059
0.0099531067
0.0099015832
0.0099232
0.009939985
0.0101122262
0.0098737802
0.0100864461
0.0102101651
0.0102961128
0.0102834528
0.009800755
0.0097532656
0.0097885134
0.0097781694
0.009699793
0.0097375491
0.0098825852
0.0099798643
0.01000636
0.0102243797
0.0101868049
0.0109543293
0.0108585355
0.0112825404
0.0114048356
0.0119173691
0.0114732195
0.011315759
0.0116369434
0.0118171007
0.0116204414
0.0117486861
0.012134763
0.0126753344
0.0129559748
0.0134966281
0.0137107566
0.0134705806
0.0126314499
0.0123907486
0.0122143543
0.011964201
0.0114967162
0.0117209788
0.012102266
0.0120512821
0.0122289949
0.0123321683
0.0128184948
0.0130612245
0.0127179929
0.0125319071
0.0126838868
0.0128443783
0.0133009957
0.0134742387
0.0127905255
0.0129297404
0.0128949637
0.0129046563
0.0129749504
0.0132772485
0.0133071847
0.0135249717
0.0136222363
0.0140668307
0.0135673839
0.0136220769
0.0135327385
0.0133109838
0.0136223411
0.0136700545
0.0135472849
0.0136927515
0.0133341303
0.0137062077
0.0135463415
0.0133989788
0.0133329302
0.0133567876
0.0134763476
0.0135110786
0.0134995732
0.0134177832
0.0134545455
0.0132233901
0.0127716873
0.0125540205
0.0128272749
0.0129990528
0.0131937173
0.0135945259
0.0136987981
0.0139477287
0.0140988152
0.0138477907
0.01381875
0.0140070698
0.0143857649
0.0141547964
0.0139803775
0.0137477036
0.0137752479
0.0134731625
0.0136318104
0.0137250062
0.0138028518
0.0138875124
0.0136892489
0.0133655848
0.0134218653
0.0132793867
0.0135843708
0.0137472008
0.0137809143
0.0135379645
0.0135392839
0.0136650669
0.0134578024
0.0133274714
0.0133876834
0.0132207207
0.0129097032
0.0129170328
0.0126483791
0.0129322356
0.013209416
0.0131509507
0.0128981055
0.0130839557
0.0131409844
0.0131198133
0.0130195222
0.013189356
0.0130996925
0.012995286
0.0129089526
0.0128923938
0.0129728012
0.0130576472
0.0129637447
0.0127107397
0.0125088946
0.0126089097
0.0125110837
0.0126619509
0.0129416215
0.0127047835
0.0128578667
0.0124650241
0.0123406092
0.0123298559
0.0123003708
0.0123692004
0.0122246777
0.0122498156
0.012219369
0.0122425491
0.0121067821
0.0121693441
0.012249757
0.0126040252
0.0125157388
0.0126592317
0.0125509703
0.0124875863
0.0125701105
0.0126615366
0.0123930802
0.0121026807
0.01195319
0.0119170007
0.0119157449
0.0118947122
0.011812756
0.0117129308
0.0119164248
0.0121243584
0.0121945807
0.0122655884
0.0124120071
0.0120669223
0.0120388799
0.0120361267
0.0120450409
0.0118921954
0.0118827369
0.011807688
0.0117033578
0.0115254806
0.0114313811
0.0112698585
0.0112990806
0.0115101635
0.0113888278
0.0113248053
0.0113987661
0.0113134658
0.0113092726
0.0112210388
0.0113951405
0.0115787084
0.0117729852
0.0118635022
0.0117133183
0.0117868481
0.0120184438
0.0121116226
0.0120252874
0.0120558582
0.0120978136
0.0120636574
0.0120564329
0.0118969474
0.0120957249
0.012107342
0.0122232558
0.0122807222
0.0126858682
0.0124727188
0.0125886319
0.012482671
0.0122138794
0.0118630413
0.0119498825
0.0118791197
0.011727152
0.0118717408
0.0117188014
0.0114208243
0.0114372492
0.0113568492
0.0115649146
0.0114573796
0.0113000649
0.0114069755
0.0112071726
0.0111927389
0.0112687206
0.0112746471
0.0111168944
0.0112253782
0.0114889868
0.0113214325
0.0113882251
0.0115663707
0.0117303222
0.0116569093
0.0116794563
0.0115605615
0.0114417045
0.0113629041
0.0114738322
0.0116525657
0.0116768693
0.011655398
0.0118267647
0.0118458485
0.0119814549
0.0119350563
0.0116601647
0.0115932349
0.0116668459
0.0117217972
0.0117689648
0.0119069166
0.011946163
0.0118348032
0.0117665919
0.0116734129
0.0117537273
0.0117265566
0.0117365718
0.0117202228
0.0119531335
0.0121689248
0.0121532609
0.0120282149
0.0119183499
0.0120181113
0.0120904261
0.0119738113
0.0119309395
0.0119545599
0.0119223076
0.0116271788
0.0115185683
0.0114998968
0.0114962491
0.0113989048
0.0114159751
0.0113601236
0.0115366876
0.0114276801
0.0114790727
0.0114282712
0.011551816
0.0116098081
0.0118810601
0.0116607962
0.0120118919
0.0119598099
0.0118259477
0.0116935998
0.0117461162
0.0119557513
0.0117319675
0.0117275503
0.0116408539
0.0116312579
0.0117045812
0.0117365332
0.0118316256
0.0117796967
0.0119755189
0.0120454302
0.0118400506
0.0119690547
0.011963705
0.0122709417
0.0122452449
0.0122486521
0.0120528349
0.0120329555
0.0119374539
0.0116864808
0.0117440151
0.0120305862
0.0120243001
0.0119428933
0.0118627555
0.0119473239
0.0118206926
0.0118128841
0.0118879246
0.0117706001
0.0116640136
0.0115128801
0.0114546026
0.0114539156
0.0114965343
0.011392656
0.0113122266
0.011419981
0.0113113545
0.0113052167
0.0112173823
0.0113345787
0.0111711805
0.0111141023
0.0111361996
0.0112348743
0.0114504055
0.0112880272
0.0112647451
0.0113293549
0.0112988211
0.0113241209
0.0114828778
0.0115993707
0.0117377984
0.0117227513
0.0118346774
0.0119338314
0.0118723359
0.0117860951
0.0117168066
0.0117182203
0.01164827
0.012036898
0.0120042895
0.0119813744
0.0119435536
0.0118372564
0.011699937
0.0116998211
0.0116477987
0.0115678497
0.0115141692
0.0114366256
0.0113308341
0.0114260417
0.0117017006
0.011709943
0.0119735861
0.0118709133
0.0116864707
0.0116057037
0.0116570486
0.0115687487
0.0113865157
0.0113593429
0.0113865847
0.0113295035
0.0113433296
0.0112553451
0.0112860061
0.0112112905
0.0111734488
0.0112177346
0.0112412392
0.0113405427
0.0112702455
0.0111363869
0.01100654
0.0111141975
0.0110270546
0.0109769764
0.0108693003
0.0107534799
0.0106851945
0.0106318214
0.0106595936
0.010718797
0.0107554173
0.0107948486
0.0107468672
0.0107609785
0.0107128614
0.0107454473
0.0110302477
0.0110250407
0.0107038738
0.0106924766
0.0107315853
0.0106499498
0.0106303782
0.0109063229
0.0107591862
0.0106833484
0.0108102887
0.0106873165
0.0108344411
0.0109013448
0.0113140591
0.0113894979
0.0109972299
0.0109142625
0.0109373408
0.0109346458
0.0112044587
0.0113034878
0.0111711805
0.0114558222
0.0119749518
0.0118117173
0.0116841104
0.0119989218
0.0117839677
0.0115686686
0.011577675
0.0114996856
0.0115060304
0.0112638788
0.0113013985
0.0114653903
0.0114439065
0.0114844734
0.0113762613
0.01133829
0.0113152985
0.0112118095
0.0112704623
0.0112133634
0.0113311388
0.0112969983
0.011227138
0.0112701654
0.0115652355
0.0116843972
0.0116139405
0.0115704531
0.0118685594
0.0119921419
0.012125491
0.0121490948
0.0121401939
0.0120541737
0.0120502312
0.0118179919
0.0116654621
0.0117140191
0.0117043928
0.0116637442
0.0119052577
0.0121592585
0.0121453433
0.0120384373
0.0119534835
0.0119120697
0.0118936877
0.0118718399
0.011790782
0.0118102734
0.011965138
0.0118940874
0.0118377162
0.0119359132
0.0118109595
0.0118260339
0.0120668724
0.0119568789
0.0120766839
0.0122638351
0.0121334724
0.012052987
0.0122304561
0.0120743418
0.0120534979
0.0121789277
0.012247639
0.0123252391
0.012595339
0.0125762568
0.0124633245
0.012392476
0.0124656811
0.0126802474
0.0124435102
0.0125034229
0.0123115317
0.012293521
0.0124702443
0.0123279876
0.0123340914
0.012319021
0.0122935308
0.0123513735
0.012018094
0.0119849995
0.0120197959
0.0119774011
0.0120680062
0.0122403637
0.0122148965
0.012181015
0.0121956477
0.0123202311
0.0123339521
0.0123340537
0.0122482125
0.0122713321
0.0122172498
0.012186427
0.0123552752
0.012368261
0.0123505572
0.0123609144
0.0122534363
0.0123434201
0.0124350288
0.0125088878
0.0126450881
0.0126289398
0.012639474
0.0126008416
0.0126436078
0.0125754939
0.0126536515
0.0125741363
0.0126393976
0.0125885337
0.0124989911
0.0124529828
0.0124355243
0.0122885423
0.012339978
0.0123318655
0.0121382766
0.0122065633
0.0122563012
0.0121590337
0.0122703533
0.0122800204
0.0121862266
0.0121976566
0.0122403758
0.0123716306
0.0121141414
0.0120704268
0.0121314985
0.0121042964
0.0122750128
0.0120597197
0.0119981917
0.0121585194
0.0121613195
0.0121143952
0.0119967647
0.012042609
0.0120211907
0.0120613991
0.0120446097
0.011903952
0.0119517103
0.0120342244
0.0121469271
0.0121493996
0.0121348884
0.0121621622
0.012136606
0.0121633888
0.0121672662
0.0122258904
0.01224547
0.012247191
0.0121417962
0.012243365
0.0119463221
0.0119719291
0.0120005972
0.0120117285
0.0118833548
0.011869694
0.0119264155
0.0119248269
0.0119287336
0.011999007
0.0121573705
0.0120381276
0.0120298507
0.0120620402
0.0121159796
0.0120866966
0.0119775526
0.0121601918
0.0122222222
0.0121687463
0.0121109902
0.012153039
0.0120051465
0.0120011871
0.0121047411
0.0120642019
0.0119792705
0.011841923
0.0118672199
0.0118060498
0.0117830375
0.0118225679
0.0118366142
0.0118209513
0.0119366301
0.0120452516
0.0120332644
0.0119941148
0.0118900243
0.011897341
0.0119169018
0.0118065018
0.0118067839
0.0118510224
0.0117495629
0.0116971811
0.0117457842
0.011891497
0.0119490781
0.012137457
0.0124123199
0.0124921042
0.012173399
0.0120749364
0.01208945
0.0121282227
0.0120712891
0.0120557355
0.0119544833
0.0118395628
0.0117320769
0.0117096587
0.0114494988
0.0115243902
0.0113864534
0.0112453228
0.0112842893
0.0112593301
0.0112968272
0.0114808764
0.0115053038
0.0115044163
0.0115465898
0.0117439272
0.0116106804
0.0115775911
0.0116423879
0.0116391723
0.0116547312
0.0116308482
0.0115823147
0.0116579523
0.0116725135
0.0116864383
0.0117363222
0.0119090996
0.0120591647
0.0120235794
0.0119884114
0.0119056314
0.0118764412
0.011926747
0.0120236824
0.012034409
0.0119972667
0.0119257676
0.0118561597
0.0119055485
0.0119618395
0.0119234909
0.0119212352
0.0120364384
0.0120851646
0.0120642515
0.0119072065
0.0120430631
0.0120925002
0.0121535909
0.0122068898
0.0121529469
0.0122462351
0.0121652699
0.012183436
0.0122010178
0.0120257577
0.0121452404
0.0121972829
0.0122431557
0.0122082884
0.0121398697
0.0121300797
0.0121855994
0.0122740726
0.0121945925
0.0121526958
0.0120104844
0.0119701061
0.0118841276
0.0118901268
0.0118420294
0.0119164738
0.0118097248
0.011917716
0.0120569436
0.0121376847
0.0121361457
0.0121411426
0.012076534
0.0121452589
0.0120431641
0.0120295623
0.0120340104
0.0121002659
0.0120663579
0.0120940332
0.0121442125
0.0121913258
0.0123919281
0.0124475926
0.0124771788
0.0125327679
0.0123841576
0.012462577
0.0127418398
0.012849782
0.0129320927
0.0128756298
0.012875099
0.0127953607
0.012819756
0.0128263003
0.0129438558
0.0129115297
0.0128730975
0.0129024921
0.0128740858
0.0127096457
0.0128917449
0.0127217545
0.0127897627
0.0127657288
0.0127031509
0.012801415
0.0128951021
0.0127749158
0.0127720719
0.0127320249
0.0128692446
0.012894999
0.0128748144
0.0129248463
0.0128427797
0.012744022
0.0129570905
0.012977266
0.0131084868
0.0134333265
0.0134654587
0.0135319677
0.0133068379
0.0133663974
0.0134899607
0.013477854
0.0136595076
0.0138035639
0.0136094551
0.0135936197
0.0135359518
0.0133884382
0.0134184251
0.0131134565
0.0133040188
0.0131199269
0.0132583698
0.0132296432
0.0131818182
0.0132588739
0.0132478287
0.0131844641
0.0133529412
0.0132781256
0.0131061208
0.0131177347
0.0127654493
0.0130147733
0.0130195201
0.0129398709
0.0130186184
0.0130238943
0.0130111336
0.013091242
0.0131047813
0.0131213287
0.0132108691
0.0132652227
0.0132486222
0.0133412079
0.0133381221
0.0135023377
0.0134514191
0.0135279958
0.0135885619
0.0135050897
0.0132760584
0.0132337488
0.0131323215
0.0130670051
0.0130615776
0.0130366014
0.0130196317
0.0129965684
0.0131436453
0.0131335372
0.0131834514
0.0132006173
0.013301828
0.0132823006
0.0133672939
0.0132836285
0.0132317826
0.0131748151
0.0130630999
0.0130458248
0.0130818636
0.0131072121
0.0131204585
0.0131477319
0.0132035776
0.0132399674
0.013167037
0.0131977333
0.013197556
0.0133025736
0.0133511184
0.013242116
0.013266347
0.0132861219
0.0133241139
0.0132468985
0.0131907561
0.0131848552
0.0130840744
0.0131687785
0.0131057091
0.0129870785
0.0129688602
0.0128996803
0.0130595071
0.0131543557
0.0131609599
0.0130812968
0.0131267493
0.0129726776
0.013004779
0.0129429907
0.0129255425
0.0128271679
0.012898188
0.0128822706
0.012754
0.0127426118
0.0126273298
0.0125485897
0.012486089
0.0124868094
0.0124382685
0.0124568062
0.0123497104
0.0124218828
0.0123707541
0.0121795757
0.0121392692
0.01211624
0.0122097416
0.0124233313
0.0123385968
0.0121585728
0.0119895133
0.0120724926
0.0119722772
0.0118740689
0.0118961245
0.0119055649
0.0118326261
0.0118503469
0.0119000795
0.0121321471
0.0121209395
0.0119886815
0.0119455755
0.0120589116
0.0121154038
0.0120860795
0.0120664353
0.0120634291
0.0120522016
0.0120589988
0.0122201176
0.0122453658
0.01241853
0.0123824326
0.0122948374
0.0123221945
0.0124514125
0.0122335276
0.0122006344
0.0121943948
0.0121508574
0.012255243
0.0121789422
0.0120777559
0.0121739986
0.0121910553
0.0123723457
0.0122704458
0.0123065535
0.0122857425
0.0124569609
0.0124351456
0.0125362681
0.0125781563
0.0125122561
0.0124857912
0.0125473305
0.0125228299
0.0125845874
0.0128077666
0.0128946026
0.0128639935
0.0127392235
0.0129312115
0.0129380913
0.0129256743
0.0128850881
0.0129110678
0.0130163463
0.013177686
0.013281737
0.0133232471
0.0132099022
0.0129970174
0.012869877
0.0129850438
0.0129374871
0.0129489156
0.0129286814
0.0129217053
0.013013418
0.0129613294
0.0128959691
0.0128169588
0.0127950374
0.0127622665
0.0129373005
0.0128978379
0.0128568499
0.0130285478
0.0127622734
0.0128228106
0.0126843598
0.0126907102
0.0126855231
0.0127980436
0.0128102041
0.0128345573
0.0127949868
0.0128781534
0.0128117707
0.0128838343
0.0128125317
0.0128172999
0.012818136
0.0128870674
0.0129691791
0.0130613704
0.0130113983
0.0129020202
0.0128086948
0.0128237536
0.0128300752
0.0128059283
0.0128698016
0.0127022169
0.0127840512
0.0126632114
0.0126757482
0.0126083937
0.012671294
0.0126769933
0.0125922253
0.0125259618
0.012454339
0.0124352127
0.0124483543
0.0124370743
0.0125464481
0.0126549464
0.0126041253
0.0125744828
0.012572782
0.0125444488
0.01263649
0.012591716
0.0125924101
0.0125754289
0.0126393978
0.0124420432
0.0125061089
0.0124751025
0.0125058343
0.0125295093
0.0125335538
0.0123979047
0.0123497374
0.0123925962
0.012431063
0.012489241
0.0124934101
0.0125726872
0.0125626223
0.0126495474
0.0126292047
0.0126241763
0.0126024973
0.0125884434
0.0125542406
0.0125247768
0.0124040621
0.0124780488
0.0125092973
0.0125247476
0.012469691
0.0125068601
0.0124268519
0.0124896511
0.0124409603
0.0123895543
0.0125178784
0.0124540304
0.0124382011
0.0124565066
0.0123906995
0.0125172173
0.0125312531
0.012558
0.0125182445
0.0124374439
0.012353175
0.0124249676
0.0123591934
0.0124785643
0.0125304452
0.0125777422
0.0125809676
0.0126159703
0.0125095248
0.0123633263
0.0122992189
0.0122846031
0.0122089195
0.0120905194
0.0120979649
0.0120390757
0.0121001888
0.0120842022
0.0121186861
0.0120969023
0.0120347567
0.0120850726
0.0121240079
0.0120329071
0.0120390757
0.0120128586
0.0119790741
0.0119638982
0.0118300718
0.0117971443
0.0118105657
0.0117501723
0.0117144546
0.0116931583
0.0117102795
0.01179589
0.0116960745
0.0117186259
0.011618773
0.0115739727
0.0115569041
0.0114832869
0.0114602386
0.0113304382
0.0113453578
0.0111653357
0.0112444532
0.0113157635
0.0112283993
0.0111726449
0.0110294985
0.0110155481
0.0111012696
0.0111421245
0.0109747932
0.0110265065
0.011065647
0.0112017082
0.0112872277
0.0111383011
0.0110834258
0.0110839372
0.0110714286
0.011002004
0.0109183368
0.0107897364
0.0107858997
0.0106930594
0.0106667331
0.0106821133
0.0108166132
0.0107609461
0.0107498747
0.0107119968
0.0107666099
0.0107736476
0.0107698533
0.0108293671
0.0108612975
0.0109756346
0.010940503
0.0109750846
0.0112001644
0.0111594054
0.0111435924
0.0109756348
0.0110319258
0.0110029802
0.0109853487
0.010842766
0.0107413882
0.0106523077
0.0106936179
0.010697555
0.010666803
0.0106737336
0.0107219552
0.0108273381
0.0107176543
0.0107930328
0.0108239624
0.0108599734
0.0107679788
0.0107686833
0.0108061401
0.0108017908
0.0108914413
0.0108490566
0.0109120389
0.0105328741
0.0104732343
0.0103160363
0.0102530745
0.010175581
0.0101434633
0.010236045
0.0104188803
0.0104804743
0.0105444273
0.0104522149
0.0103531828
0.0103325806
0.0103345649
0.0103360049
0.010264124
0.0103843807
0.010338605
0.0103294378
0.0103670835
0.0102822296
0.0101693378
0.0101420512
0.0101477238
0.0101403649
0.0100882029
0.0099615424
0.0099141241
0.009921875
0.009929771
0.0099522212
0.009972265
0.0100082018
0.0100164086
0.0100010358
0.0101164948
0.0102294337
0.0102327265
0.0101588125
0.0102642761
0.0102164502
0.0102640845
0.0103693036
0.0103395797
0.0104469736
0.0106034836
0.0104887026
0.0103252779
0.0105177862
0.0106600122
0.0107660224
0.0107976396
0.0107284768
0.0107028461
0.0107115914
0.0105770227
0.0106779484
0.0107615441
0.0107454851
0.0107299194
0.010667435
0.0105978947
0.0105224507
0.010464455
0.0105080467
0.0105046257
0.0104816854
0.010489688
0.0104167105
0.0104855491
0.0104843068
0.010461155
0.0104294351
0.0104628957
0.010468311
0.0103356542
0.0103355427
0.0103758389
0.0103242409
0.0102719967
0.0103197943
0.010484269
0.0104815689
0.0104973229
0.0104650206
0.0104138216
0.0104921607
0.0105112517
0.0106089212
0.0107800458
0.0107180439
0.0106684492
0.0106747708
0.0105344222
0.0105183808
0.0105556703
0.0105969995
0.0105531431
0.0106663207
0.0107019743
0.0106797138
0.0106498423
0.0106517397
0.0107934509
0.0107394588
0.0107032319
0.01072
0.0106215047
0.0106060925
0.0105255429
0.0104999475
0.010500208
0.010410618
0.0103145695
0.0103233471
0.0104108599
0.0104104632
0.0104243238
0.0103789517
0.010410267
0.0103043345
0.0103540187
0.0103998355
0.0104149506
0.0104471922
0.0104200206
0.010477172
0.0104807989
0.0105382787
0.0106012397
0.0106130664
0.0105864166
0.0106424667
0.0106712867
0.0106870388
0.0105835323
0.0105344541
0.0105289308
0.0105206929
0.0104643226
0.0105125566
0.0105143504
0.0104890857
0.0104906398
0.0106704027
0.0107067653
0.010719883
0.0106925729
0.0106615723
0.0106597658
0.0106080517
0.010565703
0.0105659787
0.0106064408
0.0105648775
0.0106081505
0.0105990348
0.0105585246
0.0105369691
0.0105260406
0.0104828742
0.0104265106
0.0104182311
0.010465165
0.0104388715
0.0104079916
0.0104058185
0.0103821387
0.0104178097
0.0103771986
0.0103416905
0.0103740304
0.0103146593
0.0104158669
0.010475834
0.0104597701
0.0103568765
0.0103021277
0.0103248063
0.0103519559
0.0103147597
0.0102715028
0.0102751323
0.0103342884
0.0103204514
0.0102464526
0.0102495202
0.010202717
0.0101815287
0.0101817795
0.010167128
0.010176414
0.0101331062
0.0100967159
0.0100818191
0.0101478881
0.0101527527
0.0102363965
0.0102902914
0.0102982494
0.0103547792
0.0104661294
0.0105323194
0.0105172225
0.0104548934
0.0104665137
0.0105109649
0.0105238356
0.0105286827
0.0106045842
0.0107857143
0.0108155361
0.0108352745
0.0108433735
0.0109211553
0.0108606832
0.0108653633
0.0109652724
0.0108921851
0.0109264184
0.0108573009
0.010788835
0.0108049912
0.0107347433
0.0107173459
0.0107350521
0.0107758148
0.0107563302
0.0106917688
0.010824845
0.0108545394
0.0108400089
0.0108006645
0.0108466312
0.0108453838
0.0109100022
0.0108301094
0.0109421818
0.0108659931
0.0107897934
0.01066191
0.0107341688
0.010754717
0.010777087
0.0108233333
0.0108651399
0.0109490509
0.0108765337
0.0109751753
0.0109763446
0.010970208
0.0109530743
0.0109522211
0.0109238159
0.0108807197
0.0108237506
0.0107519628
0.0107097914
0.0106448413
0.0106251378
0.010627347
0.0106317293
0.0106350077
0.010717719
0.0106824861
0.0107598253
0.0107869356
0.0107638356
0.0108170437
0.0107579758
0.0107484041
0.0107639731
0.0107391496
0.0107419248
0.0107853519
0.0107754247
0.0108058285
0.0107621884
0.0106828146
0.0107193693
0.0107144423
0.0107302075
0.0107351813
0.0107163074
0.0107205145
0.0106631271
0.0107005884
0.010663182
0.0106663758
0.0106885674
0.0107093896
0.0107177033
0.0107303554
0.0107629428
0.0107811816
0.0107084469
0.0106586957
0.0106524099
0.0106457224
0.010685155
0.0106699913
0.0106618924
0.0106475526
0.010647168
0.010654267
0.0106747594
0.0106649169
0.0106450557
0.0106625914
0.0106585525
0.0106499566
0.0106497175
0.0106532118
0.0106252035
0.0106413741
0.0106233092
0.0105324871
0.0105312869
0.0105198711
0.0105350633
0.0105184948
0.0105237892
0.0105312
0.0104787743
0.0104722814
0.0103952401
0.0104290429
0.0104746667
0.0105135049
0.0104707637
0.0105222767
0.0105856484
0.0105441885
0.0105853869
0.0105640309
0.0106039115
0.0105905723
0.0105903188
0.0105865922
0.0105820447
0.0105545406
0.0106185121
0.0106081884
0.010626221
0.010599018
0.0105925926
0.010650371
0.010650513
0.0106719281
0.0106969631
0.0107026554
0.0107760703
0.0106879983
0.0107002188
0.0106585126
0.01063911
0.0106596881
0.0106186016
0.0106392294
0.010591133
0.010550931
0.0105298303
0.0105599473
0.0105211869
0.0104770203
0.0104613548
0.010442151
0.0104193373
0.0103910431
0.0103696858
0.0103206173
0.0103592423
0.0103518194
0.010347941
0.0102607648
0.0103255711
0.0103356225
0.0103037667
0.0102625797
0.0101640241
0.0100821738
0.0100713345
0.0101145879
0.0101717642
0.0101727766
0.0102121515
0.0102110317
0.0101939367
0.0102219482
0.010231466
0.0102998217
0.0102544186
0.0102718729
0.0103206704
0.0103177445
0.0103415179
0.0103644494
0.0104280592
0.0105108586
0.0106677194
0.0106147956
0.0105466817
0.0105558688
0.0105158686
0.0104517937
0.0103773585
0.0103930818
0.0104419206
0.0103615402
0.0103043139
0.010231751
0.0100620557
0.0099534831
0.0100376068
0.009928295
0.0099542386
0.0098955969
0.0098899353
0.0097958952
0.0097831489
0.0098192566
0.0097053844
0.0097027241
0.0096790235
0.0096358067
0.0095661507
0.0095425938
0.0095359603
0.0095333408
0.0095483146
0.0096335791
0.0096351784
0.0095853631
0.0095556568
0.0094905617
0.0094992603
0.009398127
0.0095009179
0.0095860492
0.0096809731
0.0096575974
0.0097539563
0.0098533007
0.0099116485
0.0098699942
0.0097493909
0.0097268712
0.0097056086
0.0096249419
0.0096512439
0.0096859735
0.0096513655
0.0096530446
0.0097122636
0.0096743162
0.0097002788
0.0097640291
0.0098527159
0.0099704771
0.009917042
0.009886565
0.0099976286
0.0100895202
0.0101290323
0.0102237645
0.0102230439
0.0101904648
0.0101769912
0.0101886336
0.0104824941
0.010477841
0.0105245536
0.0104918033
0.0105338962
0.0105716065
0.0106896115
0.0108344994
0.0107234524
0.010583561
0.0106896985
0.0105978869
0.0105006258
0.0105023685
0.0105238693
0.0105042335
0.0105083687
0.0104880478
0.0105401697
0.0104103645
0.0104329974
0.0105060602
0.0105369212
0.0105865324
0.0106051437
0.0104564109
0.0104688672
0.0104465849
0.0104376176
0.0104211838
0.0103765378
0.0104010996
0.0104326984
0.0103842278
0.0104582278
0.0105185185
0.0104636098
0.0105407133
0.0105169773
0.0105196629
0.0105233002
0.0105404716
0.0104696133
0.0104453897
0.0104384212
0.0104717808
0.0104608468
0.0105612887
0.0105724803
0.0105705591
0.0105350623
0.0105108846
0.010481597
0.0104481514
0.0103808691
0.0104290718
0.0104412319
0.0104748111
0.0104761305
0.0104658424
0.0103770087
0.0102393455
0.0102951261
0.0102371058
0.0102726268
0.0102055549
0.0101358893
0.0102276878
0.0101754811
0.0101106301
0.0100886228
0.0101051868
0.0101266748
0.0100787211
0.0100433369
0.0100650054
0.0101421628
0.0101015842
0.0100798645
0.0099988018
0.0100238749
0.0100732029
0.010074582
0.0101311475
0.0101356802
0.010068351
0.010076848
0.010124216
0.0101329722
0.010114371
0.010081179
0.0100635593
0.01004363
0.0100489458
0.009987613
0.0100124517
0.0100199626
0.0099438342
0.0099452736
0.0099223181
0.0100036841
0.0099667283
0.0099778434
0.0099716888
0.0099987662
0.0099137931
0.0099388604
0.0100135069
0.0099852235
0.0099568328
0.009990088
0.0099901222
0.0099642108
0.0101202281
0.0102234428
0.0102136484
0.0101894605
0.0102415094
0.0103056327
0.0104297373
0.0105597348
0.0104859433
0.0103561888
0.0103287881
0.0103313368
0.0104477805
0.0104377104
0.0104742107
0.0104507079
0.0104448468
0.0104920594
0.0105237103
0.0105799948
0.0105787278
0.010462951
0.0104165592
0.0104577373
0.0105189725
0.010618177
0.0105880809
0.0105605381
0.010538411
0.0105686146
0.0104463821
0.0104937623
0.010464332
0.0105100039
0.010518683
0.0105221146
0.0105084303
0.0106136423
0.0106103471
0.0108002106
0.0110789752
0.0111069668
0.011154307
0.0108795991
0.0108823141
0.0108943197
0.0109988141
0.0110443206
0.0109876055
0.0111480843
0.0111510313
0.0110366257
0.0109217138
0.0109595559
0.0109805221
0.0110658349
0.0110127253
0.0109168752
0.0109105305
0.010973172
0.0110178926
0.0110647902
0.0110993996
0.0111657097
0.0110351719
0.0111413696
0.0112404144
0.0111905718
0.0110770659
0.0110190074
0.0108737228
0.0108423523
0.0108794363
0.0108594869
0.0107471562
0.010811722
0.0108582575
0.0108832685
0.0108588326
0.0108274079
0.0108827353
0.0108265213
0.0109310254
0.0108552718
0.0108600026
0.0108607096
0.0110113998
0.0108726415
0.0108700803
0.0108287582
0.010851454
0.0107958704
0.010832236
0.0108026316
0.0108038328
0.0107848606
0.0107591415
0.0107993626
0.0108369927
0.0108506667
0.0108283313
0.0107895087
0.0108176353
0.0108144015
0.0108545527
0.0108652691
0.0108674827
0.0108434216
0.010841196
0.0108749666
0.0108424566
0.010882825
0.0108178538
0.0108976589
0.0108674699
0.010970795
0.0110531322
0.0112037541
0.0112103472
0.0113755669
0.0113804945
0.0112551384
0.0113127413
0.0113801284
0.0114627697
0.011540397
0.011516165
0.0114527074
0.0115154454
0.0114854772
0.0115528987
0.0114886552
0.0115182664
0.011503042
0.0115069252
0.0116906324
0.0117684122
0.0118813416
0.0119192913
0.0119785493
0.0121312642
0.0121423467
0.0121103803
0.0121652299
0.0124263532
0.0123851744
0.012362765
0.0125127532
0.0121483705
0.0119383135
0.0120071174
0.0118604978
0.0118234219
0.0118244382
0.0116011788
0.0115744502
0.0116720438
0.0117455048
0.0117515443
0.011870923
0.0120261438
0.01204426
0.0122203626
0.0124574379
0.0122232983
0.0120602876
0.0121654198
0.011988224
0.0120897366
0.0122645152
0.012109514
0.0122863837
0.0123412153
0.0120453312
0.0118763528
0.0119840303
0.0117776584
0.0118206266
0.0118064862
0.0116993203
0.0116850206
0.0118926516
0.0117141343
0.0118650422
0.0116186575
0.0116766308
0.0118144192
0.0117360555
0.011679022
0.011673395
0.0116956465
0.011616188
0.0117245019
0.011746326
0.0117352629
0.0116354524
0.0116033036
0.0115359647
0.0115338697
0.0116692749
0.0117305686
0.0119454689
0.0119418239
0.0121770051
0.0119862302
0.0119411841
0.0117630502
0.0117217102
0.0117520216
0.0118125802
0.0117631242
0.0116117587
0.0115126263
0.0116168426
0.0113898779
0.0113999493
0.011336196
0.0113520344
0.0115809285
0.0117526679
0.0117687586
0.0119352792
0.0120236869
0.011969697
0.0121183921
0.0119916797
0.0118536269
0.0118399075
0.011771194
0.0118804966
0.0118273196
0.0118335484
0.0117721519
0.0119433517
0.0118841912
0.0120110338
0.0119317585
0.0118691956
0.0118347193
0.0118340271
0.0117406054
0.0118336608
0.011945245
0.012033233
0.0121318482
0.0120102762
0.0119089048
0.011895566
0.0119409444
0.0119008159
0.012031669
0.0121303677
0.0122045513
0.0124231816
0.0123519567
0.012285824
0.0122444274
0.0122438276
0.0120918041
0.01268084
0.0128500393
0.0127390451
0.0126494283
0.0125762492
0.012601395
0.0125382342
0.0127458592
0.0128038961
0.0129096816
0.012980167
0.0127766837
0.0123827465
0.0124309607
0.0122263714
0.0123076923
0.0122223664
0.0122833312
0.0122283105
0.0123416482
0.0124005794
0.012479852
0.0126046757
0.0125039641
0.0125701858
0.0127679038
0.0128090623
0.0130112743
0.0128942898
0.0128608583
0.0129429588
0.012825944
0.012876083
0.0128741031
0.0127672548
0.012794822
0.0127606252
0.0128106927
0.0128350715
0.0127796957
0.0128541989
0.0129022654
0.012871517
0.0128654517
0.0128600983
0.0128037868
0.0127547563
0.0126842656
0.0127077044
0.0126910473
0.0124954534
0.0125119586
0.0125706215
0.0126660647
0.0126130783
0.0126834354
0.012829128
0.0128923442
0.0128720317
0.0128599606
0.0129183188
0.0129738648
0.0130148227
0.0130941704
0.0129520825
0.0130306619
0.0131616482
0.0131646406
0.0131403648
0.012983585
0.0129302204
0.0129167213
0.0128275225
0.0127222442
0.0127063796
0.0128833134
0.0127012782
0.0127924828
0.0126867055
0.0127493724
0.0126446607
0.0126335828
0.0126215756
0.0127019937
0.0126963178
0.0128224947
0.0128437542
0.0127876283
0.0127782975
0.0127179007
0.0127020878
0.0127646744
0.012842232
0.0129454254
0.013003349
0.0130024148
0.0128158458
0.0126863085
0.0127304441
0.0126068836
0.0126717969
0.0125566563
0.0123717172
0.0122843729
0.0122665409
0.0121884704
0.0120802577
0.0121260267
0.0119822006
0.0119044405
0.0119440314
0.0119300362
0.0119218372
0.0117471172
0.0116404584
0.0116857067
0.0116666667
0.011661796
0.0116397351
0.0115758858
0.0114240548
0.0114161964
0.0113772298
0.0114128006
0.0113304836
0.0113408939
0.0114760246
0.0113487502
0.0114013678
0.0114761841
0.011552938
0.0115362789
0.0115444068
0.0115474413
0.0115986486
0.0115236686
0.0114469972
0.0114341346
0.0113286341
0.0114586088
0.0113264496
0.0113727045
0.0114014001
0.0114330916
0.0115093844
0.011435884
0.0115272297
0.0115587467
0.0116580722
0.0115546667
0.0116223795
0.0117387842
0.0115700959
0.0114931417
0.0114246432
0.0114002364
0.0115299974
0.0115386621
0.0115415848
0.0115526899
0.0115524639
0.0117022951
0.011772302
0.0117739176
0.0115936516
0.0115354434
0.0114947038
0.0114336167
0.0114579244
0.0115141626
0.0116177242
0.0115756385
0.0115851092
0.0116194118
0.0116325728
0.0116740896
0.0116828437
0.0118600637
0.0117306667
0.0116967993
0.0117162778
0.0117704698
0.011767941
0.0117730401
0.0117727334
0.0117279461
0.0117107916
0.011762881
0.0117465016
0.0117619619
0.011836
0.0118643162
0.0119476705
0.0120389385
0.012011203
0.0120604359
0.0120879562
0.0120799358
0.0120403797
0.0119340689
0.0119515764
0.0120605168
0.0121180416
0.0120604027
0.0120979209
0.0120525188
0.012024016
0.0121415245
0.0121397206
0.0121820598
0.0122599547
0.0122491028
0.0123490023
0.0123683856
0.0123308169
0.0123983246
0.0123111231
0.0122565288
0.012183204
0.0122505453
0.0122525597
0.0122257139
0.0122463271
0.0122068303
0.0122046703
0.0121556804
0.0121362951
0.0120368334
0.01197514
0.012040285
0.0121012901
0.0120128275
0.0119989129
0.0122155689
0.0122545553
0.0121519502
0.0121545319
0.0120977982
0.0120228956
0.0120473819
0.0120923657
0.0120768921
0.012154592
0.0122108108
0.0121206803
0.0122090357
0.0122008086
0.0122968245
0.0123527027
0.0122627244
0.0121636877
0.0122741349
0.012025417
0.0121128436
0.0119758172
0.0119383435
0.0118622786
0.0119041932
0.01197493
0.011891713
0.0119132856
0.0118567077
0.0117403351
0.0116273
0.0116319354
0.0115614445
0.0114640489
0.0114267236
0.0114686404
0.0114224696
0.0112744342
0.0112815559
0.0113472976
0.0112393434
0.0112406063
0.0112375047
0.0112476227
0.0112931798
0.0112773998
0.0112592779
0.0112962731
0.011256728
0.0112017006
0.0111560115
0.0112470264
0.0112241851
0.0113086913
0.0113634085
0.0113611843